{
    "animation": [
        {
            "name": "Root",
            "time": [0.0, 0.1, 0.1333, 0.1667, 0.2333, 0.3333, 0.4, 0.5333, 0.5667, 0.6, 0.6333, 0.6667, 0.7, 0.7333, 0.7667, 0.8, 0.8333, 0.8667, 0.9667, 1.0333, 1.1667, 1.3333, 2.0, 2.4, 2.9667, 3.4333, 3.6667],
            "transform": [
                [1.0, 0.0, 0.0, 0.027577, 0.0, -0.0, -1.0, 0.027719, 0.0, 1.0, -0.0, 0.316258, 0.0, 0.0, 0.0, 1.0],
                [1.0, 0.0, 0.0, 0.231641, 0.0, -0.0, -1.0, 0.338495, 0.0, 1.0, -0.0, 0.304964, 0.0, 0.0, 0.0, 1.0],
                [1.0, 0.0, 0.0, 0.273827, 0.0, -0.0, -1.0, 0.44289, 0.0, 1.0, -0.0, 0.361433, 0.0, 0.0, 0.0, 1.0],
                [1.0, 0.0, 0.0, 0.293733, 0.0, -0.0, -1.0, 0.60086, 0.0, 1.0, -0.0, 0.361433, 0.0, 0.0, 0.0, 1.0],
                [1.0, 0.0, 0.0, 0.390154, 0.0, -0.0, -1.0, 1.68895, 0.0, 1.0, -0.0, 0.564719, 0.0, 0.0, 0.0, 1.0],
                [1.0, 0.0, 0.0, 0.538711, 0.0, -0.0, -1.0, 2.834919, 0.0, 1.0, -0.0, 0.587306, 0.0, 0.0, 0.0, 1.0],
                [1.0, 0.0, 0.0, 0.546937, 0.0, -0.0, -1.0, 3.413926, 0.0, 1.0, -0.0, 0.587306, 0.0, 0.0, 0.0, 1.0],
                [1.0, 0.0, 0.0, 0.538807, 0.0, -0.0, -1.0, 4.221922, 0.0, 1.0, -0.0, 0.530838, 0.0, 0.0, 0.0, 1.0],
                [1.0, 0.0, 0.0, 0.530562, 0.0, -0.0, -1.0, 4.399078, 0.0, 1.0, -0.0, 0.361433, 0.0, 0.0, 0.0, 1.0],
                [1.0, 0.0, 0.0, 0.515232, 0.0, -0.0, -1.0, 4.572489, 0.0, 1.0, -0.0, 0.361433, 0.0, 0.0, 0.0, 1.0],
                [1.0, 0.0, 0.0, 0.497998, 0.0, -0.0, -1.0, 4.703663, 0.0, 1.0, -0.0, 0.361433, 0.0, 0.0, 0.0, 1.0],
                [1.0, 0.0, 0.0, 0.474929, 0.0, -0.0, -1.0, 4.827933, 0.0, 1.0, -0.0, 0.361433, 0.0, 0.0, 0.0, 1.0],
                [1.0, 0.0, 0.0, 0.436794, 0.0, -0.0, -1.0, 4.990338, 0.0, 1.0, -0.0, 0.361433, 0.0, 0.0, 0.0, 1.0],
                [1.0, 0.0, 0.0, 0.359535, 0.0, -0.0, -1.0, 5.244145, 0.0, 1.0, -0.0, 0.361433, 0.0, 0.0, 0.0, 1.0],
                [1.0, 0.0, 0.0, 0.270769, 0.0, -0.0, -1.0, 5.458333, 0.0, 1.0, -0.0, 0.361433, 0.0, 0.0, 0.0, 1.0],
                [1.0, 0.0, 0.0, 0.213103, 0.0, -0.0, -1.0, 5.633862, 0.0, 1.0, -0.0, 0.361433, 0.0, 0.0, 0.0, 1.0],
                [1.0, 0.0, 0.0, 0.153489, 0.0, -0.0, -1.0, 5.983222, 0.0, 1.0, -0.0, 0.361433, 0.0, 0.0, 0.0, 1.0],
                [1.0, 0.0, 0.0, 0.089536, 0.0, -0.0, -1.0, 6.692467, 0.0, 1.0, -0.0, 0.361433, 0.0, 0.0, 0.0, 1.0],
                [1.0, 0.0, 0.0, -0.036464, 0.0, -0.0, -1.0, 8.01101, 0.0, 1.0, -0.0, 0.361433, 0.0, 0.0, 0.0, 1.0],
                [1.0, 0.0, 0.0, -0.120463, 0.0, -0.0, -1.0, 8.890039, 0.0, 1.0, -0.0, 0.361433, 0.0, 0.0, 0.0, 1.0],
                [1.0, 0.0, 0.0, -0.120463, 0.0, -0.0, -1.0, 8.890039, 0.0, 1.0, -0.0, 0.361433, 0.0, 0.0, 0.0, 1.0],
                [1.0, 0.0, 0.0, -0.120728, 0.0, -0.0, -1.0, 8.870902, 0.0, 1.0, -0.0, 0.375332, 0.0, 0.0, 0.0, 1.0],
                [1.0, 0.0, 0.0, -0.122185, 0.0, -0.0, -1.0, 8.765646, 0.0, 1.0, -0.0, 0.451782, 0.0, 0.0, 0.0, 1.0],
                [1.0, 0.0, 0.0, -0.0365, 0.0, -0.0, -1.0, 8.721422, 0.0, 1.0, -0.0, 0.537072, 0.0, 0.0, 0.0, 1.0],
                [1.0, 0.0, 0.0, 0.218924, 0.0, -0.0, -1.0, 8.969723, 0.0, 1.0, -0.0, 0.587775, 0.0, 0.0, 0.0, 1.0],
                [1.0, 0.0, 0.0, 0.3939, 0.0, -0.0, -1.0, 9.026773, 0.0, 1.0, -0.0, 0.552757, 0.0, 0.0, 0.0, 1.0],
                [1.0, 0.0, 0.0, 0.235502, 0.0, -0.0, -1.0, 9.185215, 0.0, 1.0, -0.0, 0.548928, 0.0, 0.0, 0.0, 1.0]
            ]
        },
        {
            "name": "Thigh_R",
            "time": [0.0, 0.1, 0.1333, 0.1667, 0.2333, 0.3333, 0.4, 0.5333, 0.5667, 0.6, 0.6333, 0.6667, 0.7, 0.7333, 0.7667, 0.8, 0.8333, 0.8667, 0.9667, 1.0333, 1.1667, 1.3333, 2.0, 2.4, 2.9667, 3.4333, 3.6667],
            "transform": [
                [-0.236916, 0.959457, 0.152685, 0.124994, 0.35055, -0.06215, 0.934479, -0.002831, 0.906083, 0.274916, -0.321614, -1.2e-05, 0.0, 0.0, 0.0, 1.0],
                [0.466721, 0.565065, 0.680348, 0.124994, 0.640644, -0.746346, 0.180395, -0.002831, 0.60971, 0.351667, -0.71034, -1.2e-05, 0.0, 0.0, 0.0, 1.0],
                [0.577273, 0.295442, 0.761229, 0.124994, 0.595471, -0.790205, -0.144884, -0.002831, 0.558722, 0.536928, -0.632091, -1.2e-05, 0.0, 0.0, 0.0, 1.0],
                [0.65951, 0.48245, 0.576444, 0.124994, 0.485575, -0.85882, 0.163235, -0.002831, 0.573814, 0.172252, -0.800666, -1.2e-05, 0.0, 0.0, 0.0, 1.0],
                [0.875948, 0.200002, -0.438993, 0.124994, 0.482254, -0.340224, 0.807266, -0.002831, 0.012098, -0.918828, -0.39447, -1.2e-05, 0.0, 0.0, 0.0, 1.0],
                [0.801773, -0.597629, -0.00022, 0.124994, 0.279944, 0.375244, 0.883642, -0.002831, -0.528008, -0.708541, 0.468164, -1.2e-05, 0.0, 0.0, 0.0, 1.0],
                [0.523386, -0.821114, 0.227681, 0.124994, 0.083029, 0.315074, 0.945428, -0.002831, -0.848041, -0.47592, 0.233081, -1.2e-05, 0.0, 0.0, 0.0, 1.0],
                [-0.098823, -0.981409, 0.164527, 0.124994, -0.048568, 0.169897, 0.984264, -0.002831, -0.993919, 0.089277, -0.064454, -1.2e-05, 0.0, 0.0, 0.0, 1.0],
                [-0.275422, -0.954527, 0.11411, 0.124994, -0.071753, 0.138782, 0.98772, -0.002831, -0.958642, 0.263852, -0.106713, -1.2e-05, 0.0, 0.0, 0.0, 1.0],
                [-0.439203, -0.895782, 0.06836, 0.124994, -0.090468, 0.119804, 0.988666, -0.002831, -0.893821, 0.428041, -0.133659, -1.2e-05, 0.0, 0.0, 0.0, 1.0],
                [-0.549974, -0.834067, 0.04313, 0.124994, -0.095325, 0.113993, 0.988898, -0.002831, -0.829724, 0.539757, -0.1422, -1.2e-05, 0.0, 0.0, 0.0, 1.0],
                [-0.644441, -0.764302, 0.023181, 0.124994, -0.092876, 0.108329, 0.989767, -0.002831, -0.758993, 0.635693, -0.140797, -1.2e-05, 0.0, 0.0, 0.0, 1.0],
                [-0.755341, -0.655289, -0.007547, 0.124994, -0.086928, 0.088773, 0.992251, -0.002831, -0.649542, 0.750144, -0.124017, -1.2e-05, 0.0, 0.0, 0.0, 1.0],
                [-0.896126, -0.434502, -0.090366, 0.124994, -0.078714, -0.04478, 0.995891, -0.002831, -0.436764, 0.899556, 0.005927, -1.2e-05, 0.0, 0.0, 0.0, 1.0],
                [-0.975467, -0.191568, -0.108471, 0.124994, -0.03028, -0.371286, 0.928024, -0.00283, -0.218054, 0.908541, 0.356377, -1.2e-05, 0.0, 0.0, 0.0, 1.0],
                [-0.996306, -0.075367, 0.041154, 0.124994, 0.074225, -0.514846, 0.854063, -0.002831, -0.043181, 0.853963, 0.518539, -1.2e-05, 0.0, 0.0, 0.0, 1.0],
                [-0.94625, 0.095029, 0.309161, 0.124994, 0.276796, -0.256551, 0.926049, -0.002831, 0.167317, 0.961847, 0.216458, -1.2e-05, 0.0, 0.0, 0.0, 1.0],
                [-0.852084, 0.381325, 0.35853, 0.124994, 0.407637, 0.053815, 0.911557, -0.002831, 0.328306, 0.922873, -0.201298, -1.2e-05, 0.0, 0.0, 0.0, 1.0],
                [-0.599215, 0.464963, 0.651729, 0.124994, 0.612304, -0.258292, 0.74724, -0.002831, 0.515776, 0.846814, -0.129927, -1.1e-05, 0.0, 0.0, 0.0, 1.0],
                [-0.386057, 0.447996, 0.806387, 0.124994, 0.67142, -0.462982, 0.578656, -0.002831, 0.632578, 0.764818, -0.122056, -1.1e-05, 0.0, 0.0, 0.0, 1.0],
                [-0.386057, 0.447996, 0.806387, 0.124994, 0.67142, -0.462982, 0.578656, -0.002831, 0.632578, 0.764818, -0.122056, -1.1e-05, 0.0, 0.0, 0.0, 1.0],
                [-0.372004, 0.453304, 0.810018, 0.124994, 0.652273, -0.493212, 0.575571, -0.002831, 0.660419, 0.742467, -0.112201, -1.1e-05, 0.0, 0.0, 0.0, 1.0],
                [-0.292037, 0.472436, 0.831576, 0.124994, 0.528244, -0.645148, 0.552034, -0.002831, 0.797291, 0.600489, -0.061155, -1.1e-05, 0.0, 0.0, 0.0, 1.0],
                [-0.059375, 0.148201, 0.987173, 0.124994, 0.461842, -0.872634, 0.158783, -0.002831, 0.884973, 0.465346, -0.016633, -1.1e-05, 0.0, 0.0, 0.0, 1.0],
                [0.651092, 0.260932, 0.712736, 0.124994, 0.197907, -0.964929, 0.172469, -0.002831, 0.732743, 0.028762, -0.679897, -1.1e-05, 0.0, 0.0, 0.0, 1.0],
                [0.658782, 0.113802, 0.743676, 0.124994, 0.125661, -0.991251, 0.040372, -0.002831, 0.741765, 0.066855, -0.667319, -1.2e-05, 0.0, 0.0, 0.0, 1.0],
                [0.551598, 0.296482, 0.779639, 0.124994, 0.310205, -0.940569, 0.138209, -0.002831, 0.774282, 0.165613, -0.610786, -1.1e-05, 0.0, 0.0, 0.0, 1.0]
            ]
        },
        {
            "name": "Leg_R",
            "time": [0.0, 0.1, 0.1333, 0.1667, 0.2333, 0.3333, 0.4, 0.5333, 0.5667, 0.6, 0.6333, 0.6667, 0.7, 0.7333, 0.7667, 0.8, 0.8333, 0.8667, 0.9667, 1.0333, 1.1667, 1.3333, 2.0, 2.4, 2.9667, 3.4333, 3.6667],
            "transform": [
                [1.0, 0.0, 0.0, 0.0, -0.0, -0.189955, 0.981793, 0.37472, 0.0, -0.981793, -0.189955, 0.0, 0.0, 0.0, 0.0, 1.0],
                [1.0, 0.0, 0.0, -0.0, -0.0, 0.400125, 0.91646, 0.37472, 0.0, -0.916461, 0.400125, 0.0, 0.0, 0.0, 0.0, 1.0],
                [1.0, 0.0, 0.0, 0.0, -0.0, 0.738912, 0.673802, 0.37472, 0.0, -0.673802, 0.738912, -0.0, 0.0, 0.0, 0.0, 1.0],
                [1.0, 0.0, 0.0, 0.0, -0.0, 0.35541, 0.93471, 0.37472, 0.0, -0.934711, 0.35541, -0.0, 0.0, 0.0, 0.0, 1.0],
                [1.0, 0.0, 0.0, 0.0, -0.0, 0.940455, 0.339917, 0.37472, 0.0, -0.339917, 0.940455, 0.0, 0.0, 0.0, 0.0, 1.0],
                [1.0, 0.0, 0.0, -0.0, -0.0, 0.545308, 0.838236, 0.37472, 0.0, -0.838235, 0.545308, 0.0, 0.0, 0.0, 0.0, 1.0],
                [1.0, 0.0, 0.0, 0.0, -0.0, 0.292492, 0.956268, 0.37472, 0.0, -0.956268, 0.292492, 0.0, 0.0, 0.0, 0.0, 1.0],
                [1.0, 0.0, 0.0, 0.0, -0.0, -0.155741, 0.987798, 0.37472, 0.0, -0.987798, -0.155741, 0.0, 0.0, 0.0, 0.0, 1.0],
                [1.0, 0.0, 0.0, -0.0, -0.0, -0.300486, 0.953786, 0.37472, 0.0, -0.953786, -0.300486, -0.0, 0.0, 0.0, 0.0, 1.0],
                [1.0, 0.0, 0.0, -0.0, -0.0, -0.433726, 0.901045, 0.37472, 0.0, -0.901045, -0.433726, 0.0, 0.0, 0.0, 0.0, 1.0],
                [1.0, 0.0, 0.0, -0.0, -0.0, -0.519829, 0.85427, 0.37472, 0.0, -0.85427, -0.519829, -0.0, 0.0, 0.0, 0.0, 1.0],
                [1.0, 0.0, 0.0, 0.0, -0.0, -0.588456, 0.808529, 0.37472, 0.0, -0.808529, -0.588456, -0.0, 0.0, 0.0, 0.0, 1.0],
                [1.0, 0.0, 0.0, 0.0, -0.0, -0.651969, 0.758245, 0.37472, 0.0, -0.758245, -0.651969, -0.0, 0.0, 0.0, 0.0, 1.0],
                [1.0, 0.0, 0.0, -0.0, -0.0, -0.618828, 0.785526, 0.37472, 0.0, -0.785526, -0.618828, -0.0, 0.0, 0.0, 0.0, 1.0],
                [1.0, 0.0, 0.0, -0.0, -0.0, -0.267083, 0.963674, 0.37472, 0.0, -0.963673, -0.267083, 0.0, 0.0, 0.0, 0.0, 1.0],
                [1.0, 0.0, 0.0, 0.0, -0.0, 0.035261, 0.999378, 0.37472, 0.0, -0.999378, 0.035261, -0.0, 0.0, 0.0, 0.0, 1.0],
                [1.0, 0.0, 0.0, 0.0, -0.0, 0.157568, 0.987508, 0.374721, 0.0, -0.987508, 0.157568, 0.0, 0.0, 0.0, 0.0, 1.0],
                [1.0, 0.0, 0.0, 0.0, -0.0, 0.216779, 0.976221, 0.374721, 0.0, -0.97622, 0.216779, 0.0, 0.0, 0.0, 0.0, 1.0],
                [1.0, 0.0, 0.0, 0.0, -0.0, 0.464955, 0.885334, 0.374721, 0.0, -0.885334, 0.464955, -0.0, 0.0, 0.0, 0.0, 1.0],
                [1.0, 0.0, 0.0, -0.0, -0.0, 0.613092, 0.790011, 0.37472, 0.0, -0.790011, 0.613092, 0.0, 0.0, 0.0, 0.0, 1.0],
                [1.0, 0.0, 0.0, -0.0, -0.0, 0.613092, 0.790011, 0.37472, 0.0, -0.790011, 0.613092, 0.0, 0.0, 0.0, 0.0, 1.0],
                [1.0, 0.0, 0.0, -0.0, -0.0, 0.621841, 0.783143, 0.374719, 0.0, -0.783144, 0.621841, -0.0, 0.0, 0.0, 0.0, 1.0],
                [1.0, 0.0, 0.0, -0.0, -0.0, 0.668561, 0.743657, 0.37472, 0.0, -0.743658, 0.668561, 0.0, 0.0, 0.0, 0.0, 1.0],
                [1.0, 0.0, -0.0, 1e-06, -0.0, 0.92471, 0.380673, 0.374721, 0.0, -0.380673, 0.924709, -0.0, 0.0, 0.0, 0.0, 1.0],
                [1.0, 0.0, -0.0, -1e-06, -0.0, 0.95302, 0.302907, 0.37472, 0.0, -0.302907, 0.953019, -0.0, 0.0, 0.0, 0.0, 1.0],
                [1.0, 0.0, -0.0, 1e-06, -0.0, 0.951026, 0.309112, 0.37472, 0.0, -0.309113, 0.951025, -0.0, 0.0, 0.0, 0.0, 1.0],
                [1.0, 0.0, 0.0, 0.0, -0.0, 0.939723, 0.341937, 0.37472, -0.0, -0.341938, 0.939722, -1e-06, 0.0, 0.0, 0.0, 1.0]
            ]
        },
        {
            "name": "Knee_R",
            "time": [0.0, 0.1, 0.1667, 0.2333, 0.3333, 0.4, 0.5333, 0.8667, 0.9667, 1.0333, 1.1667, 1.3333, 2.0, 2.4, 2.9667, 3.4333, 3.6667],
            "transform": [
                [1.0, 0.0, -0.0, 0.0, -0.0, 0.0, -1.0, 0.37472, -0.0, 1.0, 0.0, 0.0, 0.0, 0.0, 0.0, 1.0],
                [1.0, 0.0, -1e-06, -0.0, -0.0, 0.0, -1.0, 0.37472, -0.0, 1.0, 0.0, 0.0, 0.0, 0.0, 0.0, 1.0],
                [1.0, 0.0, -1e-06, 0.0, -0.0, 0.0, -1.0, 0.37472, -0.0, 1.0, 0.0, -0.0, 0.0, 0.0, 0.0, 1.0],
                [1.0, 0.0, -0.0, 0.0, -0.0, 0.0, -1.0, 0.37472, -0.0, 1.0, 0.0, 0.0, 0.0, 0.0, 0.0, 1.0],
                [1.0, 0.0, -0.0, -0.0, -0.0, 0.0, -1.0, 0.37472, -0.0, 1.0, 0.0, 0.0, 0.0, 0.0, 0.0, 1.0],
                [1.0, 0.0, -0.0, 0.0, -0.0, 0.0, -1.0, 0.37472, -0.0, 1.0, 0.0, 0.0, 0.0, 0.0, 0.0, 1.0],
                [1.0, 0.0, -0.0, 0.0, -0.0, 0.0, -1.0, 0.37472, -0.0, 1.0, 0.0, 0.0, 0.0, 0.0, 0.0, 1.0],
                [1.0, 0.0, -0.0, 0.0, -0.0, 0.0, -1.0, 0.374721, -0.0, 1.0, 0.0, 0.0, 0.0, 0.0, 0.0, 1.0],
                [1.0, 0.0, -0.0, 0.0, -1e-06, 0.0, -1.0, 0.374721, -0.0, 1.0, 0.0, -0.0, 0.0, 0.0, 0.0, 1.0],
                [1.0, 0.0, -0.0, -0.0, -1e-06, 0.0, -1.0, 0.37472, -0.0, 1.0, 0.0, 0.0, 0.0, 0.0, 0.0, 1.0],
                [1.0, 0.0, -0.0, -0.0, -1e-06, 0.0, -1.0, 0.37472, -0.0, 1.0, 0.0, 0.0, 0.0, 0.0, 0.0, 1.0],
                [1.0, 0.0, -0.0, -0.0, -1e-06, 0.0, -1.0, 0.374719, -0.0, 1.0, 0.0, -0.0, 0.0, 0.0, 0.0, 1.0],
                [1.0, 0.0, -0.0, -0.0, -0.0, 0.0, -1.0, 0.37472, -0.0, 1.0, 0.0, 0.0, 0.0, 0.0, 0.0, 1.0],
                [1.0, 0.0, -0.0, 1e-06, -0.0, 0.0, -1.0, 0.374721, -0.0, 1.0, 0.0, -0.0, 0.0, 0.0, 0.0, 1.0],
                [1.0, 0.0, -0.0, -1e-06, -0.0, 0.0, -1.0, 0.37472, -0.0, 1.0, 0.0, -0.0, 0.0, 0.0, 0.0, 1.0],
                [1.0, 0.0, -0.0, 1e-06, -0.0, 0.0, -1.0, 0.37472, -0.0, 1.0, 0.0, -0.0, 0.0, 0.0, 0.0, 1.0],
                [1.0, 0.0, -0.0, 0.0, -0.0, 0.0, -1.0, 0.37472, -0.0, 1.0, 0.0, -1e-06, 0.0, 0.0, 0.0, 1.0]
            ]
        },
        {
            "name": "Thigh_L",
            "time": [0.0, 0.1, 0.1333, 0.1667, 0.2333, 0.3333, 0.4, 0.5333, 0.5667, 0.6, 0.6333, 0.6667, 0.7, 0.7333, 0.7667, 0.8, 0.8333, 0.8667, 0.9667, 1.0333, 1.1667, 1.3333, 2.0, 2.4, 2.9667, 3.4333, 3.6667],
            "transform": [
                [0.32449, 0.552503, 0.767754, -0.125006, -0.742203, -0.354453, 0.568769, -0.002831, 0.586379, -0.754389, 0.295053, -1.2e-05, 0.0, 0.0, 0.0, 1.0],
                [0.868684, 0.400771, 0.291154, -0.125006, -0.265391, -0.119764, 0.956674, -0.002831, 0.418277, -0.908316, 0.002324, -1.2e-05, 0.0, 0.0, 0.0, 1.0],
                [0.936811, 0.29392, 0.189725, -0.125006, -0.14562, -0.165487, 0.975402, -0.002831, 0.318088, -0.941395, -0.11223, -1.2e-05, 0.0, 0.0, 0.0, 1.0],
                [0.976346, 0.189649, 0.103836, -0.125006, -0.029095, -0.360636, 0.932253, -0.002831, 0.214248, -0.913222, -0.346588, -1.2e-05, 0.0, 0.0, 0.0, 1.0],
                [0.914209, -0.184017, -0.361052, -0.125006, -0.188177, -0.981843, 0.023937, -0.002831, -0.358901, 0.046059, -0.932238, -1.2e-05, 0.0, 0.0, 0.0, 1.0],
                [0.248399, -0.199225, -0.947948, -0.125006, -0.480619, -0.875013, 0.057955, -0.002831, -0.841013, 0.441206, -0.313103, -1.2e-05, 0.0, 0.0, 0.0, 1.0],
                [-0.286332, -0.564215, -0.774387, -0.125006, -0.377248, -0.676554, 0.632423, -0.002831, -0.880737, 0.473219, -0.01913, -1.2e-05, 0.0, 0.0, 0.0, 1.0],
                [-0.848471, -0.472162, -0.239081, -0.125006, -0.077303, -0.336333, 0.938565, -0.002831, -0.523565, 0.814827, 0.24887, -1.2e-05, 0.0, 0.0, 0.0, 1.0],
                [-0.933367, -0.327161, -0.147618, -0.125006, -0.044249, -0.303256, 0.951881, -0.002831, -0.356184, 0.894987, 0.268573, -1.1e-05, 0.0, 0.0, 0.0, 1.0],
                [-0.983251, -0.170795, -0.063608, -0.125006, -0.014288, -0.275693, 0.96114, -0.002831, -0.181694, 0.94595, 0.268635, -1.2e-05, 0.0, 0.0, 0.0, 1.0],
                [-0.998473, -0.055179, -0.002809, -0.125006, 0.011592, -0.258914, 0.965831, -0.002831, -0.054021, 0.964323, 0.259158, -1.2e-05, 0.0, 0.0, 0.0, 1.0],
                [-0.997845, 0.045908, 0.046876, -0.125006, 0.03424, -0.245081, 0.968898, -0.002831, 0.055969, 0.968415, 0.242981, -1.2e-05, 0.0, 0.0, 0.0, 1.0],
                [-0.981077, 0.17254, 0.087847, -0.125006, 0.047089, -0.22746, 0.972648, -0.002831, 0.187803, 0.95838, 0.215031, -1.1e-05, 0.0, 0.0, 0.0, 1.0],
                [-0.943879, 0.329459, 0.023427, -0.125006, -0.047285, -0.204984, 0.977622, -0.002831, 0.326889, 0.921649, 0.209059, -1.1e-05, 0.0, 0.0, 0.0, 1.0],
                [-0.904981, 0.357911, -0.23002, -0.125006, -0.340245, -0.284255, 0.896344, -0.002831, 0.255427, 0.889437, 0.379023, -1.2e-05, 0.0, 0.0, 0.0, 1.0],
                [-0.823958, 0.461799, -0.328381, -0.125006, -0.537701, -0.454327, 0.710257, -0.002831, 0.178804, 0.761793, 0.622656, -1.2e-05, 0.0, 0.0, 0.0, 1.0],
                [-0.681664, 0.725823, 0.092275, -0.125006, -0.714008, -0.687441, 0.132731, -0.002831, 0.159773, 0.024593, 0.986847, -1.2e-05, 0.0, 0.0, 0.0, 1.0],
                [-0.579143, 0.550363, 0.601409, -0.125006, -0.783198, -0.580372, -0.22309, -0.002831, 0.22626, -0.600224, 0.767161, -1.1e-05, 0.0, 0.0, 0.0, 1.0],
                [-0.124263, 0.732176, 0.669684, -0.125006, -0.776373, -0.492033, 0.393889, -0.002831, 0.617903, -0.470979, 0.629583, -1.1e-05, 0.0, 0.0, 0.0, 1.0],
                [0.16521, 0.824072, 0.541859, -0.125006, -0.572076, -0.367468, 0.733278, -0.002831, 0.803389, -0.43113, 0.410722, -1.1e-05, 0.0, 0.0, 0.0, 1.0],
                [0.16521, 0.824072, 0.541859, -0.125006, -0.572076, -0.367468, 0.733278, -0.002831, 0.803389, -0.43113, 0.410722, -1.1e-05, 0.0, 0.0, 0.0, 1.0],
                [0.152431, 0.787913, 0.596621, -0.125006, -0.57319, -0.421299, 0.702823, -0.002831, 0.80512, -0.449109, 0.387405, -1.1e-05, 0.0, 0.0, 0.0, 1.0],
                [0.083496, 0.526623, 0.845988, -0.125006, -0.564963, -0.674314, 0.475517, -0.00283, 0.820881, -0.517656, 0.24122, -1.1e-05, 0.0, 0.0, 0.0, 1.0],
                [0.522522, 0.429833, 0.736353, -0.125006, -0.103871, -0.825105, 0.555348, -0.002831, 0.846276, -0.366667, -0.386488, -1.2e-05, 0.0, 0.0, 0.0, 1.0],
                [0.808593, -0.018551, 0.588076, -0.125006, -0.080536, -0.993585, 0.079393, -0.002831, 0.582831, -0.111558, -0.804899, -1.1e-05, 0.0, 0.0, 0.0, 1.0],
                [0.913653, -0.163327, 0.372239, -0.125007, -0.272778, -0.925276, 0.263545, -0.002831, 0.30138, -0.342328, -0.889933, -1.1e-05, 0.0, 0.0, 0.0, 1.0],
                [0.891138, 0.020587, 0.453266, -0.125006, -0.161689, -0.918981, 0.359625, -0.002831, 0.423946, -0.393764, -0.81561, -1.1e-05, 0.0, 0.0, 0.0, 1.0]
            ]
        },
        {
            "name": "Leg_L",
            "time": [0.0, 0.1, 0.1333, 0.1667, 0.2333, 0.3333, 0.4, 0.5333, 0.5667, 0.6, 0.6333, 0.6667, 0.7, 0.7333, 0.7667, 0.8, 0.8333, 0.8667, 0.9667, 1.0333, 1.1667, 1.3333, 2.0, 2.4, 2.9667, 3.4333, 3.6667],
            "transform": [
                [1.0, 0.0, 0.0, 0.0, -0.0, 0.484786, 0.874633, 0.37472, -0.0, -0.874633, 0.484786, 0.0, 0.0, 0.0, 0.0, 1.0],
                [1.0, -0.0, 1e-06, 0.0, -0.0, -0.08699, 0.996209, 0.37472, -0.0, -0.996209, -0.08699, 0.0, 0.0, 0.0, 0.0, 1.0],
                [1.0, -0.0, 0.0, -0.0, -1e-06, -0.14715, 0.989115, 0.37472, 0.0, -0.989114, -0.147151, -0.0, 0.0, 0.0, 0.0, 1.0],
                [1.0, -0.0, 1e-06, 0.0, -0.0, -0.107211, 0.994237, 0.37472, -0.0, -0.994236, -0.107212, -0.0, 0.0, 0.0, 0.0, 1.0],
                [1.0, 0.0, 0.0, 0.0, -0.0, 0.611903, 0.790932, 0.37472, -0.0, -0.790933, 0.611903, -0.0, 0.0, 0.0, 0.0, 1.0],
                [1.0, 0.0, 0.0, -0.0, -0.0, 0.668069, 0.744099, 0.37472, -0.0, -0.7441, 0.668068, -0.0, 0.0, 0.0, 0.0, 1.0],
                [1.0, 0.0, 1e-06, 0.0, -1e-06, 0.188779, 0.982019, 0.37472, -0.0, -0.982019, 0.188779, -0.0, 0.0, 0.0, 0.0, 1.0],
                [1.0, -0.0, 0.0, 0.0, -1e-06, -0.473841, 0.880611, 0.37472, -0.0, -0.88061, -0.473841, 0.0, 0.0, 0.0, 0.0, 1.0],
                [1.0, -0.0, 1e-06, -0.0, -1e-06, -0.596588, 0.802548, 0.37472, 0.0, -0.802547, -0.596588, -0.0, 0.0, 0.0, 0.0, 1.0],
                [1.0, -0.0, 0.0, -0.0, -0.0, -0.695066, 0.718946, 0.374719, 0.0, -0.718946, -0.695067, 0.0, 0.0, 0.0, 0.0, 1.0],
                [1.0, -0.0, 0.0, -0.0, -0.0, -0.75186, 0.659324, 0.37472, 0.0, -0.659323, -0.75186, 0.0, 0.0, 0.0, 0.0, 1.0],
                [1.0, -0.0, 1e-06, 0.0, -1e-06, -0.792108, 0.610382, 0.37472, 0.0, -0.610381, -0.792108, -0.0, 0.0, 0.0, 0.0, 1.0],
                [1.0, -0.0, 0.0, -0.0, -1e-06, -0.823383, 0.567487, 0.37472, 0.0, -0.567487, -0.823383, -0.0, 0.0, 0.0, 0.0, 1.0],
                [1.0, -0.0, 1e-06, 0.0, -1e-06, -0.772299, 0.635259, 0.37472, 0.0, -0.635259, -0.772299, -0.0, 0.0, 0.0, 0.0, 1.0],
                [1.0, -0.0, 0.0, 0.0, -0.0, -0.420825, 0.907142, 0.374721, 0.0, -0.907142, -0.420825, 0.0, 0.0, 0.0, 0.0, 1.0],
                [1.0, -0.0, 0.0, 0.0, -0.0, -0.045489, 0.998965, 0.374721, -0.0, -0.998965, -0.045489, 0.0, 0.0, 0.0, 0.0, 1.0],
                [1.0, 0.0, 0.0, 0.0, -0.0, 0.411366, 0.91147, 0.37472, -0.0, -0.911471, 0.411365, 0.0, 0.0, 0.0, 0.0, 1.0],
                [1.0, 0.0, 0.0, 0.0, -0.0, 0.59981, 0.800142, 0.37472, -0.0, -0.800143, 0.59981, 0.0, 0.0, 0.0, 0.0, 1.0],
                [1.0, 0.0, 0.0, 0.0, -0.0, 0.400178, 0.916437, 0.37472, -0.0, -0.916438, 0.400178, 0.0, 0.0, 0.0, 0.0, 1.0],
                [1.0, -0.0, 0.0, 0.0, -0.0, 0.254698, 0.967021, 0.37472, -0.0, -0.96702, 0.254698, -0.0, 0.0, 0.0, 0.0, 1.0],
                [1.0, -0.0, 0.0, 0.0, -0.0, 0.254698, 0.967021, 0.37472, -0.0, -0.96702, 0.254698, -0.0, 0.0, 0.0, 0.0, 1.0],
                [1.0, -0.0, 0.0, -0.0, -0.0, 0.355393, 0.934717, 0.37472, -0.0, -0.934717, 0.355393, 0.0, 0.0, 0.0, 0.0, 1.0],
                [1.0, 0.0, 0.0, -0.0, -0.0, 0.815434, 0.57885, 0.37472, -0.0, -0.57885, 0.815434, 0.0, 0.0, 0.0, 0.0, 1.0],
                [1.0, 0.0, 0.0, -0.0, -0.0, 0.59016, 0.807287, 0.37472, -0.0, -0.807287, 0.590159, 0.0, 0.0, 0.0, 0.0, 1.0],
                [1.0, 0.0, 0.0, 0.0, -0.0, 0.916143, 0.400853, 0.37472, -0.0, -0.400853, 0.916142, 0.0, 0.0, 0.0, 0.0, 1.0],
                [1.0, 0.0, 0.0, 0.0, -0.0, 0.94853, 0.316688, 0.37472, -0.0, -0.316688, 0.948529, -1e-06, 0.0, 0.0, 0.0, 1.0],
                [1.0, 0.0, 0.0, -0.0, -0.0, 0.838335, 0.545156, 0.374721, -0.0, -0.545156, 0.838334, -0.0, 0.0, 0.0, 0.0, 1.0]
            ]
        },
        {
            "name": "Knee_L",
            "time": [0.0, 0.1, 0.1667, 0.2333, 0.3333, 0.4, 0.5333, 0.8667, 0.9667, 1.0333, 1.1667, 1.3333, 2.0, 2.4, 2.9667, 3.4333, 3.6667],
            "transform": [
                [1.0, 0.0, -0.0, 0.0, -0.0, 0.0, -1.0, 0.37472, -0.0, 1.0, 0.0, 0.0, 0.0, 0.0, 0.0, 1.0],
                [1.0, 0.0, -1e-06, 0.0, -1e-06, 0.0, -1.0, 0.37472, -0.0, 1.0, 0.0, 0.0, 0.0, 0.0, 0.0, 1.0],
                [1.0, 0.0, -0.0, 0.0, -0.0, 0.0, -1.0, 0.37472, -0.0, 1.0, 0.0, -0.0, 0.0, 0.0, 0.0, 1.0],
                [1.0, 0.0, -0.0, 0.0, -0.0, 0.0, -1.0, 0.37472, -0.0, 1.0, 0.0, -0.0, 0.0, 0.0, 0.0, 1.0],
                [1.0, 0.0, -0.0, -0.0, -0.0, 0.0, -1.0, 0.37472, -0.0, 1.0, 0.0, -0.0, 0.0, 0.0, 0.0, 1.0],
                [1.0, 0.0, -0.0, 0.0, -0.0, 0.0, -1.0, 0.37472, -0.0, 1.0, 0.0, -0.0, 0.0, 0.0, 0.0, 1.0],
                [1.0, 0.0, -0.0, 0.0, -1e-06, 0.0, -1.0, 0.37472, -0.0, 1.0, 0.0, 0.0, 0.0, 0.0, 0.0, 1.0],
                [1.0, 0.0, -1e-06, 0.0, -1e-06, 0.0, -1.0, 0.37472, -0.0, 1.0, 0.0, 0.0, 0.0, 0.0, 0.0, 1.0],
                [1.0, 0.0, -0.0, 0.0, -0.0, 0.0, -1.0, 0.37472, -0.0, 1.0, 0.0, 0.0, 0.0, 0.0, 0.0, 1.0],
                [1.0, 0.0, -0.0, 0.0, -0.0, 0.0, -1.0, 0.37472, -0.0, 1.0, 0.0, -0.0, 0.0, 0.0, 0.0, 1.0],
                [1.0, 0.0, -0.0, 0.0, -0.0, 0.0, -1.0, 0.37472, -0.0, 1.0, 0.0, -0.0, 0.0, 0.0, 0.0, 1.0],
                [1.0, 0.0, -0.0, -0.0, -0.0, 0.0, -1.0, 0.37472, -0.0, 1.0, 0.0, 0.0, 0.0, 0.0, 0.0, 1.0],
                [1.0, 0.0, -1e-06, -0.0, -0.0, 0.0, -1.0, 0.37472, -0.0, 1.0, 0.0, 0.0, 0.0, 0.0, 0.0, 1.0],
                [1.0, 0.0, -1e-06, -0.0, -1e-06, 0.0, -1.0, 0.37472, -0.0, 1.0, 0.0, 0.0, 0.0, 0.0, 0.0, 1.0],
                [1.0, 0.0, -0.0, 0.0, -0.0, 0.0, -1.0, 0.37472, -0.0, 1.0, 0.0, 0.0, 0.0, 0.0, 0.0, 1.0],
                [1.0, 0.0, -0.0, 0.0, -0.0, 0.0, -1.0, 0.37472, -0.0, 1.0, 0.0, -1e-06, 0.0, 0.0, 0.0, 1.0],
                [1.0, 0.0, -0.0, -0.0, -0.0, 0.0, -1.0, 0.374721, -0.0, 1.0, 0.0, -0.0, 0.0, 0.0, 0.0, 1.0]
            ]
        },
        {
            "name": "Torso",
            "time": [0.0, 0.1, 0.1333, 0.1667, 0.2333, 0.3333, 0.4, 0.5333, 0.5667, 0.6, 0.6333, 0.6667, 0.7, 0.7333, 0.7667, 0.8, 0.8333, 0.8667, 0.9667, 1.0333, 1.1667, 1.3333, 2.0, 2.4, 2.9667, 3.4333, 3.6667],
            "transform": [
                [0.092482, 0.462521, -0.881772, -0.0, -0.014617, 0.886102, 0.463259, 0.05, 0.995607, -0.029954, 0.088709, -0.0, 0.0, 0.0, 0.0, 1.0],
                [0.667419, 0.097004, -0.738337, -0.0, 0.0755, 0.977556, 0.196681, 0.05, 0.740845, -0.187013, 0.645116, -0.0, 0.0, 0.0, 0.0, 1.0],
                [0.770153, -0.004704, -0.637842, -0.0, 0.130107, 0.980108, 0.149867, 0.05, 0.624449, -0.198408, 0.755445, 0.0, 0.0, 0.0, 0.0, 1.0],
                [0.844324, -0.109866, -0.52445, 0.0, 0.208288, 0.969076, 0.132318, 0.05, 0.493694, -0.220955, 0.841097, -0.0, 0.0, 0.0, 0.0, 1.0],
                [0.967921, -0.187729, 0.166996, -0.0, 0.125837, 0.937476, 0.324504, 0.05, -0.217473, -0.29308, 0.931026, 0.0, 0.0, 0.0, 0.0, 1.0],
                [0.574194, 0.060208, 0.816502, -0.0, 0.005491, 0.996987, -0.077378, 0.05, -0.818701, 0.048914, 0.572133, 0.0, 0.0, 0.0, 0.0, 1.0],
                [0.365374, 0.13817, 0.920549, -0.0, 0.078141, 0.980879, -0.17824, 0.05, -0.927575, 0.137057, 0.347591, 0.0, 0.0, 0.0, 0.0, 1.0],
                [-0.10476, 0.15148, 0.982893, 0.0, 0.136848, 0.981125, -0.136622, 0.05, -0.985037, 0.120194, -0.123512, 0.0, 0.0, 0.0, 0.0, 1.0],
                [-0.267104, 0.110174, 0.957349, -0.0, 0.113033, 0.990167, -0.082414, 0.05, -0.957016, 0.086199, -0.276931, 0.0, 0.0, 0.0, 0.0, 1.0],
                [-0.422624, 0.066835, 0.903838, 0.0, 0.081651, 0.996029, -0.035473, 0.05, -0.90262, 0.058807, -0.426403, 0.0, 0.0, 0.0, 0.0, 1.0],
                [-0.528867, 0.041367, 0.847697, -0.0, 0.060274, 0.99812, -0.011103, 0.05, -0.846562, 0.045222, -0.530366, 0.0, 0.0, 0.0, 0.0, 1.0],
                [-0.623789, 0.020491, 0.781324, 0.0, 0.040374, 0.999166, 0.006029, 0.05, -0.780549, 0.035306, -0.624096, 0.0, 0.0, 0.0, 0.0, 1.0],
                [-0.739865, -0.008944, 0.672696, -0.0, 0.00974, 0.999664, 0.024004, 0.05, -0.672685, 0.024312, -0.739529, 0.0, 0.0, 0.0, 0.0, 1.0],
                [-0.894604, -0.083561, 0.438978, -0.0, -0.073021, 0.996492, 0.040876, 0.05, -0.440854, 0.004513, -0.897567, 0.0, 0.0, 0.0, 0.0, 1.0],
                [-0.966521, -0.190439, 0.171959, -0.0, -0.189855, 0.981608, 0.019995, 0.05, -0.172605, -0.013322, -0.984901, 0.0, 0.0, 0.0, 0.0, 1.0],
                [-0.968387, -0.244754, -0.048203, 0.0, -0.245744, 0.969207, 0.015727, 0.05, 0.04287, 0.027075, -0.998714, 0.0, 0.0, 0.0, 0.0, 1.0],
                [-0.852741, -0.178508, -0.490884, -0.0, -0.278811, 0.950266, 0.138775, 0.05, 0.441698, 0.255203, -0.860101, 0.0, 0.0, 0.0, 0.0, 1.0],
                [-0.576234, 0.055679, -0.815385, 0.0, -0.261738, 0.932558, 0.248651, 0.05, 0.774239, 0.356699, -0.522799, -0.0, 0.0, 0.0, 0.0, 1.0],
                [-0.333154, 0.238438, -0.912226, 0.0, -0.028126, 0.964553, 0.262387, 0.05, 0.942453, 0.113073, -0.314638, -0.0, 0.0, 0.0, 0.0, 1.0],
                [-0.137177, 0.316347, -0.938673, 0.0, 0.123258, 0.945718, 0.300708, 0.05, 0.982848, -0.074449, -0.168723, -0.0, 0.0, 0.0, 0.0, 1.0],
                [-0.137177, 0.316347, -0.938673, 0.0, 0.123258, 0.945718, 0.300708, 0.05, 0.982848, -0.074449, -0.168723, -0.0, 0.0, 0.0, 0.0, 1.0],
                [-0.138029, 0.307607, -0.941449, -0.0, 0.098224, 0.950113, 0.296036, 0.05, 0.985546, -0.051612, -0.161357, -0.0, 0.0, 0.0, 0.0, 1.0],
                [-0.138571, 0.259053, -0.955871, 0.0, -0.04028, 0.96291, 0.266799, 0.05, 0.989533, 0.075473, -0.122997, -0.0, 0.0, 0.0, 0.0, 1.0],
                [0.27879, -0.008086, -0.960318, 0.0, -0.03888, 0.99905, -0.0197, 0.05, 0.959565, 0.042829, 0.278211, -0.0, 0.0, 0.0, 0.0, 1.0],
                [0.815302, -0.077299, -0.573854, -0.0, 0.019175, 0.99411, -0.106667, 0.05, 0.578719, 0.075962, 0.811982, -0.0, 0.0, 0.0, 0.0, 1.0],
                [0.798363, -0.041447, -0.600748, 0.0, 0.005432, 0.998083, -0.061642, 0.05, 0.602152, 0.04595, 0.797058, 0.0, 0.0, 0.0, 0.0, 1.0],
                [0.693426, -0.039257, -0.719458, 0.0, -0.029648, 0.996114, -0.082928, 0.05, 0.719918, 0.078835, 0.689567, 0.0, 0.0, 0.0, 0.0, 1.0]
            ]
        },
        {
            "name": "Chest",
            "time": [0.0, 0.1, 0.1333, 0.1667, 0.2333, 0.3333, 0.4, 0.5333, 0.5667, 0.6, 0.6333, 0.6667, 0.7, 0.7333, 0.7667, 0.8, 0.8333, 0.8667, 0.9667, 1.0333, 1.1667, 1.3333, 2.0, 2.4, 2.9667, 3.4333, 3.6667],
            "transform": [
                [0.981691, -0.08174, -0.172052, 0.0, 0.146444, 0.901478, 0.407298, 0.3, 0.121808, -0.425037, 0.896943, -0.0, 0.0, 0.0, 0.0, 1.0],
                [0.905476, -0.038607, -0.422637, 0.0, 0.315042, 0.728403, 0.608422, 0.3, 0.284361, -0.68406, 0.671715, 0.0, 0.0, 0.0, 0.0, 1.0],
                [0.888353, -0.013317, -0.458968, 0.0, 0.338004, 0.695517, 0.634042, 0.3, 0.310776, -0.718386, 0.622366, 0.0, 0.0, 0.0, 0.0, 1.0],
                [0.893993, 0.015211, -0.447821, -0.0, 0.307854, 0.705338, 0.638532, 0.3, 0.325578, -0.708708, 0.625885, 0.0, 0.0, 0.0, 0.0, 1.0],
                [0.960058, 0.025906, -0.278599, -0.0, 0.105448, 0.88879, 0.44602, 0.3, 0.25917, -0.457583, 0.850558, -0.0, 0.0, 0.0, 0.0, 1.0],
                [0.931879, 0.084288, -0.35284, 0.0, 0.144484, 0.805925, 0.574116, 0.3, 0.332754, -0.585987, 0.738846, -0.0, 0.0, 0.0, 0.0, 1.0],
                [0.996959, 0.068383, -0.037375, 0.0, -0.022697, 0.71359, 0.700196, 0.3, 0.074552, -0.697218, 0.712972, -0.0, 0.0, 0.0, 0.0, 1.0],
                [0.962988, 0.053887, 0.264103, -1e-06, -0.228082, 0.685052, 0.691869, 0.3, -0.143642, -0.726499, 0.671987, -0.0, 0.0, 0.0, 0.0, 1.0],
                [0.954773, 0.062823, 0.290623, 0.0, -0.248083, 0.707102, 0.662164, 0.3, -0.163901, -0.704315, 0.690707, -0.0, 0.0, 0.0, 0.0, 1.0],
                [0.948952, 0.073608, 0.306713, 1e-06, -0.259718, 0.734135, 0.62737, 0.3, -0.178989, -0.675003, 0.715776, 0.0, 0.0, 0.0, 0.0, 1.0],
                [0.945562, 0.080979, 0.315206, -1e-06, -0.264393, 0.755889, 0.59894, 0.3, -0.189759, -0.649673, 0.73615, -0.0, 0.0, 0.0, 0.0, 1.0],
                [0.943673, 0.089543, 0.318531, -0.0, -0.265964, 0.777961, 0.569245, 0.3, -0.196833, -0.621899, 0.757957, -0.0, 0.0, 0.0, 0.0, 1.0],
                [0.941953, 0.09939, 0.320696, -0.0, -0.265254, 0.805868, 0.529355, 0.3, -0.205826, -0.583694, 0.785453, -0.0, 0.0, 0.0, 0.0, 1.0],
                [0.941572, 0.105197, 0.31996, 0.0, -0.254156, 0.845275, 0.470015, 0.3, -0.22101, -0.523874, 0.822624, -0.0, 0.0, 0.0, 0.0, 1.0],
                [0.950775, 0.093464, 0.29545, 0.0, -0.215269, 0.885029, 0.412775, 0.3, -0.222903, -0.456057, 0.861583, 0.0, 0.0, 0.0, 0.0, 1.0],
                [0.961783, 0.067347, 0.265399, 0.0, -0.171233, 0.904295, 0.391062, 0.3, -0.213663, -0.421562, 0.881268, -0.0, 0.0, 0.0, 0.0, 1.0],
                [0.977575, -0.035486, 0.207578, -0.0, -0.058771, 0.900564, 0.430733, 0.3, -0.202222, -0.433273, 0.878283, 0.0, 0.0, 0.0, 0.0, 1.0],
                [0.990385, -0.0579, 0.125638, 0.0, -0.008064, 0.882489, 0.470264, 0.3, -0.138102, -0.466756, 0.873537, -0.0, 0.0, 0.0, 0.0, 1.0],
                [0.947999, -0.200829, 0.246911, -0.0, 0.069961, 0.888301, 0.453902, 0.3, -0.310488, -0.413025, 0.856159, 0.0, 0.0, 0.0, 0.0, 1.0],
                [0.900003, -0.289772, 0.325618, -1e-06, 0.122868, 0.88539, 0.448316, 0.3, -0.418208, -0.363478, 0.832457, -0.0, 0.0, 0.0, 0.0, 1.0],
                [0.900003, -0.289772, 0.325618, -1e-06, 0.122868, 0.88539, 0.448316, 0.3, -0.418208, -0.363478, 0.832457, -0.0, 0.0, 0.0, 0.0, 1.0],
                [0.922362, -0.246038, 0.297848, -1e-06, 0.107247, 0.903744, 0.414422, 0.3, -0.371141, -0.350304, 0.859966, 0.0, 0.0, 0.0, 0.0, 1.0],
                [0.994195, -0.012182, 0.106903, 1e-06, -0.013078, 0.97252, 0.232451, 0.3, -0.106797, -0.2325, 0.966715, 0.0, 0.0, 0.0, 0.0, 1.0],
                [0.999805, 0.018214, 0.007635, -1e-06, -0.018579, 0.998539, 0.05074, 0.3, -0.006699, -0.050872, 0.998683, -0.0, 0.0, 0.0, 0.0, 1.0],
                [0.997041, -0.029584, -0.070961, 0.0, 0.029598, 0.999561, -0.000864, 0.3, 0.070955, -0.001239, 0.997479, -0.0, 0.0, 0.0, 0.0, 1.0],
                [0.97954, -0.022602, -0.199978, 1e-06, 0.025579, 0.999597, 0.012311, 0.3, 0.19962, -0.017175, 0.979723, 1e-06, 0.0, 0.0, 0.0, 1.0],
                [0.965446, -0.052049, -0.255355, -1e-06, 0.06022, 0.997889, 0.024281, 0.3, 0.253552, -0.03882, 0.966542, -1e-06, 0.0, 0.0, 0.0, 1.0]
            ]
        },
        {
            "name": "Head",
            "time": [0.0, 0.1, 0.1333, 0.1667, 0.2333, 0.3333, 0.4, 0.5333, 0.5667, 0.6, 0.6333, 0.6667, 0.7, 0.7333, 0.7667, 0.8, 0.8333, 0.8667, 0.9667, 1.0333, 1.1667, 1.3333, 2.0, 2.4, 2.9667, 3.4333, 3.6667],
            "transform": [
                [0.585951, 0.019445, 0.810113, -0.0, 0.291502, 0.927732, -0.23311, 0.4, -0.756101, 0.372741, 0.537936, 0.0, 0.0, 0.0, 0.0, 1.0],
                [0.66695, 0.138687, 0.732081, -0.0, 0.098139, 0.957614, -0.270821, 0.4, -0.738611, 0.25247, 0.62507, -0.0, 0.0, 0.0, 0.0, 1.0],
                [0.692912, 0.155626, 0.704026, 0.0, 0.04095, 0.966358, -0.253918, 0.4, -0.719858, 0.204772, 0.663229, 0.0, 0.0, 0.0, 0.0, 1.0],
                [0.753882, 0.145218, 0.64076, 0.0, -0.02526, 0.980952, -0.192598, 0.4, -0.656524, 0.12901, 0.74319, -0.0, 0.0, 0.0, 0.0, 1.0],
                [0.968719, 0.225914, 0.102693, 0.0, -0.204813, 0.961506, -0.183186, 0.4, -0.140124, 0.156423, 0.9777, -0.0, 0.0, 0.0, 0.0, 1.0],
                [0.900515, 0.205441, 0.383233, 0.0, -0.118455, 0.963919, -0.238387, 0.4, -0.41838, 0.169275, 0.892359, 0.0, 0.0, 0.0, 0.0, 1.0],
                [0.76048, 0.133674, 0.635454, 0.0, 0.08065, 0.951563, -0.296689, 0.4, -0.644334, 0.276875, 0.712863, -0.0, 0.0, 0.0, 0.0, 1.0],
                [0.597614, -0.015697, 0.80163, 0.0, 0.154124, 0.983412, -0.095643, 0.4, -0.786831, 0.180708, 0.59012, -0.0, 0.0, 0.0, 0.0, 1.0],
                [0.589991, -0.034562, 0.806669, -0.0, 0.086176, 0.996072, -0.020351, 0.4, -0.802797, 0.081523, 0.590652, -0.0, 0.0, 0.0, 0.0, 1.0],
                [0.592942, -0.045598, 0.803953, 0.0, 0.004795, 0.998578, 0.0531, 0.4, -0.805231, -0.02763, 0.592317, -0.0, 0.0, 0.0, 0.0, 1.0],
                [0.60118, -0.050357, 0.797526, -0.0, -0.057526, 0.992696, 0.106044, 0.4, -0.79704, -0.109629, 0.593892, 0.0, 0.0, 0.0, 0.0, 1.0],
                [0.611721, -0.052347, 0.789339, -0.0, -0.115607, 0.98118, 0.154663, 0.4, -0.78258, -0.185864, 0.594157, -0.0, 0.0, 0.0, 0.0, 1.0],
                [0.630005, -0.053874, 0.77472, -0.0, -0.17922, 0.960576, 0.212541, 0.4, -0.755628, -0.272748, 0.595512, -1e-06, 0.0, 0.0, 0.0, 1.0],
                [0.681715, -0.051705, 0.729788, -0.0, -0.203236, 0.944856, 0.256791, 0.4, -0.702822, -0.323377, 0.633615, -0.0, 0.0, 0.0, 0.0, 1.0],
                [0.790431, -0.04908, 0.610582, 0.0, -0.095156, 0.974846, 0.201545, 0.4, -0.605115, -0.217408, 0.765878, -0.0, 0.0, 0.0, 0.0, 1.0],
                [0.827469, -0.080546, 0.555705, -0.0, -0.003434, 0.988914, 0.14845, 0.4, -0.561501, -0.124746, 0.818019, 0.0, 0.0, 0.0, 0.0, 1.0],
                [0.660726, -0.209656, 0.720754, 0.0, 0.089321, 0.975339, 0.201829, 0.4, -0.745294, -0.068976, 0.663158, 0.0, 0.0, 0.0, 0.0, 1.0],
                [0.484053, -0.236874, 0.842368, -0.0, 0.097601, 0.971272, 0.217037, 0.4, -0.869578, -0.022841, 0.493266, -0.0, 0.0, 0.0, 0.0, 1.0],
                [0.94398, 0.320327, -0.079324, -0.0, -0.323245, 0.945935, -0.026832, 0.4, 0.06644, 0.05097, 0.996488, -0.0, 0.0, 0.0, 0.0, 1.0],
                [0.517534, 0.468314, -0.716129, 1e-06, -0.584782, 0.804557, 0.10353, 0.4, 0.624651, 0.365199, 0.690247, 0.0, 0.0, 0.0, 0.0, 1.0],
                [0.517534, 0.468314, -0.716129, 1e-06, -0.584782, 0.804557, 0.10353, 0.4, 0.624651, 0.365199, 0.690247, 0.0, 0.0, 0.0, 0.0, 1.0],
                [0.653093, 0.518257, -0.552158, -0.0, -0.593916, 0.802901, 0.051121, 0.4, 0.469822, 0.294549, 0.832171, 0.0, 0.0, 0.0, 0.0, 1.0],
                [0.613629, 0.452167, 0.647305, 0.0, -0.444585, 0.875352, -0.190009, 0.4, -0.652535, -0.171187, 0.738169, -0.0, 0.0, 0.0, 0.0, 1.0],
                [0.655153, 0.295431, 0.695337, -0.0, -0.274133, 0.950606, -0.145598, 0.4, -0.704007, -0.095225, 0.70378, 0.0, 0.0, 0.0, 0.0, 1.0],
                [0.813953, 0.21481, 0.539757, -0.0, -0.234251, 0.971601, -0.033424, 0.4, -0.531609, -0.099233, 0.841157, 1e-06, 0.0, 0.0, 0.0, 1.0],
                [0.748618, 0.146745, 0.646558, 1e-06, -0.200638, 0.979615, 0.009972, 0.4, -0.631915, -0.137189, 0.762799, 1e-06, 0.0, 0.0, 0.0, 1.0],
                [0.599081, 0.030711, 0.800099, 1e-06, -0.132639, 0.989264, 0.061342, 0.4, -0.789626, -0.142873, 0.596722, -0.0, 0.0, 0.0, 0.0, 1.0]
            ]
        },
        {
            "name": "Shoulder_R",
            "time": [0.0, 0.1, 0.1333, 0.1667, 0.2333, 0.3333, 0.4, 0.5333, 0.5667, 0.6, 0.6333, 0.6667, 0.7, 0.7333, 0.7667, 0.8, 0.8333, 0.8667, 0.9667, 1.0333, 1.1667, 1.3333, 2.0, 2.4, 2.9667, 3.4333, 3.6667],
            "transform": [
                [0.012251, 0.807177, -0.590181, -0.0, 0.677891, -0.440589, -0.588511, 0.4, -0.735061, -0.392869, -0.552575, 0.0, 0.0, 0.0, 0.0, 1.0],
                [0.061865, 0.734926, -0.675319, -0.0, 0.769043, -0.466387, -0.4371, 0.4, -0.636198, -0.492308, -0.594042, -0.0, 0.0, 0.0, 0.0, 1.0],
                [0.079142, 0.718158, -0.691364, 0.0, 0.779897, -0.476569, -0.405762, 0.4, -0.620885, -0.50708, -0.597805, 0.0, 0.0, 0.0, 0.0, 1.0],
                [0.105642, 0.707885, -0.698382, 0.0, 0.770493, -0.502252, -0.392535, 0.4, -0.628635, -0.49663, -0.598478, -0.0, 0.0, 0.0, 0.0, 1.0],
                [0.263138, 0.757782, -0.597097, 0.0, 0.754923, -0.547095, -0.361632, 0.4, -0.600708, -0.355603, -0.716027, -0.0, 0.0, 0.0, 0.0, 1.0],
                [0.287644, 0.863035, -0.415249, 0.0, 0.760121, -0.469486, -0.449221, 0.4, -0.582648, -0.186423, -0.791055, 0.0, 0.0, 0.0, 0.0, 1.0],
                [0.10705, 0.697405, -0.708636, 0.0, 0.747878, -0.526126, -0.404809, 0.4, -0.655149, -0.486638, -0.577895, -0.0, 0.0, 0.0, 0.0, 1.0],
                [-0.047047, 0.454105, -0.889704, 0.0, 0.730218, -0.592127, -0.340835, 0.4, -0.681593, -0.665713, -0.303737, -0.0, 0.0, 0.0, 0.0, 1.0],
                [-0.043599, 0.433116, -0.900282, -0.0, 0.714308, -0.616506, -0.331187, 0.4, -0.698473, -0.657518, -0.282498, -0.0, 0.0, 0.0, 0.0, 1.0],
                [-0.03485, 0.424941, -0.904549, 0.0, 0.696079, -0.639138, -0.327074, 0.4, -0.71712, -0.641036, -0.273518, -0.0, 0.0, 0.0, 0.0, 1.0],
                [-0.028915, 0.425153, -0.904659, -0.0, 0.682288, -0.653023, -0.328702, 0.4, -0.730513, -0.626742, -0.271194, 0.0, 0.0, 0.0, 0.0, 1.0],
                [-0.028527, 0.429535, -0.902599, -0.0, 0.670094, -0.661811, -0.336126, 0.4, -0.741728, -0.614415, -0.26895, -0.0, 0.0, 0.0, 0.0, 1.0],
                [-0.038827, 0.445472, -0.894453, -0.0, 0.657141, -0.662949, -0.358699, 0.4, -0.752768, -0.601709, -0.266997, -1e-06, 0.0, 0.0, 0.0, 1.0],
                [-0.127771, 0.493349, -0.860395, -0.0, 0.652702, -0.611349, -0.447474, 0.4, -0.746764, -0.618756, -0.243896, -0.0, 0.0, 0.0, 0.0, 1.0],
                [-0.348506, 0.568519, -0.745203, 0.0, 0.636124, -0.440456, -0.633518, 0.4, -0.688397, -0.694826, -0.208147, -0.0, 0.0, 0.0, 0.0, 1.0],
                [-0.488651, 0.640307, -0.592643, -0.0, 0.570126, -0.279839, -0.772429, 0.4, -0.660438, -0.715329, -0.228311, 0.0, 0.0, 0.0, 0.0, 1.0],
