{
    "animation": [
        {
            "name": "Root",
            "time": [0.0, 0.0333, 0.0667, 0.1, 0.1333, 0.1667, 0.2, 0.2333, 0.2667, 0.3, 0.3333, 0.3667, 0.4, 0.4333, 0.4667, 0.5, 0.5333, 0.5667, 0.6, 0.6333, 0.6667, 0.7, 0.7333, 0.7667, 0.8, 0.8333, 0.8667, 0.9, 0.9333, 0.9667, 1.0, 1.0333, 1.0667, 1.1, 1.1333, 1.1667, 1.2, 1.2333, 1.2667, 1.3, 1.3333, 1.3667, 1.4, 1.4333, 1.4667, 1.5, 1.5333, 1.5667, 1.6, 1.6333, 1.6667, 1.8333, 2.0, 2.3333, 2.6667, 3.0, 3.3333, 3.6667, 3.8667],
            "transform": [
                [1.0, -0.0, 0.0, 0.011161, 0.0, -0.0, -1.0, 4.1e-05, 0.0, 1.0, -0.0, 0.282321, 0.0, 0.0, 0.0, 1.0],
                [1.0, -0.0, 0.0, -0.030038, 0.0, -0.0, -1.0, 0.084596, 0.0, 1.0, -0.0, 0.282321, 0.0, 0.0, 0.0, 1.0],
                [1.0, -0.0, 0.0, -0.080313, 0.0, -0.0, -1.0, 0.142598, 0.0, 1.0, -0.0, 0.282321, 0.0, 0.0, 0.0, 1.0],
                [1.0, -0.0, 0.0, -0.126049, 0.0, -0.0, -1.0, 0.213877, 0.0, 1.0, -0.0, 0.282321, 0.0, 0.0, 0.0, 1.0],
                [1.0, -0.0, 0.0, -0.153635, 0.0, -0.0, -1.0, 0.338263, 0.0, 1.0, -0.0, 0.282321, 0.0, 0.0, 0.0, 1.0],
                [1.0, -0.0, 0.0, -0.149456, 0.0, -0.0, -1.0, 0.555586, 0.0, 1.0, -0.0, 0.282321, 0.0, 0.0, 0.0, 1.0],
                [1.0, -0.0, 0.0, -0.059372, 0.0, -0.0, -1.0, 0.987193, 0.0, 1.0, -0.0, 0.282321, 0.0, 0.0, 0.0, 1.0],
                [1.0, -0.0, 0.0, 0.093737, 0.0, -0.0, -1.0, 1.6032, 0.0, 1.0, -0.0, 0.282321, 0.0, 0.0, 0.0, 1.0],
                [1.0, -0.0, 0.0, 0.207952, 0.0, -0.0, -1.0, 2.216594, 0.0, 1.0, -0.0, 0.282321, 0.0, 0.0, 0.0, 1.0],
                [1.0, -0.0, 0.0, 0.199735, 0.0, -0.0, -1.0, 2.845489, 0.0, 1.0, -0.0, 0.282321, 0.0, 0.0, 0.0, 1.0],
                [1.0, -0.0, 0.0, 0.154526, 0.0, -0.0, -1.0, 3.304332, 0.0, 1.0, -0.0, 0.282321, 0.0, 0.0, 0.0, 1.0],
                [1.0, -0.0, 0.0, 0.14213, 0.0, -0.0, -1.0, 3.474823, 0.0, 1.0, -0.0, 0.282321, 0.0, 0.0, 0.0, 1.0],
                [1.0, -0.0, 0.0, 0.131607, 0.0, -0.0, -1.0, 3.579417, 0.0, 1.0, -0.0, 0.282321, 0.0, 0.0, 0.0, 1.0],
                [1.0, -0.0, 0.0, 0.123394, 0.0, -0.0, -1.0, 3.636746, 0.0, 1.0, -0.0, 0.282321, 0.0, 0.0, 0.0, 1.0],
                [1.0, -0.0, 0.0, 0.117928, 0.0, -0.0, -1.0, 3.665441, 0.0, 1.0, -0.0, 0.282321, 0.0, 0.0, 0.0, 1.0],
                [1.0, -0.0, 0.0, 0.115645, 0.0, -0.0, -1.0, 3.684132, 0.0, 1.0, -0.0, 0.282321, 0.0, 0.0, 0.0, 1.0],
                [1.0, -0.0, 0.0, 0.115611, 0.0, -0.0, -1.0, 3.700868, 0.0, 1.0, -0.0, 0.282321, 0.0, 0.0, 0.0, 1.0],
                [1.0, -0.0, 0.0, 0.116501, 0.0, -0.0, -1.0, 3.711778, 0.0, 1.0, -0.0, 0.282321, 0.0, 0.0, 0.0, 1.0],
                [1.0, -0.0, 0.0, 0.118166, 0.0, -0.0, -1.0, 3.71048, 0.0, 1.0, -0.0, 0.282321, 0.0, 0.0, 0.0, 1.0],
                [1.0, -0.0, 0.0, 0.120457, 0.0, -0.0, -1.0, 3.709182, 0.0, 1.0, -0.0, 0.282321, 0.0, 0.0, 0.0, 1.0],
                [1.0, -0.0, 0.0, 0.123225, 0.0, -0.0, -1.0, 3.707884, 0.0, 1.0, -0.0, 0.282321, 0.0, 0.0, 0.0, 1.0],
                [1.0, -0.0, 0.0, 0.126321, 0.0, -0.0, -1.0, 3.706586, 0.0, 1.0, -0.0, 0.282321, 0.0, 0.0, 0.0, 1.0],
                [1.0, -0.0, 0.0, 0.129598, 0.0, -0.0, -1.0, 3.705288, 0.0, 1.0, -0.0, 0.282321, 0.0, 0.0, 0.0, 1.0],
                [1.0, -0.0, 0.0, 0.132907, 0.0, -0.0, -1.0, 3.697048, 0.0, 1.0, -0.0, 0.282321, 0.0, 0.0, 0.0, 1.0],
                [1.0, -0.0, 0.0, 0.136098, 0.0, -0.0, -1.0, 3.688249, 0.0, 1.0, -0.0, 0.282321, 0.0, 0.0, 0.0, 1.0],
                [1.0, -0.0, 0.0, 0.139024, 0.0, -0.0, -1.0, 3.679645, 0.0, 1.0, -0.0, 0.282321, 0.0, 0.0, 0.0, 1.0],
                [1.0, -0.0, 0.0, 0.141535, 0.0, -0.0, -1.0, 3.671987, 0.0, 1.0, -0.0, 0.282321, 0.0, 0.0, 0.0, 1.0],
                [1.0, -0.0, 0.0, 0.143483, 0.0, -0.0, -1.0, 3.667254, 0.0, 1.0, -0.0, 0.282321, 0.0, 0.0, 0.0, 1.0],
                [1.0, -0.0, 0.0, 0.144719, 0.0, -0.0, -1.0, 3.662521, 0.0, 1.0, -0.0, 0.282321, 0.0, 0.0, 0.0, 1.0],
                [1.0, -0.0, 0.0, 0.145997, 0.0, -0.0, -1.0, 3.66195, 0.0, 1.0, -0.0, 0.282321, 0.0, 0.0, 0.0, 1.0],
                [1.0, -0.0, 0.0, 0.148079, 0.0, -0.0, -1.0, 3.66138, 0.0, 1.0, -0.0, 0.282321, 0.0, 0.0, 0.0, 1.0],
                [1.0, -0.0, 0.0, 0.150826, 0.0, -0.0, -1.0, 3.660809, 0.0, 1.0, -0.0, 0.282321, 0.0, 0.0, 0.0, 1.0],
                [1.0, -0.0, 0.0, 0.154098, 0.0, -0.0, -1.0, 3.660239, 0.0, 1.0, -0.0, 0.282321, 0.0, 0.0, 0.0, 1.0],
                [1.0, -0.0, 0.0, 0.157757, 0.0, -0.0, -1.0, 3.659668, 0.0, 1.0, -0.0, 0.282321, 0.0, 0.0, 0.0, 1.0],
                [1.0, -0.0, 0.0, 0.161665, 0.0, -0.0, -1.0, 3.659098, 0.0, 1.0, -0.0, 0.282321, 0.0, 0.0, 0.0, 1.0],
                [1.0, -0.0, 0.0, 0.165682, 0.0, -0.0, -1.0, 3.658527, 0.0, 1.0, -0.0, 0.282321, 0.0, 0.0, 0.0, 1.0],
                [1.0, -0.0, 0.0, 0.16967, 0.0, -0.0, -1.0, 3.657957, 0.0, 1.0, -0.0, 0.282321, 0.0, 0.0, 0.0, 1.0],
                [1.0, -0.0, 0.0, 0.17349, 0.0, -0.0, -1.0, 3.657386, 0.0, 1.0, -0.0, 0.282321, 0.0, 0.0, 0.0, 1.0],
                [1.0, -0.0, 0.0, 0.177003, 0.0, -0.0, -1.0, 3.656816, 0.0, 1.0, -0.0, 0.282321, 0.0, 0.0, 0.0, 1.0],
                [1.0, -0.0, 0.0, 0.18007, 0.0, -0.0, -1.0, 3.656245, 0.0, 1.0, -0.0, 0.282321, 0.0, 0.0, 0.0, 1.0],
                [1.0, -0.0, 0.0, 0.182554, 0.0, -0.0, -1.0, 3.655674, 0.0, 1.0, -0.0, 0.282321, 0.0, 0.0, 0.0, 1.0],
                [1.0, -0.0, 0.0, 0.184314, 0.0, -0.0, -1.0, 3.655104, 0.0, 1.0, -0.0, 0.282321, 0.0, 0.0, 0.0, 1.0],
                [1.0, -0.0, 0.0, 0.185212, 0.0, -0.0, -1.0, 3.654533, 0.0, 1.0, -0.0, 0.282321, 0.0, 0.0, 0.0, 1.0],
                [1.0, -0.0, 0.0, 0.18511, 0.0, -0.0, -1.0, 3.653963, 0.0, 1.0, -0.0, 0.282321, 0.0, 0.0, 0.0, 1.0],
                [1.0, -0.0, 0.0, 0.183868, 0.0, -0.0, -1.0, 3.65018, 0.0, 1.0, -0.0, 0.282321, 0.0, 0.0, 0.0, 1.0],
                [1.0, -0.0, 0.0, 0.181348, 0.0, -0.0, -1.0, 3.646397, 0.0, 1.0, -0.0, 0.282321, 0.0, 0.0, 0.0, 1.0],
                [1.0, -0.0, 0.0, 0.177411, 0.0, -0.0, -1.0, 3.642614, 0.0, 1.0, -0.0, 0.282321, 0.0, 0.0, 0.0, 1.0],
                [1.0, -0.0, 0.0, 0.171918, 0.0, -0.0, -1.0, 3.636406, 0.0, 1.0, -0.0, 0.282321, 0.0, 0.0, 0.0, 1.0],
                [1.0, -0.0, 0.0, 0.164731, 0.0, -0.0, -1.0, 3.630198, 0.0, 1.0, -0.0, 0.282321, 0.0, 0.0, 0.0, 1.0],
                [1.0, -0.0, 0.0, 0.155711, 0.0, -0.0, -1.0, 3.62226, 0.0, 1.0, -0.0, 0.282321, 0.0, 0.0, 0.0, 1.0],
                [1.0, -0.0, 0.0, 0.144719, 0.0, -0.0, -1.0, 3.613045, 0.0, 1.0, -0.0, 0.282321, 0.0, 0.0, 0.0, 1.0],
                [1.0, -0.0, 0.0, -0.039885, 0.0, -0.0, -1.0, 3.424533, 0.0, 1.0, -0.0, 0.282321, 0.0, 0.0, 0.0, 1.0],
                [1.0, -0.0, 0.0, -0.227631, 0.0, -0.0, -1.0, 3.52023, 0.0, 1.0, -0.0, 0.307934, 0.0, 0.0, 0.0, 1.0],
                [1.0, -0.0, 0.0, -0.340979, 0.0, -0.0, -1.0, 4.015944, 0.0, 1.0, -0.0, 0.38675, 0.0, 0.0, 0.0, 1.0],
                [1.0, -0.0, 0.0, -0.454328, 0.0, -0.0, -1.0, 4.511658, 0.0, 1.0, -0.0, 0.419212, 0.0, 0.0, 0.0, 1.0],
                [1.0, -0.0, 0.0, -0.454339, 0.0, -0.0, -1.0, 4.745807, 0.0, 1.0, -0.0, 0.439717, 0.0, 0.0, 0.0, 1.0],
                [1.0, -0.0, 0.0, -0.45435, 0.0, -0.0, -1.0, 4.848866, 0.0, 1.0, -0.0, 0.460205, 0.0, 0.0, 0.0, 1.0],
                [1.0, -0.0, 0.0, -0.453739, 0.0, -0.0, -1.0, 4.888361, 0.0, 1.0, -0.0, 0.462519, 0.0, 0.0, 0.0, 1.0],
                [1.0, -0.0, 0.0, -0.453289, 0.0, -0.0, -1.0, 4.905672, 0.0, 1.0, -0.0, 0.466065, 0.0, 0.0, 0.0, 1.0]
            ]
        },
        {
            "name": "Thigh_R",
            "time": [0.0, 0.0333, 0.0667, 0.1, 0.1333, 0.1667, 0.2, 0.2333, 0.2667, 0.3, 0.3333, 0.3667, 0.4, 0.4333, 0.4667, 0.5, 0.5333, 0.5667, 0.6, 0.6333, 0.6667, 0.7, 0.7333, 0.7667, 0.8, 0.8333, 0.8667, 0.9, 0.9333, 0.9667, 1.0, 1.0333, 1.0667, 1.1, 1.1333, 1.1667, 1.2, 1.2333, 1.2667, 1.3, 1.3333, 1.3667, 1.4, 1.4333, 1.4667, 1.5, 1.5333, 1.5667, 1.6, 1.6333, 1.6667, 1.8333, 2.0, 2.3333, 2.6667, 3.0, 3.3333, 3.6667, 3.8667],
            "transform": [
                [-0.318511, 0.889211, 0.328412, 0.124994, 0.245027, -0.257448, 0.93471, -0.002831, 0.915703, 0.378185, -0.135881, -1.2e-05, 0.0, 0.0, 0.0, 1.0],
                [-0.330718, 0.897711, 0.291103, 0.124994, 0.309192, -0.188366, 0.932158, -0.002831, 0.891643, 0.398288, -0.215269, -1.2e-05, 0.0, 0.0, 0.0, 1.0],
                [-0.322301, 0.9146, 0.244191, 0.124994, 0.34268, -0.127738, 0.930727, -0.002831, 0.882436, 0.383653, -0.272246, -1.2e-05, 0.0, 0.0, 0.0, 1.0],
                [-0.271526, 0.930865, 0.24447, 0.124994, 0.424684, -0.112061, 0.898379, -0.002831, 0.863665, 0.347756, -0.364895, -1.2e-05, 0.0, 0.0, 0.0, 1.0],
                [-0.209488, 0.915134, 0.34445, 0.124994, 0.574459, -0.16988, 0.800711, -0.002831, 0.791273, 0.365612, -0.490119, -1.2e-05, 0.0, 0.0, 0.0, 1.0],
                [-0.139666, 0.764359, 0.629483, 0.124994, 0.759534, -0.325167, 0.56336, -0.002831, 0.635296, 0.556796, -0.535142, -1.2e-05, 0.0, 0.0, 0.0, 1.0],
                [0.280303, 0.906253, 0.316443, 0.124994, 0.760175, -0.410866, 0.503311, -0.002831, 0.586143, 0.099473, -0.804078, -1.2e-05, 0.0, 0.0, 0.0, 1.0],
                [0.933867, 0.3555, 0.038897, 0.124994, 0.226971, -0.67323, 0.703736, -0.002831, 0.276365, -0.648368, -0.709395, -1.2e-05, 0.0, 0.0, 0.0, 1.0],
                [0.824531, -0.55434, -0.113381, 0.124994, -0.219072, -0.497523, 0.839332, -0.002831, -0.521685, -0.667217, -0.531664, -1.1e-05, 0.0, 0.0, 0.0, 1.0],
                [0.353655, -0.788323, -0.503462, 0.124994, 0.358682, -0.382806, 0.851356, -0.002831, -0.863872, -0.48167, 0.147376, -1.1e-05, 0.0, 0.0, 0.0, 1.0],
                [0.066765, -0.909049, -0.411307, 0.124994, 0.776913, -0.211291, 0.593096, -0.00283, -0.626058, -0.359148, 0.692146, -1.2e-05, 0.0, 0.0, 0.0, 1.0],
                [0.047508, -0.965105, -0.25752, 0.124994, 0.66825, -0.160911, 0.726326, -0.00283, -0.742418, -0.206595, 0.637287, -1.2e-05, 0.0, 0.0, 0.0, 1.0],
                [0.118988, -0.97577, -0.183618, 0.124994, 0.54184, -0.091153, 0.835524, -0.002831, -0.832016, -0.198909, 0.517866, -1.2e-05, 0.0, 0.0, 0.0, 1.0],
                [0.232157, -0.961175, -0.149153, 0.124994, 0.426992, -0.037068, 0.903495, -0.002831, -0.873946, -0.27344, 0.401808, -1.1e-05, 0.0, 0.0, 0.0, 1.0],
                [0.336853, -0.932673, -0.129041, 0.124994, 0.340326, -0.007178, 0.94028, -0.002831, -0.8779, -0.360653, 0.314995, -1.2e-05, 0.0, 0.0, 0.0, 1.0],
                [0.381675, -0.917278, -0.113692, 0.124994, 0.289566, 0.001853, 0.957156, -0.002831, -0.877768, -0.398244, 0.26632, -1.2e-05, 0.0, 0.0, 0.0, 1.0],
                [0.381711, -0.918584, -0.102472, 0.124994, 0.265979, 0.00299, 0.963974, -0.002831, -0.885185, -0.395215, 0.245465, -1.2e-05, 0.0, 0.0, 0.0, 1.0],
                [0.376602, -0.921698, -0.092974, 0.124994, 0.251935, 0.005323, 0.96773, -0.002831, -0.891459, -0.387873, 0.234213, -1.2e-05, 0.0, 0.0, 0.0, 1.0],
                [0.367998, -0.926099, -0.083179, 0.124994, 0.245542, 0.010508, 0.969329, -0.002831, -0.89682, -0.377135, 0.231263, -1.1e-05, 0.0, 0.0, 0.0, 1.0],
                [0.355487, -0.9315, -0.077052, 0.124994, 0.247752, 0.014419, 0.968716, -0.002831, -0.901248, -0.363456, 0.235906, -1.2e-05, 0.0, 0.0, 0.0, 1.0],
                [0.341336, -0.937316, -0.070212, 0.124994, 0.255248, 0.020542, 0.966657, -0.002831, -0.90462, -0.347877, 0.24626, -1.1e-05, 0.0, 0.0, 0.0, 1.0],
                [0.325291, -0.943453, -0.063894, 0.124994, 0.267219, 0.026899, 0.96326, -0.002831, -0.907072, -0.330414, 0.260858, -1.2e-05, 0.0, 0.0, 0.0, 1.0],
                [0.308434, -0.949406, -0.059138, 0.124994, 0.283015, 0.032234, 0.958574, -0.002831, -0.908169, -0.312393, 0.278639, -1.2e-05, 0.0, 0.0, 0.0, 1.0],
                [0.291925, -0.954888, -0.054491, 0.124994, 0.300578, 0.037508, 0.953019, -0.002831, -0.907983, -0.294589, 0.297968, -1.2e-05, 0.0, 0.0, 0.0, 1.0],
                [0.276256, -0.959776, -0.050124, 0.124994, 0.318615, 0.042255, 0.946942, -0.002831, -0.906734, -0.277569, 0.317472, -1.2e-05, 0.0, 0.0, 0.0, 1.0],
                [0.262537, -0.963786, -0.046811, 0.124994, 0.335915, 0.04581, 0.940777, -0.002831, -0.904563, -0.262714, 0.335778, -1.2e-05, 0.0, 0.0, 0.0, 1.0],
                [0.251162, -0.966951, -0.043872, 0.124994, 0.350924, 0.048723, 0.935136, -0.002831, -0.902092, -0.250266, 0.351564, -1.2e-05, 0.0, 0.0, 0.0, 1.0],
                [0.243717, -0.968925, -0.042265, 0.124994, 0.362883, 0.050691, 0.930455, -0.002831, -0.899398, -0.242105, 0.363961, -1.2e-05, 0.0, 0.0, 0.0, 1.0],
                [0.239266, -0.970106, -0.04059, 0.124994, 0.369754, 0.052382, 0.927652, -0.002831, -0.897794, -0.236964, 0.371234, -1.2e-05, 0.0, 0.0, 0.0, 1.0],
                [0.236978, -0.97077, -0.038057, 0.124994, 0.373084, 0.054766, 0.92618, -0.002831, -0.897023, -0.233683, 0.375156, -1.1e-05, 0.0, 0.0, 0.0, 1.0],
                [0.233973, -0.971643, -0.034165, 0.124994, 0.37694, 0.058264, 0.924404, -0.002831, -0.8962, -0.229163, 0.379883, -1.2e-05, 0.0, 0.0, 0.0, 1.0],
                [0.231073, -0.972495, -0.02933, 0.124994, 0.382128, 0.062992, 0.92196, -0.002831, -0.894754, -0.224248, 0.386173, -1.1e-05, 0.0, 0.0, 0.0, 1.0],
                [0.231487, -0.972495, -0.025852, 0.124994, 0.387414, 0.067777, 0.919411, -0.002831, -0.89237, -0.222848, 0.392448, -1.1e-05, 0.0, 0.0, 0.0, 1.0],
                [0.230409, -0.972871, -0.020842, 0.124994, 0.392525, 0.073322, 0.916814, -0.002831, -0.890413, -0.219423, 0.398771, -1.2e-05, 0.0, 0.0, 0.0, 1.0],
                [0.228878, -0.973339, -0.015028, 0.124994, 0.397746, 0.079416, 0.914052, -0.002831, -0.888489, -0.215184, 0.405319, -1.2e-05, 0.0, 0.0, 0.0, 1.0],
                [0.22719, -0.973812, -0.008711, 0.124994, 0.402967, 0.085862, 0.911178, -0.002831, -0.886567, -0.210521, 0.411921, -1.2e-05, 0.0, 0.0, 0.0, 1.0],
                [0.225579, -0.974223, -0.002177, 0.124994, 0.408054, 0.092455, 0.908264, -0.002831, -0.88465, -0.205774, 0.418392, -1.2e-05, 0.0, 0.0, 0.0, 1.0],
                [0.224252, -0.974522, 0.00428, 0.124994, 0.412883, 0.098987, 0.905389, -0.002831, -0.882745, -0.201268, 0.424562, -1.1e-05, 0.0, 0.0, 0.0, 1.0],
                [0.223373, -0.974678, 0.010366, 0.124994, 0.417333, 0.105243, 0.902639, -0.002831, -0.880873, -0.197299, 0.430274, -1.2e-05, 0.0, 0.0, 0.0, 1.0],
                [0.223068, -0.974675, 0.015788, 0.124994, 0.421286, 0.110997, 0.90011, -0.002831, -0.879067, -0.194135, 0.435377, -1.1e-05, 0.0, 0.0, 0.0, 1.0],
                [0.223267, -0.974544, 0.020383, 0.124994, 0.424505, 0.116035, 0.897959, -0.002831, -0.877466, -0.191832, 0.439606, -1.1e-05, 0.0, 0.0, 0.0, 1.0],
                [0.224205, -0.974253, 0.023749, 0.124994, 0.426995, 0.120112, 0.896241, -0.002831, -0.876018, -0.190801, 0.44293, -1.2e-05, 0.0, 0.0, 0.0, 1.0],
                [0.228071, -0.973349, 0.024003, 0.124994, 0.430179, 0.122853, 0.894345, -0.002831, -0.873458, -0.193649, 0.446734, -1.2e-05, 0.0, 0.0, 0.0, 1.0],
                [0.231496, -0.972607, 0.021126, 0.124994, 0.430286, 0.121843, 0.894432, -0.002831, -0.872505, -0.197968, 0.446705, -1.2e-05, 0.0, 0.0, 0.0, 1.0],
                [0.23608, -0.971525, 0.020147, 0.124994, 0.429174, 0.122845, 0.894829, -0.002831, -0.871823, -0.202605, 0.445955, -1.2e-05, 0.0, 0.0, 0.0, 1.0],
                [0.242541, -0.970038, 0.014182, 0.124994, 0.427556, 0.120002, 0.895989, -0.002831, -0.870845, -0.21125, 0.443851, -1.2e-05, 0.0, 0.0, 0.0, 1.0],
                [0.250341, -0.968142, 0.005624, 0.124994, 0.424652, 0.115023, 0.89802, -0.002831, -0.870058, -0.222423, 0.439918, -1.2e-05, 0.0, 0.0, 0.0, 1.0],
                [0.259334, -0.965773, -0.005379, 0.124994, 0.420394, 0.107869, 0.900907, -0.00283, -0.869491, -0.235897, 0.43398, -1.2e-05, 0.0, 0.0, 0.0, 1.0],
                [0.270472, -0.96253, -0.019522, 0.124994, 0.414595, 0.098153, 0.904697, -0.002831, -0.868882, -0.252789, 0.425608, -1.2e-05, 0.0, 0.0, 0.0, 1.0],
                [0.284019, -0.958114, -0.036768, 0.124994, 0.40688, 0.085713, 0.909451, -0.002831, -0.868206, -0.273262, 0.414182, -1.2e-05, 0.0, 0.0, 0.0, 1.0],
                [0.299952, -0.952269, -0.056692, 0.124994, 0.397499, 0.070741, 0.914872, -0.002831, -0.867193, -0.296953, 0.399745, -1.1e-05, 0.0, 0.0, 0.0, 1.0],
                [0.683314, -0.652847, -0.326915, 0.124994, 0.295364, -0.162309, 0.941497, -0.002831, -0.667715, -0.739896, 0.08192, -1.1e-05, 0.0, 0.0, 0.0, 1.0],
                [0.964754, -0.208623, -0.160395, 0.124994, 0.067954, -0.391335, 0.917736, -0.002831, -0.254229, -0.896289, -0.363365, -1.2e-05, 0.0, 0.0, 0.0, 1.0],
                [0.945707, 0.219517, 0.239688, 0.124994, 0.026746, -0.787516, 0.615713, -0.002831, 0.323918, -0.575874, -0.75063, -1.1e-05, 0.0, 0.0, 0.0, 1.0],
                [0.625149, 0.328889, 0.707828, 0.124994, 0.258583, -0.94294, 0.209754, -0.002831, 0.736426, 0.051905, -0.674524, -1.2e-05, 0.0, 0.0, 0.0, 1.0],
                [0.533089, 0.277189, 0.799364, 0.124994, 0.30173, -0.944969, 0.126458, -0.002831, 0.790427, 0.173779, -0.587389, -1.2e-05, 0.0, 0.0, 0.0, 1.0],
                [0.56498, 0.302634, 0.767601, 0.124994, 0.261159, -0.948066, 0.181564, -0.002831, 0.782684, 0.097886, -0.614674, -1.2e-05, 0.0, 0.0, 0.0, 1.0],
                [0.588956, 0.277773, 0.758929, 0.124994, 0.253879, -0.955127, 0.152565, -0.002831, 0.767252, 0.102822, -0.633049, -1.2e-05, 0.0, 0.0, 0.0, 1.0],
                [0.589917, 0.231222, 0.77365, 0.124994, 0.26406, -0.960684, 0.085773, -0.002831, 0.763066, 0.153691, -0.627782, -1.2e-05, 0.0, 0.0, 0.0, 1.0]
            ]
        },
        {
            "name": "Leg_R",
            "time": [0.0, 0.0333, 0.0667, 0.1, 0.1333, 0.1667, 0.2, 0.2333, 0.2667, 0.3, 0.3333, 0.3667, 0.4, 0.4333, 0.4667, 0.5, 0.5333, 0.5667, 0.6, 0.6333, 0.6667, 0.7, 0.7333, 0.7667, 0.8, 0.8333, 0.8667, 0.9, 0.9333, 0.9667, 1.0, 1.0333, 1.0667, 1.1, 1.1333, 1.1667, 1.2, 1.2333, 1.2667, 1.3, 1.3333, 1.3667, 1.4, 1.4333, 1.4667, 1.5, 1.5333, 1.5667, 1.6, 1.6333, 1.6667, 1.8333, 2.0, 2.3333, 2.6667, 3.0, 3.3333, 3.6667, 3.8667],
            "transform": [
                [1.0, -0.0, -1e-06, 0.0, 1e-06, -0.073218, 0.997316, 0.37472, -0.0, -0.997316, -0.073218, 0.0, 0.0, 0.0, 0.0, 1.0],
                [1.0, -0.0, -1e-06, -0.0, 1e-06, -0.037306, 0.999305, 0.37472, -0.0, -0.999304, -0.037306, -0.0, 0.0, 0.0, 0.0, 1.0],
                [1.0, -0.0, -1e-06, 0.0, 1e-06, 0.004808, 0.999989, 0.37472, -0.0, -0.999988, 0.004808, 0.0, 0.0, 0.0, 0.0, 1.0],
                [1.0, -0.0, -1e-06, 0.0, 1e-06, 0.084024, 0.996465, 0.37472, 0.0, -0.996464, 0.084024, -0.0, 0.0, 0.0, 0.0, 1.0],
                [1.0, -0.0, -1e-06, 0.0, 1e-06, 0.242626, 0.97012, 0.37472, 0.0, -0.97012, 0.242626, -0.0, 0.0, 0.0, 0.0, 1.0],
                [1.0, -0.0, -1e-06, 0.0, 1e-06, 0.612772, 0.79026, 0.37472, 0.0, -0.79026, 0.612772, 0.0, 0.0, 0.0, 0.0, 1.0],
                [1.0, -0.0, -1e-06, 0.0, 1e-06, -0.113289, 0.993563, 0.37472, -0.0, -0.993562, -0.113289, -0.0, 0.0, 0.0, 0.0, 1.0],
                [1.0, 0.0, -1e-06, 0.0, 1e-06, -0.593816, 0.804601, 0.37472, -1e-06, -0.804601, -0.593817, -0.0, 0.0, 0.0, 0.0, 1.0],
                [1.0, 0.0, -1e-06, 0.0, 1e-06, -0.448743, 0.893661, 0.37472, -0.0, -0.893661, -0.448743, 0.0, 0.0, 0.0, 0.0, 1.0],
                [1.0, -0.0, -1e-06, -0.0, 1e-06, -0.175709, 0.984443, 0.37472, -0.0, -0.984443, -0.175709, 0.0, 0.0, 0.0, 0.0, 1.0],
                [1.0, -0.0, -1e-06, 0.0, 1e-06, 0.010741, 0.999943, 0.37472, -0.0, -0.999943, 0.010741, -0.0, 0.0, 0.0, 0.0, 1.0],
                [1.0, 0.0, -1e-06, -0.0, 1e-06, -0.256031, 0.966669, 0.37472, -0.0, -0.966668, -0.256031, 0.0, 0.0, 0.0, 0.0, 1.0],
                [1.0, 0.0, -1e-06, -0.0, 1e-06, -0.356744, 0.934203, 0.37472, -0.0, -0.934202, -0.356745, 0.0, 0.0, 0.0, 0.0, 1.0],
                [1.0, 0.0, -1e-06, 0.0, 1e-06, -0.378853, 0.925457, 0.37472, -0.0, -0.925457, -0.378853, 0.0, 0.0, 0.0, 0.0, 1.0],
                [1.0, 0.0, -1e-06, -0.0, 1e-06, -0.370655, 0.928771, 0.37472, -0.0, -0.928771, -0.370655, -0.0, 0.0, 0.0, 0.0, 1.0],
                [1.0, 0.0, -1e-06, -0.0, 1e-06, -0.367826, 0.929895, 0.37472, -0.0, -0.929895, -0.367827, 0.0, 0.0, 0.0, 0.0, 1.0],
                [1.0, 0.0, -1e-06, -0.0, 1e-06, -0.376725, 0.926325, 0.37472, -0.0, -0.926325, -0.376725, -0.0, 0.0, 0.0, 0.0, 1.0],
                [1.0, 0.0, -1e-06, -0.0, 1e-06, -0.383012, 0.923744, 0.37472, -0.0, -0.923743, -0.383012, -0.0, 0.0, 0.0, 0.0, 1.0],
                [1.0, 0.0, -1e-06, 0.0, 1e-06, -0.387278, 0.921964, 0.37472, -0.0, -0.921963, -0.387279, 0.0, 0.0, 0.0, 0.0, 1.0],
                [1.0, -0.0, -1e-06, -0.0, 1e-06, -0.389366, 0.921083, 0.37472, -0.0, -0.921083, -0.389367, -0.0, 0.0, 0.0, 0.0, 1.0],
                [1.0, 0.0, -1e-06, -0.0, 1e-06, -0.39145, 0.9202, 0.37472, -0.0, -0.920199, -0.391451, -0.0, 0.0, 0.0, 0.0, 1.0],
                [1.0, 0.0, -1e-06, 0.0, 1e-06, -0.390332, 0.920675, 0.37472, -0.0, -0.920675, -0.390332, 0.0, 0.0, 0.0, 0.0, 1.0],
                [1.0, 0.0, -1e-06, -0.0, 1e-06, -0.389214, 0.921148, 0.37472, -0.0, -0.921147, -0.389214, 0.0, 0.0, 0.0, 0.0, 1.0],
                [1.0, -0.0, -1e-06, -0.0, 1e-06, -0.388094, 0.921621, 0.37472, -1e-06, -0.92162, -0.388095, -0.0, 0.0, 0.0, 0.0, 1.0],
                [1.0, -0.0, -1e-06, 0.0, 1e-06, -0.386974, 0.922092, 0.37472, -0.0, -0.922091, -0.386975, 0.0, 0.0, 0.0, 0.0, 1.0],
                [1.0, -0.0, -1e-06, -0.0, 1e-06, -0.384132, 0.923279, 0.37472, -0.0, -0.923278, -0.384133, -0.0, 0.0, 0.0, 0.0, 1.0],
                [1.0, -0.0, -1e-06, 0.0, 1e-06, -0.381288, 0.924458, 0.37472, -0.0, -0.924457, -0.381288, 0.0, 0.0, 0.0, 0.0, 1.0],
                [1.0, -0.0, -1e-06, 0.0, 1e-06, -0.379362, 0.925249, 0.37472, -0.0, -0.925249, -0.379362, 0.0, 0.0, 0.0, 0.0, 1.0],
                [1.0, -0.0, -1e-06, 0.0, 1e-06, -0.377435, 0.926037, 0.37472, -0.0, -0.926036, -0.377435, -0.0, 0.0, 0.0, 0.0, 1.0],
                [1.0, -0.0, -1e-06, -0.0, 1e-06, -0.378613, 0.925556, 0.37472, -1e-06, -0.925555, -0.378613, -0.0, 0.0, 0.0, 0.0, 1.0],
                [1.0, -0.0, -1e-06, -0.0, 1e-06, -0.37979, 0.925074, 0.37472, -1e-06, -0.925073, -0.37979, 0.0, 0.0, 0.0, 0.0, 1.0],
                [1.0, -0.0, -1e-06, -0.0, 1e-06, -0.380966, 0.92459, 0.37472, -1e-06, -0.924589, -0.380966, 0.0, 0.0, 0.0, 0.0, 1.0],
                [1.0, -0.0, -1e-06, 0.0, 1e-06, -0.382142, 0.924104, 0.37472, -1e-06, -0.924104, -0.382142, -0.0, 0.0, 0.0, 0.0, 1.0],
                [1.0, -0.0, -1e-06, -0.0, 1e-06, -0.383317, 0.923618, 0.37472, -1e-06, -0.923617, -0.383317, 0.0, 0.0, 0.0, 0.0, 1.0],
                [1.0, -0.0, -1e-06, 0.0, 1e-06, -0.38591, 0.922537, 0.37472, -1e-06, -0.922536, -0.38591, -0.0, 0.0, 0.0, 0.0, 1.0],
                [1.0, -0.0, -1e-06, -0.0, 1e-06, -0.388499, 0.92145, 0.37472, -1e-06, -0.921449, -0.3885, -0.0, 0.0, 0.0, 0.0, 1.0],
                [1.0, -0.0, -1e-06, -0.0, 1e-06, -0.390843, 0.920459, 0.37472, -1e-06, -0.920458, -0.390843, -0.0, 0.0, 0.0, 0.0, 1.0],
                [1.0, -0.0, -1e-06, 0.0, 1e-06, -0.393183, 0.919462, 0.37472, -1e-06, -0.919461, -0.393183, -0.0, 0.0, 0.0, 0.0, 1.0],
                [1.0, -0.0, -1e-06, 0.0, 1e-06, -0.394475, 0.918907, 0.37472, -1e-06, -0.918907, -0.394475, -0.0, 0.0, 0.0, 0.0, 1.0],
                [1.0, -0.0, -1e-06, -0.0, 1e-06, -0.395766, 0.918352, 0.37472, -1e-06, -0.918352, -0.395766, -0.0, 0.0, 0.0, 0.0, 1.0],
                [1.0, -0.0, -1e-06, 0.0, 1e-06, -0.397056, 0.917795, 0.37472, -1e-06, -0.917794, -0.397057, -0.0, 0.0, 0.0, 0.0, 1.0],
                [1.0, -0.0, -1e-06, -0.0, 1e-06, -0.395682, 0.918388, 0.37472, -1e-06, -0.918388, -0.395682, -0.0, 0.0, 0.0, 0.0, 1.0],
                [1.0, -0.0, -1e-06, 0.0, 1e-06, -0.394307, 0.91898, 0.37472, -1e-06, -0.918979, -0.394307, -0.0, 0.0, 0.0, 0.0, 1.0],
                [1.0, -0.0, -1e-06, -0.0, 1e-06, -0.39293, 0.919569, 0.37472, -1e-06, -0.919568, -0.392931, 0.0, 0.0, 0.0, 0.0, 1.0],
                [1.0, -0.0, -1e-06, -0.0, 1e-06, -0.391552, 0.920156, 0.37472, -1e-06, -0.920156, -0.391553, 0.0, 0.0, 0.0, 0.0, 1.0],
                [1.0, -0.0, -1e-06, 0.0, 1e-06, -0.387483, 0.921878, 0.37472, -1e-06, -0.921877, -0.387483, -0.0, 0.0, 0.0, 0.0, 1.0],
                [1.0, -0.0, -1e-06, -0.0, 1e-06, -0.381998, 0.924164, 0.37472, -1e-06, -0.924163, -0.381998, 0.0, 0.0, 0.0, 0.0, 1.0],
                [1.0, -0.0, -1e-06, 0.0, 1e-06, -0.374802, 0.927105, 0.37472, -1e-06, -0.927105, -0.374802, -0.0, 0.0, 0.0, 0.0, 1.0],
                [1.0, -0.0, -1e-06, -0.0, 1e-06, -0.365606, 0.93077, 0.37472, -1e-06, -0.93077, -0.365607, 0.0, 0.0, 0.0, 0.0, 1.0],
                [1.0, -0.0, -1e-06, -0.0, 1e-06, -0.354031, 0.935235, 0.37472, -1e-06, -0.935234, -0.354031, 0.0, 0.0, 0.0, 0.0, 1.0],
                [1.0, -0.0, -1e-06, -0.0, 1e-06, -0.339406, 0.94064, 0.37472, -1e-06, -0.94064, -0.339407, -0.0, 0.0, 0.0, 0.0, 1.0],
                [1.0, -1e-06, -1e-06, 0.0, 1e-06, 0.081626, 0.996664, 0.37472, -0.0, -0.996663, 0.081626, -0.0, 0.0, 0.0, 0.0, 1.0],
                [1.0, -1e-06, -1e-06, 0.0, 1e-06, 0.346231, 0.93815, 0.37472, -0.0, -0.93815, 0.346231, -0.0, 0.0, 0.0, 0.0, 1.0],
                [1.0, -1e-06, -1e-06, -0.0, 1e-06, 0.539424, 0.842034, 0.37472, -0.0, -0.842034, 0.539424, 0.0, 0.0, 0.0, 0.0, 1.0],
                [1.0, -1e-06, -1e-06, -0.0, 1e-06, 0.707324, 0.70689, 0.37472, -0.0, -0.70689, 0.707324, 0.0, 0.0, 0.0, 0.0, 1.0],
                [1.0, -1e-06, -1e-06, 0.0, 1e-06, 0.867238, 0.497895, 0.37472, 0.0, -0.497895, 0.867237, -0.0, 0.0, 0.0, 0.0, 1.0],
                [1.0, -1e-06, -1e-06, 0.0, 1e-06, 0.866891, 0.498498, 0.37472, 0.0, -0.498498, 0.866891, -0.0, 0.0, 0.0, 0.0, 1.0],
                [1.0, -1e-06, -0.0, 0.0, 1e-06, 0.893698, 0.448669, 0.37472, -0.0, -0.448669, 0.893698, -0.0, 0.0, 0.0, 0.0, 1.0],
                [1.0, -1e-06, -0.0, -0.0, 1e-06, 0.932202, 0.361941, 0.37472, 0.0, -0.361941, 0.932201, -0.0, 0.0, 0.0, 0.0, 1.0]
            ]
        },
        {
            "name": "Knee_R",
            "time": [0.0, 0.0333, 0.0667, 0.1, 0.1333, 0.1667, 0.2, 0.2333, 0.2667, 0.3, 0.3333, 0.3667, 0.4, 0.4333, 0.4667, 0.5, 0.5333, 0.5667, 0.6, 0.6333, 0.6667, 0.7, 0.7333, 0.7667, 0.8, 0.8333, 0.8667, 0.9, 0.9333, 0.9667, 1.0, 1.0333, 1.0667, 1.1, 1.1333, 1.1667, 1.2, 1.2333, 1.2667, 1.3, 1.3333, 1.3667, 1.4, 1.4333, 1.4667, 1.5, 1.5333, 1.5667, 1.6, 1.6333, 1.6667, 1.8333, 2.0, 2.3333, 2.6667, 3.0, 3.3333, 3.6667, 3.8667],
            "transform": [
                [1.0, 0.0, -1e-06, -0.0, -0.0, 0.0, -1.0, 0.37472, -0.0, 1.0, 0.0, -0.0, 0.0, 0.0, 0.0, 1.0],
                [1.0, 0.0, -0.0, -0.0, -0.0, 0.0, -1.0, 0.37472, -0.0, 1.0, 0.0, -0.0, 0.0, 0.0, 0.0, 1.0],
                [1.0, 0.0, -0.0, 0.0, -0.0, 0.0, -1.0, 0.37472, -0.0, 1.0, 0.0, 0.0, 0.0, 0.0, 0.0, 1.0],
                [1.0, 0.0, -0.0, 0.0, -0.0, 0.0, -1.0, 0.37472, -0.0, 1.0, 0.0, -0.0, 0.0, 0.0, 0.0, 1.0],
                [1.0, 0.0, -0.0, 0.0, -0.0, 0.0, -1.0, 0.37472, -0.0, 1.0, 0.0, -0.0, 0.0, 0.0, 0.0, 1.0],
                [1.0, 0.0, -0.0, 0.0, -0.0, 0.0, -1.0, 0.37472, -0.0, 1.0, 0.0, 0.0, 0.0, 0.0, 0.0, 1.0],
                [1.0, 0.0, -0.0, 0.0, -0.0, 0.0, -1.0, 0.37472, -0.0, 1.0, 0.0, -0.0, 0.0, 0.0, 0.0, 1.0],
                [1.0, 0.0, -0.0, 0.0, -0.0, 0.0, -1.0, 0.37472, -0.0, 1.0, 0.0, -0.0, 0.0, 0.0, 0.0, 1.0],
                [1.0, 0.0, -1e-06, 0.0, -0.0, 0.0, -1.0, 0.37472, -0.0, 1.0, 0.0, 0.0, 0.0, 0.0, 0.0, 1.0],
                [1.0, 0.0, -1e-06, 0.0, -1e-06, 0.0, -1.0, 0.37472, -0.0, 1.0, 0.0, -0.0, 0.0, 0.0, 0.0, 1.0],
                [1.0, 0.0, -0.0, -0.0, -0.0, 0.0, -1.0, 0.37472, -0.0, 1.0, 0.0, -1e-06, 0.0, 0.0, 0.0, 1.0],
                [1.0, 0.0, -0.0, -0.0, -0.0, 0.0, -1.0, 0.37472, -0.0, 1.0, 0.0, 0.0, 0.0, 0.0, 0.0, 1.0],
                [1.0, 0.0, -0.0, -0.0, -0.0, 0.0, -1.0, 0.37472, -0.0, 1.0, 0.0, 0.0, 0.0, 0.0, 0.0, 1.0],
                [1.0, 0.0, -0.0, 0.0, -1e-06, 0.0, -1.0, 0.37472, -0.0, 1.0, 0.0, 0.0, 0.0, 0.0, 0.0, 1.0],
                [1.0, 0.0, -1e-06, -0.0, -0.0, 0.0, -1.0, 0.37472, -0.0, 1.0, 0.0, -0.0, 0.0, 0.0, 0.0, 1.0],
                [1.0, 0.0, -0.0, -0.0, -0.0, 0.0, -1.0, 0.37472, -0.0, 1.0, 0.0, 0.0, 0.0, 0.0, 0.0, 1.0],
                [1.0, 0.0, -0.0, -0.0, -0.0, 0.0, -1.0, 0.37472, -0.0, 1.0, 0.0, -0.0, 0.0, 0.0, 0.0, 1.0],
                [1.0, 0.0, -1e-06, -0.0, -1e-06, 0.0, -1.0, 0.37472, -0.0, 1.0, 0.0, -0.0, 0.0, 0.0, 0.0, 1.0],
                [1.0, 0.0, -0.0, 0.0, -0.0, 0.0, -1.0, 0.37472, -0.0, 1.0, 0.0, 0.0, 0.0, 0.0, 0.0, 1.0],
                [1.0, 0.0, -0.0, -0.0, -0.0, 0.0, -1.0, 0.37472, -0.0, 1.0, 0.0, -0.0, 0.0, 0.0, 0.0, 1.0],
                [1.0, 0.0, -0.0, -0.0, -0.0, 0.0, -1.0, 0.37472, -0.0, 1.0, 0.0, -0.0, 0.0, 0.0, 0.0, 1.0],
                [1.0, 0.0, -0.0, 0.0, -0.0, 0.0, -1.0, 0.37472, -0.0, 1.0, 0.0, 0.0, 0.0, 0.0, 0.0, 1.0],
                [1.0, 0.0, -0.0, 0.0, -0.0, 0.0, -1.0, 0.37472, -0.0, 1.0, 0.0, 0.0, 0.0, 0.0, 0.0, 1.0],
                [1.0, 0.0, -0.0, 0.0, -0.0, 0.0, -1.0, 0.37472, -0.0, 1.0, 0.0, -0.0, 0.0, 0.0, 0.0, 1.0],
                [1.0, 0.0, -0.0, 0.0, -0.0, 0.0, -1.0, 0.37472, -0.0, 1.0, 0.0, 0.0, 0.0, 0.0, 0.0, 1.0],
                [1.0, 0.0, -0.0, -0.0, -0.0, 0.0, -1.0, 0.37472, -0.0, 1.0, 0.0, -0.0, 0.0, 0.0, 0.0, 1.0],
                [1.0, 0.0, -0.0, 0.0, -0.0, 0.0, -1.0, 0.37472, -0.0, 1.0, 0.0, 0.0, 0.0, 0.0, 0.0, 1.0],
                [1.0, 0.0, -0.0, 0.0, -0.0, 0.0, -1.0, 0.37472, -0.0, 1.0, 0.0, 0.0, 0.0, 0.0, 0.0, 1.0],
                [1.0, 0.0, -0.0, 0.0, -0.0, 0.0, -1.0, 0.37472, -0.0, 1.0, 0.0, -0.0, 0.0, 0.0, 0.0, 1.0],
                [1.0, 0.0, -0.0, -0.0, -0.0, 0.0, -1.0, 0.37472, -0.0, 1.0, 0.0, -0.0, 0.0, 0.0, 0.0, 1.0],
                [1.0, 0.0, -0.0, -0.0, -0.0, 0.0, -1.0, 0.37472, -0.0, 1.0, 0.0, 0.0, 0.0, 0.0, 0.0, 1.0],
                [1.0, 0.0, -0.0, -0.0, -0.0, 0.0, -1.0, 0.37472, -0.0, 1.0, 0.0, 0.0, 0.0, 0.0, 0.0, 1.0],
                [1.0, 0.0, -0.0, 0.0, -0.0, 0.0, -1.0, 0.37472, -0.0, 1.0, 0.0, -0.0, 0.0, 0.0, 0.0, 1.0],
                [1.0, 0.0, -0.0, -0.0, -0.0, 0.0, -1.0, 0.37472, -0.0, 1.0, 0.0, 0.0, 0.0, 0.0, 0.0, 1.0],
                [1.0, 0.0, -0.0, 0.0, -0.0, 0.0, -1.0, 0.37472, -0.0, 1.0, 0.0, -0.0, 0.0, 0.0, 0.0, 1.0],
                [1.0, 0.0, -0.0, -0.0, -0.0, 0.0, -1.0, 0.37472, -0.0, 1.0, 0.0, 0.0, 0.0, 0.0, 0.0, 1.0],
                [1.0, 0.0, -0.0, -0.0, -0.0, 0.0, -1.0, 0.37472, -0.0, 1.0, 0.0, -0.0, 0.0, 0.0, 0.0, 1.0],
                [1.0, 0.0, -0.0, 0.0, -0.0, 0.0, -1.0, 0.37472, -0.0, 1.0, 0.0, -0.0, 0.0, 0.0, 0.0, 1.0],
                [1.0, 0.0, -0.0, 0.0, -0.0, 0.0, -1.0, 0.37472, -0.0, 1.0, 0.0, -0.0, 0.0, 0.0, 0.0, 1.0],
                [1.0, 0.0, -0.0, -0.0, -0.0, 0.0, -1.0, 0.37472, -0.0, 1.0, 0.0, -0.0, 0.0, 0.0, 0.0, 1.0],
                [1.0, 0.0, -0.0, 0.0, -0.0, 0.0, -1.0, 0.37472, -0.0, 1.0, 0.0, -0.0, 0.0, 0.0, 0.0, 1.0],
                [1.0, 0.0, -0.0, -0.0, -0.0, 0.0, -1.0, 0.37472, -0.0, 1.0, 0.0, -0.0, 0.0, 0.0, 0.0, 1.0],
                [1.0, 0.0, -0.0, 0.0, -0.0, 0.0, -1.0, 0.37472, -0.0, 1.0, 0.0, -0.0, 0.0, 0.0, 0.0, 1.0],
                [1.0, 0.0, -0.0, -0.0, -1e-06, 0.0, -1.0, 0.37472, -0.0, 1.0, 0.0, 0.0, 0.0, 0.0, 0.0, 1.0],
                [1.0, 0.0, -0.0, 0.0, -0.0, 0.0, -1.0, 0.37472, -0.0, 1.0, 0.0, 0.0, 0.0, 0.0, 0.0, 1.0],
                [1.0, 0.0, -0.0, 1e-06, -0.0, 0.0, -1.0, 0.37472, -0.0, 1.0, 0.0, -0.0, 0.0, 0.0, 0.0, 1.0],
                [1.0, 0.0, -0.0, 0.0, -1e-06, 0.0, -1.0, 0.37472, -0.0, 1.0, 0.0, 0.0, 0.0, 0.0, 0.0, 1.0],
                [1.0, 0.0, -0.0, 0.0, -0.0, 0.0, -1.0, 0.37472, -0.0, 1.0, 0.0, -0.0, 0.0, 0.0, 0.0, 1.0],
                [1.0, 0.0, -0.0, -0.0, -0.0, 0.0, -1.0, 0.37472, -0.0, 1.0, 0.0, 0.0, 0.0, 0.0, 0.0, 1.0],
                [1.0, 0.0, -0.0, -0.0, -0.0, 0.0, -1.0, 0.37472, -0.0, 1.0, 0.0, 0.0, 0.0, 0.0, 0.0, 1.0],
                [1.0, 0.0, -0.0, -0.0, -0.0, 0.0, -1.0, 0.37472, -0.0, 1.0, 0.0, -0.0, 0.0, 0.0, 0.0, 1.0],
                [1.0, 0.0, -0.0, 1e-06, -0.0, 0.0, -1.0, 0.374721, -0.0, 1.0, 0.0, -0.0, 0.0, 0.0, 0.0, 1.0],
                [1.0, 0.0, -0.0, 0.0, -0.0, 0.0, -1.0, 0.37472, -0.0, 1.0, 0.0, -0.0, 0.0, 0.0, 0.0, 1.0],
                [1.0, 0.0, -1e-06, 0.0, -0.0, 0.0, -1.0, 0.37472, -0.0, 1.0, 0.0, 0.0, 0.0, 0.0, 0.0, 1.0],
                [1.0, 0.0, -0.0, -0.0, -0.0, 0.0, -1.0, 0.37472, -0.0, 1.0, 0.0, -0.0, 0.0, 0.0, 0.0, 1.0],
                [1.0, 0.0, -0.0, 1e-06, -0.0, 0.0, -1.0, 0.37472, -0.0, 1.0, 0.0, -1e-06, 0.0, 0.0, 0.0, 1.0],
                [1.0, 0.0, -0.0, 0.0, -0.0, 0.0, -1.0, 0.37472, -0.0, 1.0, 0.0, -0.0, 0.0, 0.0, 0.0, 1.0],
                [1.0, 0.0, -0.0, 0.0, -0.0, 0.0, -1.0, 0.37472, -0.0, 1.0, 0.0, -1e-06, 0.0, 0.0, 0.0, 1.0],
                [1.0, 0.0, -0.0, -0.0, -0.0, 0.0, -1.0, 0.37472, -0.0, 1.0, 0.0, -1e-06, 0.0, 0.0, 0.0, 1.0]
            ]
        },
        {
            "name": "Thigh_L",
            "time": [0.0, 0.0333, 0.0667, 0.1, 0.1333, 0.1667, 0.2, 0.2333, 0.2667, 0.3, 0.3333, 0.3667, 0.4, 0.4333, 0.4667, 0.5, 0.5333, 0.5667, 0.6, 0.6333, 0.6667, 0.7, 0.7333, 0.7667, 0.8, 0.8333, 0.8667, 0.9, 0.9333, 0.9667, 1.0, 1.0333, 1.0667, 1.1, 1.1333, 1.1667, 1.2, 1.2333, 1.2667, 1.3, 1.3333, 1.3667, 1.4, 1.4333, 1.4667, 1.5, 1.5333, 1.5667, 1.6, 1.6333, 1.6667, 1.8333, 2.0, 2.3333, 2.6667, 3.0, 3.3333, 3.6667, 3.8667],
            "transform": [
                [0.313211, 0.066636, 0.947343, -0.125006, -0.774773, -0.558948, 0.295472, -0.002831, 0.549205, -0.82652, -0.123442, -1.2e-05, 0.0, 0.0, 0.0, 1.0],
                [0.386255, 0.232142, 0.892702, -0.125006, -0.75276, -0.479981, 0.450522, -0.002831, 0.533065, -0.846007, -0.010648, -1.2e-05, 0.0, 0.0, 0.0, 1.0],
                [0.42984, 0.340408, 0.836277, -0.125006, -0.734178, -0.407357, 0.543178, -0.002831, 0.525566, -0.847457, 0.074822, -1.2e-05, 0.0, 0.0, 0.0, 1.0],
                [0.467355, 0.439606, 0.767025, -0.125006, -0.707079, -0.334926, 0.622787, -0.00283, 0.530677, -0.83341, 0.154306, -1.2e-05, 0.0, 0.0, 0.0, 1.0],
                [0.52969, 0.562245, 0.635066, -0.125006, -0.639174, -0.227594, 0.734614, -0.002831, 0.55757, -0.795036, 0.238818, -1.2e-05, 0.0, 0.0, 0.0, 1.0],
                [0.640971, 0.671139, 0.372464, -0.125006, -0.457097, -0.05607, 0.887648, -0.002831, 0.616618, -0.739209, 0.270837, -1.2e-05, 0.0, 0.0, 0.0, 1.0],
                [0.866006, 0.484337, -0.124306, -0.125006, 0.125837, 0.029498, 0.991612, -0.002831, 0.483941, -0.874384, -0.035402, -1.2e-05, 0.0, 0.0, 0.0, 1.0],
                [0.868559, -0.340115, -0.360455, -0.125006, -0.006303, -0.734852, 0.678198, -0.002831, -0.495546, -0.586783, -0.640406, -1.2e-05, 0.0, 0.0, 0.0, 1.0],
                [0.051457, -0.721231, -0.690781, -0.125006, -0.672154, -0.536591, 0.510175, -0.002831, -0.738621, 0.438059, -0.51239, -1.2e-05, 0.0, 0.0, 0.0, 1.0],
                [-0.199215, -0.583746, -0.787118, -0.125006, -0.761652, -0.413163, 0.499181, -0.002831, -0.616603, 0.698955, -0.362303, -1.1e-05, 0.0, 0.0, 0.0, 1.0],
                [-0.22986, -0.440898, -0.867625, -0.125006, -0.82606, -0.382978, 0.413464, -0.002831, -0.514577, 0.811749, -0.276177, -1.1e-05, 0.0, 0.0, 0.0, 1.0],
                [-0.257474, -0.379996, -0.888431, -0.125006, -0.836887, -0.371922, 0.401614, -0.002831, -0.483039, 0.846922, -0.222254, -1.2e-05, 0.0, 0.0, 0.0, 1.0],
                [-0.278216, -0.330671, -0.901805, -0.125006, -0.837615, -0.375983, 0.396278, -0.00283, -0.470101, 0.865617, -0.172371, -1.2e-05, 0.0, 0.0, 0.0, 1.0],
                [-0.292992, -0.289701, -0.91117, -0.125006, -0.833735, -0.389077, 0.391797, -0.00283, -0.468019, 0.874467, -0.127538, -1.2e-05, 0.0, 0.0, 0.0, 1.0],
                [-0.302174, -0.261761, -0.91661, -0.125006, -0.828397, -0.403646, 0.388365, -0.002831, -0.471645, 0.876671, -0.09487, -1.1e-05, 0.0, 0.0, 0.0, 1.0],
                [-0.308111, -0.244006, -0.919527, -0.125006, -0.825721, -0.411455, 0.385863, -0.00283, -0.472496, 0.878161, -0.074707, -1.2e-05, 0.0, 0.0, 0.0, 1.0],
                [-0.311288, -0.249174, -0.917067, -0.125006, -0.821912, -0.413817, 0.391426, -0.002831, -0.477031, 0.875596, -0.075983, -1.2e-05, 0.0, 0.0, 0.0, 1.0],
                [-0.313251, -0.252242, -0.915559, -0.125006, -0.819375, -0.415601, 0.394843, -0.002831, -0.480104, 0.87387, -0.076493, -1.1e-05, 0.0, 0.0, 0.0, 1.0],
                [-0.313264, -0.25266, -0.915439, -0.125006, -0.818254, -0.417446, 0.395222, -0.002831, -0.482003, 0.87287, -0.075969, -1.2e-05, 0.0, 0.0, 0.0, 1.0],
                [-0.311148, -0.249991, -0.916893, -0.125006, -0.818496, -0.419799, 0.392216, -0.002831, -0.482961, 0.87251, -0.073997, -1.2e-05, 0.0, 0.0, 0.0, 1.0],
                [-0.308213, -0.243618, -0.919596, -0.125006, -0.820854, -0.420483, 0.386513, -0.002831, -0.480836, 0.873982, -0.070376, -1.1e-05, 0.0, 0.0, 0.0, 1.0],
                [-0.304931, -0.23529, -0.922853, -0.125006, -0.824132, -0.42045, 0.379509, -0.002831, -0.477308, 0.876277, -0.065702, -1.1e-05, 0.0, 0.0, 0.0, 1.0],
                [-0.29996, -0.228828, -0.9261, -0.125006, -0.826102, -0.42317, 0.372131, -0.00283, -0.477052, 0.876678, -0.062101, -1.2e-05, 0.0, 0.0, 0.0, 1.0],
                [-0.295839, -0.22286, -0.928878, -0.125006, -0.82817, -0.424755, 0.365674, -0.002831, -0.476039, 0.877449, -0.058907, -1.1e-05, 0.0, 0.0, 0.0, 1.0],
                [-0.292732, -0.217839, -0.931051, -0.125006, -0.830203, -0.425201, 0.360509, -0.002831, -0.474416, 0.878494, -0.05638, -1.2e-05, 0.0, 0.0, 0.0, 1.0],
                [-0.290143, -0.214356, -0.932668, -0.125006, -0.832105, -0.424859, 0.356505, -0.002831, -0.472671, 0.879515, -0.055097, -1.2e-05, 0.0, 0.0, 0.0, 1.0],
                [-0.287731, -0.211552, -0.934054, -0.125006, -0.833926, -0.424237, 0.352972, -0.00283, -0.470932, 0.880493, -0.054352, -1.2e-05, 0.0, 0.0, 0.0, 1.0],
                [-0.285049, -0.211696, -0.934844, -0.125006, -0.834259, -0.425448, 0.350722, -0.002831, -0.471974, 0.879874, -0.055336, -1.1e-05, 0.0, 0.0, 0.0, 1.0],
                [-0.283163, -0.211835, -0.935386, -0.125006, -0.834179, -0.426858, 0.349195, -0.002831, -0.473248, 0.879158, -0.055838, -1.2e-05, 0.0, 0.0, 0.0, 1.0],
                [-0.282697, -0.213019, -0.935257, -0.125006, -0.834166, -0.426763, 0.349343, -0.002831, -0.47355, 0.878917, -0.057049, -1.1e-05, 0.0, 0.0, 0.0, 1.0],
                [-0.283984, -0.213918, -0.934662, -0.125006, -0.83393, -0.42597, 0.350871, -0.00283, -0.473196, 0.879084, -0.057424, -1.2e-05, 0.0, 0.0, 0.0, 1.0],
                [-0.285335, -0.216794, -0.933587, -0.125006, -0.833152, -0.425383, 0.35342, -0.00283, -0.473752, 0.878663, -0.059246, -1.2e-05, 0.0, 0.0, 0.0, 1.0],
                [-0.287528, -0.220334, -0.932084, -0.125006, -0.832163, -0.424322, 0.35701, -0.002831, -0.474165, 0.878296, -0.061349, -1.1e-05, 0.0, 0.0, 0.0, 1.0],
                [-0.290839, -0.223858, -0.930216, -0.125006, -0.83115, -0.422472, 0.361534, -0.002831, -0.473922, 0.878297, -0.063189, -1.2e-05, 0.0, 0.0, 0.0, 1.0],
                [-0.294534, -0.228075, -0.928026, -0.125006, -0.829961, -0.420339, 0.366715, -0.002831, -0.473724, 0.878235, -0.065489, -1.2e-05, 0.0, 0.0, 0.0, 1.0],
                [-0.298393, -0.232967, -0.925574, -0.125006, -0.828614, -0.418033, 0.372353, -0.002831, -0.473666, 0.878052, -0.068301, -1.2e-05, 0.0, 0.0, 0.0, 1.0],
                [-0.302234, -0.238479, -0.922921, -0.125006, -0.827134, -0.415646, 0.378268, -0.002831, -0.473817, 0.877705, -0.071632, -1.2e-05, 0.0, 0.0, 0.0, 1.0],
                [-0.305856, -0.244329, -0.920194, -0.125006, -0.825603, -0.413287, 0.384152, -0.002831, -0.474163, 0.87721, -0.075313, -1.2e-05, 0.0, 0.0, 0.0, 1.0],
                [-0.309113, -0.250416, -0.917465, -0.125006, -0.824048, -0.411063, 0.389837, -0.002831, -0.474757, 0.876538, -0.07929, -1.2e-05, 0.0, 0.0, 0.0, 1.0],
                [-0.311859, -0.256468, -0.91486, -0.125006, -0.822535, -0.409091, 0.39507, -0.002831, -0.475584, 0.875711, -0.083375, -1.2e-05, 0.0, 0.0, 0.0, 1.0],
