{
    "animation": [
        {
            "name": "Root",
            "time": [0.0, 0.2333, 0.2667, 0.3, 0.3333, 0.3667, 0.4, 0.4333, 0.4667, 0.5, 0.5333, 0.5667, 0.6, 0.6333, 0.6667, 0.9, 1.2, 1.5, 1.8, 2.0],
            "transform": [
                [1.0, 0.0, 0.0, 0.011161, 0.0, -0.0, -1.0, 4.1e-05, 0.0, 1.0, -0.0, 0.493341, 0.0, 0.0, 0.0, 1.0],
                [1.0, 0.0, 0.0, 0.014338, 0.0, -0.0, -1.0, 0.513672, 0.0, 1.0, -0.0, 0.493341, 0.0, 0.0, 0.0, 1.0],
                [1.0, 0.0, 0.0, 0.044728, 0.0, -0.0, -1.0, 0.504756, 0.0, 1.0, -0.0, 0.493341, 0.0, 0.0, 0.0, 1.0],
                [1.0, 0.0, 0.0, 0.059685, 0.0, -0.0, -1.0, 0.507236, 0.0, 1.0, -0.0, 0.493341, 0.0, 0.0, 0.0, 1.0],
                [1.0, 0.0, 0.0, 0.067073, 0.0, -0.0, -1.0, 0.512142, 0.0, 1.0, -0.0, 0.493341, 0.0, 0.0, 0.0, 1.0],
                [1.0, 0.0, 0.0, 0.066353, 0.0, -0.0, -1.0, 0.516682, 0.0, 1.0, -0.0, 0.493341, 0.0, 0.0, 0.0, 1.0],
                [1.0, 0.0, 0.0, 0.062312, 0.0, -0.0, -1.0, 0.523438, 0.0, 1.0, -0.0, 0.493341, 0.0, 0.0, 0.0, 1.0],
                [1.0, 0.0, 0.0, 0.056333, 0.0, -0.0, -1.0, 0.537124, 0.0, 1.0, -0.0, 0.493341, 0.0, 0.0, 0.0, 1.0],
                [1.0, 0.0, 0.0, 0.047865, 0.0, -0.0, -1.0, 0.569387, 0.0, 1.0, -0.0, 0.493341, 0.0, 0.0, 0.0, 1.0],
                [1.0, 0.0, 0.0, 0.039049, 0.0, -0.0, -1.0, 0.625255, 0.0, 1.0, -0.0, 0.493341, 0.0, 0.0, 0.0, 1.0],
                [1.0, 0.0, 0.0, 0.030665, 0.0, -0.0, -1.0, 0.682589, 0.0, 1.0, -0.0, 0.493341, 0.0, 0.0, 0.0, 1.0],
                [1.0, 0.0, 0.0, 0.020906, 0.0, -0.0, -1.0, 0.749301, 0.0, 1.0, -0.0, 0.493341, 0.0, 0.0, 0.0, 1.0],
                [1.0, 0.0, 0.0, 0.006995, 0.0, -0.0, -1.0, 0.841925, 0.0, 1.0, -0.0, 0.493341, 0.0, 0.0, 0.0, 1.0],
                [1.0, 0.0, 0.0, -0.006876, 0.0, -0.0, -1.0, 0.92836, 0.0, 1.0, -0.0, 0.493341, 0.0, 0.0, 0.0, 1.0],
                [1.0, 0.0, 0.0, -0.019425, 0.0, -0.0, -1.0, 0.996498, 0.0, 1.0, -0.0, 0.532555, 0.0, 0.0, 0.0, 1.0],
                [1.0, 0.0, 0.0, -0.075614, 0.0, -0.0, -1.0, 1.193531, 0.0, 1.0, -0.0, 0.548241, 0.0, 0.0, 0.0, 1.0],
                [1.0, 0.0, 0.0, -0.193934, 0.0, -0.0, -1.0, 1.248673, 0.0, 1.0, -0.0, 0.548241, 0.0, 0.0, 0.0, 1.0],
                [1.0, 0.0, 0.0, -0.277518, 0.0, -0.0, -1.0, 1.217531, 0.0, 1.0, -0.0, 0.563927, 0.0, 0.0, 0.0, 1.0],
                [1.0, 0.0, 0.0, -0.227118, 0.0, -0.0, -1.0, 1.181711, 0.0, 1.0, -0.0, 0.556084, 0.0, 0.0, 0.0, 1.0],
                [1.0, 0.0, 0.0, -0.201185, 0.0, -0.0, -1.0, 1.165394, 0.0, 1.0, -0.0, 0.563927, 0.0, 0.0, 0.0, 1.0]
            ]
        },
        {
            "name": "Thigh_R",
            "time": [0.0, 0.2333, 0.2667, 0.3, 0.3333, 0.3667, 0.4, 0.4333, 0.4667, 0.5, 0.5333, 0.5667, 0.6, 0.6333, 0.6667, 0.9, 1.2, 1.5, 1.8, 2.0],
            "transform": [
                [0.128223, -0.912089, -0.389425, 0.124994, -0.02032, -0.395, 0.918456, -0.009397, -0.991538, -0.109854, -0.069181, -0.109451, 0.0, 0.0, 0.0, 1.0],
                [0.867671, -0.256225, -0.426024, 0.124994, 0.198667, -0.60684, 0.769595, -0.002831, -0.455718, -0.752392, -0.475634, -1.2e-05, 0.0, 0.0, 0.0, 1.0],
                [0.882879, -0.244946, -0.400658, 0.124994, 0.188122, -0.597255, 0.779678, -0.002831, -0.430274, -0.763733, -0.481224, -1.2e-05, 0.0, 0.0, 0.0, 1.0],
                [0.899751, -0.233844, -0.368464, 0.124994, 0.163503, -0.602186, 0.781433, -0.002831, -0.404618, -0.76334, -0.503583, -1.2e-05, 0.0, 0.0, 0.0, 1.0],
                [0.906149, -0.25077, -0.3406, 0.124994, 0.110372, -0.637181, 0.76277, -0.002831, -0.408304, -0.728776, -0.549703, -1.2e-05, 0.0, 0.0, 0.0, 1.0],
                [0.917765, -0.248938, -0.309414, 0.124994, 0.085365, -0.637256, 0.765909, -0.002831, -0.38784, -0.729338, -0.563601, -1.2e-05, 0.0, 0.0, 0.0, 1.0],
                [0.928555, -0.241898, -0.281552, 0.124994, 0.06912, -0.632555, 0.771424, -0.002831, -0.364703, -0.73577, -0.570643, -1.2e-05, 0.0, 0.0, 0.0, 1.0],
                [0.941368, -0.22705, -0.249549, 0.124994, 0.053403, -0.630062, 0.774706, -0.002831, -0.333129, -0.74261, -0.580995, -1.2e-05, 0.0, 0.0, 0.0, 1.0],
                [0.955563, -0.209991, -0.20689, 0.124994, 0.028194, -0.633507, 0.773223, -0.002831, -0.293436, -0.744696, -0.599436, -1.2e-05, 0.0, 0.0, 0.0, 1.0],
                [0.966553, -0.194147, -0.167578, 0.124994, 0.000308, -0.65253, 0.757762, -0.002831, -0.256467, -0.732469, -0.630645, -1.2e-05, 0.0, 0.0, 0.0, 1.0],
                [0.973913, -0.178206, -0.140487, 0.124994, -0.018821, -0.680396, 0.732602, -0.002831, -0.226141, -0.710846, -0.666001, -1.2e-05, 0.0, 0.0, 0.0, 1.0],
                [0.979406, -0.162626, -0.119652, 0.124994, -0.034285, -0.717983, 0.695215, -0.002831, -0.198968, -0.676796, -0.708773, -1.2e-05, 0.0, 0.0, 0.0, 1.0],
                [0.985554, -0.13956, -0.095951, 0.124994, -0.047738, -0.772487, 0.633234, -0.002831, -0.162495, -0.619505, -0.76799, -1.2e-05, 0.0, 0.0, 0.0, 1.0],
                [0.99058, -0.114135, -0.075656, 0.124994, -0.051555, -0.822709, 0.56612, -0.002831, -0.126857, -0.556887, -0.820843, -1.2e-05, 0.0, 0.0, 0.0, 1.0],
                [0.99439, -0.089412, -0.056523, 0.124994, -0.04852, -0.86036, 0.507372, -0.002831, -0.093996, -0.501784, -0.859871, -1.2e-05, 0.0, 0.0, 0.0, 1.0],
                [0.995813, 0.002535, 0.09138, 0.124994, -0.02499, -0.953994, 0.298783, -0.002831, 0.087933, -0.299816, -0.949935, -1.2e-05, 0.0, 0.0, 0.0, 1.0],
                [0.954185, 0.208908, 0.214218, 0.124994, 0.130836, -0.935154, 0.329195, -0.002831, 0.269098, -0.286086, -0.919641, -1.2e-05, 0.0, 0.0, 0.0, 1.0],
                [0.480443, 0.42466, 0.767358, 0.124994, 0.328582, -0.898384, 0.291445, -0.002831, 0.813147, 0.112118, -0.571157, -1.2e-05, 0.0, 0.0, 0.0, 1.0],
                [0.554271, 0.257467, 0.791514, 0.124994, 0.289002, -0.951322, 0.107072, -0.002831, 0.780552, 0.169402, -0.601699, -1.2e-05, 0.0, 0.0, 0.0, 1.0],
                [0.523627, 0.239175, 0.817686, 0.124994, 0.275569, -0.955738, 0.103087, -0.00283, 0.806149, 0.17135, -0.566359, -1.2e-05, 0.0, 0.0, 0.0, 1.0]
            ]
        },
        {
            "name": "Leg_R",
            "time": [0.0, 0.2333, 0.2667, 0.3, 0.3333, 0.3667, 0.4, 0.4333, 0.4667, 0.5, 0.5333, 0.5667, 0.6, 0.6333, 0.6667, 0.9, 1.2, 1.5, 1.8, 2.0],
            "transform": [
                [1.0, 0.0, 0.0, 0.0, -0.0, -0.078142, 0.996942, 0.37472, 0.0, -0.996942, -0.078142, -0.0, 0.0, 0.0, 0.0, 1.0],
                [1.0, 0.0, 0.0, 0.0, -0.0, 0.635601, 0.772018, 0.37472, 0.0, -0.772018, 0.635601, -0.0, 0.0, 0.0, 0.0, 1.0],
                [1.0, 0.0, 0.0, 0.0, -0.0, 0.648794, 0.760964, 0.37472, 0.0, -0.760964, 0.648794, -0.0, 0.0, 0.0, 0.0, 1.0],
                [1.0, 0.0, 0.0, 0.0, -0.0, 0.661843, 0.749643, 0.37472, 0.0, -0.749643, 0.661843, 0.0, 0.0, 0.0, 0.0, 1.0],
                [1.0, 0.0, 0.0, 0.0, -0.0, 0.684292, 0.729208, 0.37472, 0.0, -0.729208, 0.684292, 0.0, 0.0, 0.0, 0.0, 1.0],
                [1.0, 0.0, 0.0, -0.0, -0.0, 0.681817, 0.731523, 0.37472, 0.0, -0.731523, 0.681817, 0.0, 0.0, 0.0, 0.0, 1.0],
                [1.0, 0.0, 0.0, 0.0, -0.0, 0.671289, 0.741196, 0.37472, -0.0, -0.741196, 0.671289, 0.0, 0.0, 0.0, 0.0, 1.0],
                [1.0, 0.0, 0.0, -0.0, -0.0, 0.656168, 0.754614, 0.37472, 0.0, -0.754614, 0.656168, -0.0, 0.0, 0.0, 0.0, 1.0],
                [1.0, 0.0, 0.0, 0.0, -0.0, 0.628472, 0.777832, 0.37472, 0.0, -0.777832, 0.628472, 0.0, 0.0, 0.0, 0.0, 1.0],
                [1.0, 0.0, 0.0, 0.0, -0.0, 0.595216, 0.803566, 0.37472, 0.0, -0.803566, 0.595215, -0.0, 0.0, 0.0, 0.0, 1.0],
                [1.0, 0.0, 0.0, -0.0, -0.0, 0.572341, 0.820016, 0.37472, 0.0, -0.820015, 0.572341, 0.0, 0.0, 0.0, 0.0, 1.0],
                [1.0, 0.0, 0.0, -0.0, -0.0, 0.557881, 0.829921, 0.37472, 0.0, -0.829921, 0.557881, -0.0, 0.0, 0.0, 0.0, 1.0],
                [1.0, 0.0, 0.0, 0.0, -0.0, 0.552673, 0.833398, 0.37472, 0.0, -0.833398, 0.552673, 0.0, 0.0, 0.0, 0.0, 1.0],
                [1.0, 0.0, 0.0, 0.0, -0.0, 0.561632, 0.827387, 0.37472, 0.0, -0.827387, 0.561632, -0.0, 0.0, 0.0, 0.0, 1.0],
                [1.0, 0.0, 0.0, 0.0, -0.0, 0.578524, 0.815665, 0.37472, 0.0, -0.815666, 0.578524, -0.0, 0.0, 0.0, 0.0, 1.0],
                [1.0, 0.0, 0.0, -0.0, -0.0, 0.706396, 0.707817, 0.37472, 0.0, -0.707817, 0.706395, -0.0, 0.0, 0.0, 0.0, 1.0],
                [1.0, 0.0, -0.0, -0.0, -0.0, 0.678115, 0.734955, 0.37472, 0.0, -0.734956, 0.678115, 0.0, 0.0, 0.0, 0.0, 1.0],
                [1.0, 0.0, -0.0, -0.0, -0.0, 0.854236, 0.519886, 0.37472, 0.0, -0.519887, 0.854235, 0.0, 0.0, 0.0, 0.0, 1.0],
                [1.0, 0.0, -0.0, -0.0, -0.0, 0.927027, 0.374996, 0.37472, 0.0, -0.374997, 0.927026, 0.0, 0.0, 0.0, 0.0, 1.0],
                [1.0, 0.0, -0.0, 0.0, -0.0, 0.931277, 0.364314, 0.37472, -0.0, -0.364314, 0.931276, -0.0, 0.0, 0.0, 0.0, 1.0]
            ]
        },
        {
            "name": "Knee_R",
            "time": [0.0, 0.2333, 0.4333, 0.6667, 0.9, 1.2, 1.5, 1.8, 2.0],
            "transform": [
                [1.0, 0.0, -0.0, 0.0, -0.0, 0.0, -1.0, 0.37472, -0.0, 1.0, 0.0, -0.0, 0.0, 0.0, 0.0, 1.0],
                [1.0, 0.0, -0.0, 0.0, -0.0, 0.0, -1.0, 0.37472, -0.0, 1.0, 0.0, -0.0, 0.0, 0.0, 0.0, 1.0],
                [1.0, 0.0, -0.0, -0.0, -1e-06, 0.0, -1.0, 0.37472, -0.0, 1.0, 0.0, -0.0, 0.0, 0.0, 0.0, 1.0],
                [1.0, 0.0, -0.0, 0.0, -0.0, 0.0, -1.0, 0.37472, -0.0, 1.0, 0.0, -0.0, 0.0, 0.0, 0.0, 1.0],
                [1.0, 0.0, -0.0, -0.0, -0.0, 0.0, -1.0, 0.37472, -0.0, 1.0, 0.0, -0.0, 0.0, 0.0, 0.0, 1.0],
                [1.0, 0.0, -0.0, -0.0, -0.0, 0.0, -1.0, 0.37472, -0.0, 1.0, 0.0, 0.0, 0.0, 0.0, 0.0, 1.0],
                [1.0, 0.0, -0.0, -0.0, -0.0, 0.0, -1.0, 0.37472, -0.0, 1.0, 0.0, 0.0, 0.0, 0.0, 0.0, 1.0],
                [1.0, 0.0, -0.0, -0.0, -0.0, 0.0, -1.0, 0.37472, -0.0, 1.0, 0.0, 0.0, 0.0, 0.0, 0.0, 1.0],
                [1.0, 0.0, -0.0, 0.0, -0.0, 0.0, -1.0, 0.37472, -0.0, 1.0, 0.0, -0.0, 0.0, 0.0, 0.0, 1.0]
            ]
        },
        {
            "name": "Thigh_L",
            "time": [0.0, 0.2333, 0.2667, 0.3, 0.3333, 0.3667, 0.4, 0.4333, 0.4667, 0.5, 0.5333, 0.5667, 0.6, 0.6333, 0.6667, 0.9, 1.2, 1.5, 1.8, 2.0],
            "transform": [
                [-0.573982, -0.487858, -0.657677, 0.067257, 0.092889, -0.83676, 0.539632, -0.058601, -0.813583, 0.248648, 0.525601, 0.074495, 0.0, 0.0, 0.0, 1.0],
                [-0.432005, -0.450345, -0.781384, -0.125006, -0.29787, -0.746535, 0.594944, -0.002831, -0.851261, 0.48977, 0.188363, -1.2e-05, 0.0, 0.0, 0.0, 1.0],
                [-0.404893, -0.476856, -0.780173, -0.125006, -0.287231, -0.743718, 0.603641, -0.002831, -0.868079, 0.4685, 0.164159, -1.2e-05, 0.0, 0.0, 0.0, 1.0],
                [-0.346391, -0.494872, -0.796942, -0.125006, -0.299279, -0.746846, 0.593846, -0.002831, -0.88907, 0.444211, 0.110596, -1.2e-05, 0.0, 0.0, 0.0, 1.0],
                [-0.228011, -0.509959, -0.829429, -0.125006, -0.3296, -0.761148, 0.558585, -0.002831, -0.916175, 0.400743, 0.005468, -1.2e-05, 0.0, 0.0, 0.0, 1.0],
                [-0.07417, -0.513717, -0.854747, -0.125006, -0.362936, -0.784425, 0.502945, -0.002831, -0.928858, 0.347522, -0.128265, -1.2e-05, 0.0, 0.0, 0.0, 1.0],
                [0.047575, -0.505401, -0.861572, -0.125006, -0.384509, -0.805347, 0.451186, -0.002831, -0.921894, 0.309817, -0.232646, -1.2e-05, 0.0, 0.0, 0.0, 1.0],
                [0.165752, -0.487821, -0.857063, -0.125006, -0.402422, -0.82689, 0.392821, -0.002831, -0.900324, 0.27979, -0.333369, -1.2e-05, 0.0, 0.0, 0.0, 1.0],
                [0.296121, -0.455734, -0.839416, -0.125006, -0.419275, -0.851655, 0.31447, -0.002831, -0.858208, 0.258825, -0.44327, -1.2e-05, 0.0, 0.0, 0.0, 1.0],
                [0.404303, -0.430629, -0.806906, -0.125006, -0.438302, -0.86555, 0.242312, -0.002831, -0.802764, 0.255702, -0.53869, -1.2e-05, 0.0, 0.0, 0.0, 1.0],
                [0.47998, -0.433562, -0.762655, -0.125006, -0.458501, -0.865136, 0.203262, -0.002831, -0.747928, 0.252117, -0.614037, -1.2e-05, 0.0, 0.0, 0.0, 1.0],
                [0.543829, -0.439299, -0.715029, -0.125006, -0.478538, -0.862271, 0.165799, -0.002831, -0.689385, 0.252003, -0.679148, -1.2e-05, 0.0, 0.0, 0.0, 1.0],
                [0.615323, -0.42777, -0.662111, -0.125006, -0.495268, -0.863257, 0.097454, -0.002831, -0.613259, 0.267957, -0.743042, -1.2e-05, 0.0, 0.0, 0.0, 1.0],
                [0.674628, -0.406522, -0.61613, -0.125006, -0.489166, -0.871306, 0.039278, -0.002831, -0.552805, 0.274892, -0.786664, -1.2e-05, 0.0, 0.0, 0.0, 1.0],
                [0.725743, -0.398593, -0.560732, -0.125006, -0.458005, -0.888114, 0.038524, -0.002831, -0.513349, 0.22886, -0.8271, -1.2e-05, 0.0, 0.0, 0.0, 1.0],
                [0.939709, -0.266114, -0.214781, -0.125006, -0.157022, -0.893699, 0.420292, -0.002831, -0.303795, -0.361227, -0.881603, -1.2e-05, 0.0, 0.0, 0.0, 1.0],
                [0.949563, 0.003833, 0.313552, -0.125006, -0.133791, -0.899391, 0.416167, -0.002831, 0.283601, -0.437128, -0.853516, -1.2e-05, 0.0, 0.0, 0.0, 1.0],
                [0.839942, 0.081702, 0.53649, -0.125006, -0.137716, -0.924148, 0.356349, -0.002831, 0.524911, -0.373196, -0.764979, -1.2e-05, 0.0, 0.0, 0.0, 1.0],
                [0.862408, 0.002557, 0.506208, -0.125006, -0.198616, -0.918092, 0.343014, -0.002831, 0.465623, -0.396359, -0.791262, -1.2e-05, 0.0, 0.0, 0.0, 1.0],
                [0.872271, -0.035512, 0.487732, -0.125006, -0.213329, -0.92509, 0.314166, -0.002831, 0.440039, -0.378085, -0.814505, -1.2e-05, 0.0, 0.0, 0.0, 1.0]
            ]
        },
        {
            "name": "Leg_L",
            "time": [0.0, 0.2333, 0.2667, 0.3, 0.3333, 0.3667, 0.4, 0.4333, 0.4667, 0.5, 0.5333, 0.5667, 0.6, 0.6333, 0.6667, 0.9, 1.2, 1.5, 1.8, 2.0],
            "transform": [
                [1.0, -0.0, 0.0, -0.0, -0.0, 0.238714, 0.971089, 0.37472, -0.0, -0.97109, 0.238714, 0.0, 0.0, 0.0, 0.0, 1.0],
                [1.0, 0.0, 0.0, 0.0, -0.0, 0.555699, 0.831384, 0.37472, -0.0, -0.831383, 0.555699, 0.0, 0.0, 0.0, 0.0, 1.0],
                [1.0, 0.0, 0.0, 0.0, -0.0, 0.552529, 0.833494, 0.37472, -0.0, -0.833493, 0.552529, 0.0, 0.0, 0.0, 0.0, 1.0],
                [1.0, 0.0, 0.0, 0.0, -0.0, 0.557566, 0.830133, 0.37472, -0.0, -0.830132, 0.557567, -0.0, 0.0, 0.0, 0.0, 1.0],
                [1.0, 0.0, 0.0, 0.0, -0.0, 0.565028, 0.825072, 0.37472, -0.0, -0.825072, 0.565028, -0.0, 0.0, 0.0, 0.0, 1.0],
                [1.0, 0.0, 0.0, 0.0, -0.0, 0.572623, 0.819819, 0.37472, -0.0, -0.819819, 0.572623, 0.0, 0.0, 0.0, 0.0, 1.0],
                [1.0, 0.0, 0.0, -0.0, -0.0, 0.581605, 0.813471, 0.37472, -0.0, -0.813472, 0.581605, 0.0, 0.0, 0.0, 0.0, 1.0],
                [1.0, 0.0, 0.0, -0.0, -0.0, 0.596895, 0.802319, 0.37472, -0.0, -0.802319, 0.596895, 0.0, 0.0, 0.0, 0.0, 1.0],
                [1.0, 0.0, 0.0, 0.0, -0.0, 0.630772, 0.775968, 0.37472, -0.0, -0.775968, 0.630772, -0.0, 0.0, 0.0, 0.0, 1.0],
                [1.0, 0.0, 0.0, -0.0, -0.0, 0.688083, 0.725632, 0.37472, -0.0, -0.725633, 0.688082, 0.0, 0.0, 0.0, 0.0, 1.0],
                [1.0, 0.0, 0.0, -0.0, -0.0, 0.721336, 0.692585, 0.37472, -0.0, -0.692586, 0.721336, 0.0, 0.0, 0.0, 0.0, 1.0],
                [1.0, 0.0, 0.0, 0.0, -0.0, 0.75674, 0.653716, 0.37472, -0.0, -0.653717, 0.756739, 0.0, 0.0, 0.0, 0.0, 1.0],
                [1.0, 0.0, 0.0, -0.0, -0.0, 0.814144, 0.580662, 0.37472, -0.0, -0.580662, 0.814144, -0.0, 0.0, 0.0, 0.0, 1.0],
                [1.0, 0.0, 0.0, -0.0, -0.0, 0.843874, 0.536541, 0.37472, -0.0, -0.536541, 0.843874, -0.0, 0.0, 0.0, 0.0, 1.0],
                [1.0, 0.0, 0.0, 0.0, -0.0, 0.817192, 0.576365, 0.37472, -0.0, -0.576366, 0.817191, -0.0, 0.0, 0.0, 0.0, 1.0],
                [1.0, 0.0, 0.0, 0.0, -0.0, 0.672488, 0.740108, 0.37472, -0.0, -0.740109, 0.672487, 0.0, 0.0, 0.0, 0.0, 1.0],
                [1.0, 0.0, 0.0, -0.0, -0.0, 0.761346, 0.648346, 0.37472, -0.0, -0.648346, 0.761346, 0.0, 0.0, 0.0, 0.0, 1.0],
                [1.0, 0.0, 0.0, -0.0, -0.0, 0.796076, 0.605197, 0.37472, -0.0, -0.605197, 0.796075, -0.0, 0.0, 0.0, 0.0, 1.0],
                [1.0, 0.0, 1e-06, 0.0, -0.0, 0.828828, 0.559503, 0.37472, -0.0, -0.559503, 0.828828, 0.0, 0.0, 0.0, 0.0, 1.0],
                [1.0, 0.0, 0.0, -0.0, -0.0, 0.859639, 0.510902, 0.37472, -0.0, -0.510902, 0.859639, 0.0, 0.0, 0.0, 0.0, 1.0]
            ]
        },
        {
            "name": "Knee_L",
            "time": [0.0, 0.2333, 0.4333, 0.6667, 0.9, 1.2, 1.5, 1.8, 2.0],
            "transform": [
                [1.0, 0.0, -0.0, -0.0, -0.0, 0.0, -1.0, 0.37472, -0.0, 1.0, 0.0, 0.0, 0.0, 0.0, 0.0, 1.0],
                [1.0, 0.0, -0.0, 0.0, -1e-06, 0.0, -1.0, 0.37472, -0.0, 1.0, 0.0, 0.0, 0.0, 0.0, 0.0, 1.0],
                [1.0, 0.0, -0.0, -0.0, -0.0, 0.0, -1.0, 0.37472, -0.0, 1.0, 0.0, 0.0, 0.0, 0.0, 0.0, 1.0],
                [1.0, 0.0, -0.0, 0.0, -0.0, 0.0, -1.0, 0.37472, -0.0, 1.0, 0.0, -0.0, 0.0, 0.0, 0.0, 1.0],
                [1.0, 0.0, -0.0, 0.0, -1e-06, 0.0, -1.0, 0.37472, -0.0, 1.0, 0.0, 0.0, 0.0, 0.0, 0.0, 1.0],
                [1.0, 0.0, -0.0, -0.0, -0.0, 0.0, -1.0, 0.37472, -0.0, 1.0, 0.0, 0.0, 0.0, 0.0, 0.0, 1.0],
                [1.0, 0.0, -0.0, -0.0, -0.0, 0.0, -1.0, 0.37472, -0.0, 1.0, 0.0, -0.0, 0.0, 0.0, 0.0, 1.0],
                [1.0, 0.0, -0.0, 0.0, -0.0, 0.0, -1.0, 0.37472, -0.0, 1.0, 0.0, 0.0, 0.0, 0.0, 0.0, 1.0],
                [1.0, 0.0, -0.0, -0.0, -0.0, 0.0, -1.0, 0.37472, -0.0, 1.0, 0.0, 0.0, 0.0, 0.0, 0.0, 1.0]
            ]
        },
        {
            "name": "Torso",
            "time": [0.0, 0.2333, 0.2667, 0.3, 0.3333, 0.3667, 0.4, 0.4333, 0.4667, 0.5, 0.5333, 0.5667, 0.6, 0.6333, 0.6667, 0.9, 1.2, 1.5, 1.8, 2.0],
            "transform": [
                [-0.312649, -0.02437, 0.949556, 0.0, 0.090707, 0.994336, 0.055385, 0.05, -0.945528, 0.103447, -0.308668, 0.0, 0.0, 0.0, 0.0, 1.0],
                [0.424893, 0.11561, 0.897831, -0.0, -0.047644, 0.993293, -0.105355, 0.05, -0.903989, 0.001988, 0.427551, -0.0, 0.0, 0.0, 0.0, 1.0],
                [0.424596, 0.099137, 0.899939, 0.0, -0.065163, 0.994755, -0.078837, 0.05, -0.903035, -0.025169, 0.428829, -0.0, 0.0, 0.0, 0.0, 1.0],
                [0.440396, 0.090423, 0.893239, 0.0, -0.081135, 0.994853, -0.060707, 0.05, -0.89413, -0.045737, 0.445465, -0.0, 0.0, 0.0, 0.0, 1.0],
                [0.4693, 0.08398, 0.879036, 0.0, -0.102833, 0.993892, -0.040052, 0.05, -0.877031, -0.071597, 0.47507, -0.0, 0.0, 0.0, 0.0, 1.0],
                [0.500267, 0.079702, 0.862195, 0.0, -0.123183, 0.992177, -0.020243, 0.05, -0.857064, -0.096081, 0.506171, -0.0, 0.0, 0.0, 0.0, 1.0],
                [0.524951, 0.077532, 0.847594, -0.0, -0.13532, 0.990779, -0.00682, 0.05, -0.840307, -0.111116, 0.530602, -0.0, 0.0, 0.0, 0.0, 1.0],
                [0.551512, 0.07579, 0.830717, 0.0, -0.142301, 0.989815, 0.004167, 0.05, -0.82194, -0.12051, 0.55668, -0.0, 0.0, 0.0, 0.0, 1.0],
                [0.589515, 0.073125, 0.80444, 0.0, -0.141942, 0.989775, 0.014046, 0.05, -0.795188, -0.122464, 0.593867, -0.0, 0.0, 0.0, 0.0, 1.0],
                [0.630577, 0.068231, 0.773121, 0.0, -0.126347, 0.991865, 0.015516, 0.05, -0.765773, -0.107466, 0.634068, -0.0, 0.0, 0.0, 0.0, 1.0],
                [0.662501, 0.062264, 0.746469, -0.0, -0.10517, 0.9944, 0.010395, 0.05, -0.741642, -0.085393, 0.665339, -0.0, 0.0, 0.0, 0.0, 1.0],
                [0.695018, 0.054277, 0.716941, -0.0, -0.07832, 0.996928, 0.000451, 0.05, -0.714714, -0.056464, 0.697134, -0.0, 0.0, 0.0, 0.0, 1.0],
                [0.73788, 0.041387, 0.673662, -0.0, -0.040548, 0.999034, -0.016962, 0.05, -0.673713, -0.0148, 0.738845, -0.0, 0.0, 0.0, 0.0, 1.0],
                [0.779433, 0.027597, 0.625877, -0.0, -0.006828, 0.999344, -0.035562, 0.05, -0.626448, 0.023445, 0.779111, -0.0, 0.0, 0.0, 0.0, 1.0],
                [0.818871, 0.015837, 0.573759, -0.0, 0.01607, 0.998595, -0.050499, 0.05, -0.573753, 0.050572, 0.817466, -0.0, 0.0, 0.0, 0.0, 1.0],
                [0.98193, -0.010799, 0.188934, 0.0, 0.026779, 0.996253, -0.082234, 0.05, -0.187338, 0.085807, 0.978541, -0.0, 0.0, 0.0, 0.0, 1.0],
                [0.890584, -0.056028, -0.451355, -0.0, 0.034748, 0.997865, -0.055306, 0.05, 0.45349, 0.033571, 0.890629, -0.0, 0.0, 0.0, 0.0, 1.0],
                [0.700774, -0.08536, -0.708258, -0.0, 0.037612, 0.995855, -0.082807, 0.05, 0.712391, 0.03139, 0.701081, -0.0, 0.0, 0.0, 0.0, 1.0],
                [0.741281, -0.076503, -0.666821, 0.0, 0.032787, 0.996424, -0.07787, 0.05, 0.670394, 0.03586, 0.741139, -0.0, 0.0, 0.0, 0.0, 1.0],
                [0.689797, -0.067238, -0.720874, 0.0, 0.000464, 0.995719, -0.092429, 0.05, 0.724003, 0.063423, 0.686875, -0.0, 0.0, 0.0, 0.0, 1.0]
            ]
        },
        {
            "name": "Chest",
            "time": [0.0, 0.2333, 0.2667, 0.3, 0.3333, 0.3667, 0.4, 0.4333, 0.4667, 0.5, 0.5333, 0.5667, 0.6, 0.6333, 0.6667, 0.9, 1.2, 1.5, 1.8, 2.0],
            "transform": [
                [0.98029, 0.089149, -0.176306, 0.0, -0.029067, 0.947772, 0.317621, 0.3, 0.195414, -0.306236, 0.931683, -0.0, 0.0, 0.0, 0.0, 1.0],
                [0.999158, -0.031706, -0.026033, -0.0, 0.035923, 0.982655, 0.181932, 0.3, 0.019813, -0.182714, 0.982966, 0.0, 0.0, 0.0, 0.0, 1.0],
                [0.993171, -0.021608, -0.114644, 0.0, 0.034551, 0.993092, 0.112139, 0.3, 0.111428, -0.115334, 0.987057, 0.0, 0.0, 0.0, 0.0, 1.0],
                [0.98279, -0.018566, -0.183787, 0.0, 0.030467, 0.997602, 0.062144, 0.3, 0.182193, -0.066674, 0.981, -0.0, 0.0, 0.0, 0.0, 1.0],
                [0.968148, -0.016764, -0.249817, 0.0, 0.024506, 0.99931, 0.027915, 0.3, 0.249177, -0.033148, 0.96789, -0.0, 0.0, 0.0, 0.0, 1.0],
                [0.954038, -0.018914, -0.299089, -0.0, 0.023442, 0.999659, 0.011558, 0.3, 0.298768, -0.018038, 0.954155, 0.0, 0.0, 0.0, 0.0, 1.0],
                [0.944407, -0.021663, -0.328065, 0.0, 0.024256, 0.999699, 0.003814, 0.3, 0.327883, -0.011559, 0.944647, -0.0, 0.0, 0.0, 0.0, 1.0],
                [0.932914, -0.024517, -0.359263, 0.0, 0.025515, 0.999672, -0.001964, 0.3, 0.359194, -0.007334, 0.933234, 0.0, 0.0, 0.0, 0.0, 1.0],
                [0.919474, -0.029271, -0.392058, -0.0, 0.029786, 0.999545, -0.004771, 0.3, 0.392019, -0.007291, 0.919928, 0.0, 0.0, 0.0, 0.0, 1.0],
                [0.909553, -0.037248, -0.413915, 0.0, 0.03937, 0.999219, -0.003405, 0.3, 0.413718, -0.013199, 0.910309, -0.0, 0.0, 0.0, 0.0, 1.0],
                [0.904011, -0.044399, -0.425197, -0.0, 0.048329, 0.99883, -0.001544, 0.3, 0.424768, -0.019153, 0.9051, 0.0, 0.0, 0.0, 0.0, 1.0],
                [0.903525, -0.051399, -0.425442, -0.0, 0.056527, 0.998401, -0.00057, 0.3, 0.424791, -0.023534, 0.904985, -0.0, 0.0, 0.0, 0.0, 1.0],
                [0.907244, -0.059811, -0.416331, 0.0, 0.06538, 0.99786, -0.000881, 0.3, 0.415492, -0.026421, 0.909213, 0.0, 0.0, 0.0, 0.0, 1.0],
                [0.91529, -0.065815, -0.397383, -0.0, 0.0704, 0.997514, -0.003055, 0.3, 0.396596, -0.02518, 0.917648, -0.0, 0.0, 0.0, 0.0, 1.0],
                [0.92737, -0.072112, -0.367129, 0.0, 0.074956, 0.997166, -0.006526, 0.3, 0.366559, -0.021466, 0.930147, 0.0, 0.0, 0.0, 0.0, 1.0],
                [0.972948, -0.075147, -0.218458, 0.0, 0.071955, 0.997153, -0.02254, 0.3, 0.21953, 0.006211, 0.975586, 0.0, 0.0, 0.0, 0.0, 1.0],
                [0.944956, -0.055625, -0.322433, -0.0, 0.059099, 0.998252, 0.000986, 0.3, 0.321815, -0.019988, 0.946592, -0.0, 0.0, 0.0, 0.0, 1.0],
                [0.9603, -0.072044, -0.269506, 0.0, 0.083102, 0.996095, 0.029832, 0.3, 0.266304, -0.051044, 0.962537, 0.0, 0.0, 0.0, 0.0, 1.0],
                [0.965673, -0.084088, -0.245774, 0.0, 0.091937, 0.995551, 0.020614, 0.3, 0.242947, -0.042502, 0.969108, 0.0, 0.0, 0.0, 0.0, 1.0],
                [0.958817, -0.069517, -0.275386, 0.0, 0.075732, 0.997056, 0.011986, 0.3, 0.273742, -0.032348, 0.961259, 0.0, 0.0, 0.0, 0.0, 1.0]
            ]
        },
        {
            "name": "Head",
            "time": [0.0, 0.2333, 0.2667, 0.3, 0.3333, 0.3667, 0.4, 0.4333, 0.4667, 0.5, 0.5333, 0.5667, 0.6, 0.6333, 0.6667, 0.9, 1.2, 1.5, 1.8, 2.0],
            "transform": [
                [0.715897, -0.138029, -0.684427, -0.0, -0.038619, 0.970936, -0.236204, 0.4, 0.697137, 0.195529, 0.689759, -0.0, 0.0, 0.0, 0.0, 1.0],
                [0.835434, -0.107613, -0.538952, 0.0, 0.053679, 0.991931, -0.114851, 0.4, 0.546963, 0.06702, 0.83447, 0.0, 0.0, 0.0, 0.0, 1.0],
                [0.890837, -0.098534, -0.443509, 0.0, 0.093025, 0.995076, -0.034223, 0.4, 0.444697, -0.01077, 0.895616, -0.0, 0.0, 0.0, 0.0, 1.0],
                [0.927752, -0.102284, -0.358907, 0.0, 0.118977, 0.992591, 0.024674, 0.4, 0.353724, -0.065593, 0.933047, -0.0, 0.0, 0.0, 0.0, 1.0],
                [0.957675, -0.115955, -0.263466, 0.0, 0.137688, 0.988306, 0.065514, 0.4, 0.252788, -0.099017, 0.962441, -0.0, 0.0, 0.0, 0.0, 1.0],
                [0.977285, -0.118843, -0.175474, -0.0, 0.136656, 0.98623, 0.093147, 0.4, 0.161987, -0.115011, 0.980067, 0.0, 0.0, 0.0, 0.0, 1.0],
                [0.987129, -0.113137, -0.113031, -0.0, 0.125963, 0.985504, 0.113645, 0.4, 0.098535, -0.12642, 0.987071, 0.0, 0.0, 0.0, 0.0, 1.0],
                [0.993508, -0.098675, -0.056611, -0.0, 0.10556, 0.985155, 0.135374, 0.4, 0.042413, -0.140471, 0.989176, 0.0, 0.0, 0.0, 0.0, 1.0],
                [0.997599, -0.068833, -0.007672, 0.0, 0.069175, 0.984794, 0.15936, 0.4, -0.003413, -0.159508, 0.987191, 0.0, 0.0, 0.0, 0.0, 1.0],
                [0.999318, -0.033403, 0.015745, 0.0, 0.030008, 0.983037, 0.180937, 0.4, -0.021521, -0.180341, 0.983369, 0.0, 0.0, 0.0, 0.0, 1.0],
                [0.999563, -0.010106, 0.027786, 0.0, 0.004376, 0.979991, 0.198992, 0.4, -0.029241, -0.198783, 0.979607, 0.0, 0.0, 0.0, 0.0, 1.0],
                [0.999095, 0.006516, 0.042044, 0.0, -0.0155, 0.976034, 0.217066, 0.4, -0.039622, -0.217521, 0.975251, 0.0, 0.0, 0.0, 0.0, 1.0],
                [0.998116, 0.01946, 0.058191, 0.0, -0.032855, 0.970461, 0.239007, 0.4, -0.051821, -0.240469, 0.969272, -0.0, 0.0, 0.0, 0.0, 1.0],
                [0.99761, 0.021649, 0.065612, 0.0, -0.037915, 0.965416, 0.257942, 0.4, -0.057759, -0.259813, 0.96393, -0.0, 0.0, 0.0, 0.0, 1.0],
                [0.997844, 0.021075, 0.062158, -0.0, -0.036977, 0.962955, 0.267116, 0.4, -0.054226, -0.268839, 0.961657, 0.0, 0.0, 0.0, 0.0, 1.0],
                [0.98236, 0.011731, 0.18663, 0.0, -0.057933, 0.968019, 0.244095, 0.4, -0.177798, -0.250601, 0.951623, -0.0, 0.0, 0.0, 0.0, 1.0],
                [0.67588, -0.036903, 0.736087, 0.0, -0.092039, 0.986701, 0.133979, 0.4, -0.731242, -0.158302, 0.663495, 0.0, 0.0, 0.0, 0.0, 1.0],
                [0.49899, -0.063588, 0.864271, 0.0, -0.12008, 0.982611, 0.141623, 0.4, -0.858248, -0.17445, 0.482677, 0.0, 0.0, 0.0, 0.0, 1.0],
                [0.540075, -0.060308, 0.839454, -0.0, -0.109189, 0.983979, 0.140939, 0.4, -0.834504, -0.167776, 0.524837, -0.0, 0.0, 0.0, 0.0, 1.0],
                [0.536936, -0.004715, 0.84361, 0.0, -0.121298, 0.989162, 0.082732, 0.4, -0.834858, -0.14675, 0.530544, -0.0, 0.0, 0.0, 0.0, 1.0]
            ]
        },
        {
            "name": "Shoulder_R",
            "time": [0.0, 0.2333, 0.2667, 0.3, 0.3333, 0.3667, 0.4, 0.4333, 0.4667, 0.5, 0.5333, 0.5667, 0.6, 0.6333, 0.6667, 0.9, 1.2, 1.5, 1.8, 2.0],
            "transform": [
                [0.298252, 0.943438, -0.144815, -0.0, 0.925709, -0.322885, -0.197, 0.4, -0.232616, -0.075301, -0.969648, -0.0, 0.0, 0.0, 0.0, 1.0],
                [0.205685, 0.694792, -0.689171, 0.0, 0.719768, -0.584543, -0.374492, 0.4, -0.663045, -0.419017, -0.620319, 0.0, 0.0, 0.0, 0.0, 1.0],
                [0.257842, 0.666514, -0.699482, 0.0, 0.70261, -0.626295, -0.33778, 0.4, -0.663218, -0.404369, -0.629783, -0.0, 0.0, 0.0, 0.0, 1.0],
                [0.298673, 0.647176, -0.701396, 0.0, 0.689536, -0.654445, -0.310232, 0.4, -0.659801, -0.39098, -0.641714, -0.0, 0.0, 0.0, 0.0, 1.0],
                [0.334157, 0.641303, -0.690702, 0.0, 0.686918, -0.667484, -0.287419, 0.4, -0.645356, -0.378413, -0.663565, -0.0, 0.0, 0.0, 0.0, 1.0],
                [0.35116, 0.650454, -0.673495, -0.0, 0.69434, -0.663471, -0.278744, 0.4, -0.628156, -0.369751, -0.68462, 0.0, 0.0, 0.0, 0.0, 1.0],
                [0.357973, 0.661463, -0.65903, -0.0, 0.704726, -0.654418, -0.274041, 0.4, -0.61255, -0.366337, -0.700413, 0.0, 0.0, 0.0, 0.0, 1.0],
                [0.357925, 0.676472, -0.643641, -0.0, 0.716905, -0.640745, -0.274762, 0.4, -0.59828, -0.363085, -0.714303, 0.0, 0.0, 0.0, 0.0, 1.0],
                [0.346828, 0.699391, -0.624949, 0.0, 0.732172, -0.618328, -0.285649, 0.4, -0.586205, -0.3585, -0.726526, 0.0, 0.0, 0.0, 0.0, 1.0],
                [0.32117, 0.722553, -0.612182, 0.0, 0.740916, -0.594324, -0.312768, 0.4, -0.589826, -0.353124, -0.726229, 0.0, 0.0, 0.0, 0.0, 1.0],
                [0.289606, 0.737009, -0.610692, 0.0, 0.747947, -0.572384, -0.336082, 0.4, -0.597247, -0.359434, -0.717009, 0.0, 0.0, 0.0, 0.0, 1.0],
                [0.250246, 0.747636, -0.615156, 0.0, 0.753561, -0.549331, -0.361085, 0.4, -0.607885, -0.373198, -0.700856, 0.0, 0.0, 0.0, 0.0, 1.0],
                [0.195983, 0.757129, -0.623174, 0.0, 0.758777, -0.519645, -0.392717, 0.4, -0.621167, -0.395884, -0.676333, -0.0, 0.0, 0.0, 0.0, 1.0],
                [0.147786, 0.762936, -0.629354, 0.0, 0.761846, -0.493598, -0.419467, 0.4, -0.630675, -0.41748, -0.654186, -0.0, 0.0, 0.0, 0.0, 1.0],
                [0.104797, 0.767384, -0.632565, -0.0, 0.76382, -0.469441, -0.44295, 0.4, -0.636866, -0.436746, -0.635338, 0.0, 0.0, 0.0, 0.0, 1.0],
                [0.168757, 0.77995, -0.602659, 0.0, 0.769835, -0.486126, -0.413565, 0.4, -0.615529, -0.394156, -0.682469, -0.0, 0.0, 0.0, 0.0, 1.0],
                [0.333027, 0.851817, -0.404351, 0.0, 0.758773, -0.496682, -0.421392, 0.4, -0.559784, -0.166476, -0.811743, 0.0, 0.0, 0.0, 0.0, 1.0],
                [0.300914, 0.866375, -0.398554, 0.0, 0.728469, -0.478538, -0.49024, 0.4, -0.615456, -0.142814, -0.775125, 0.0, 0.0, 0.0, 0.0, 1.0],
                [0.261652, 0.90739, -0.328909, -0.0, 0.739027, -0.407544, -0.536421, 0.4, -0.620789, -0.102717, -0.777219, -0.0, 0.0, 0.0, 0.0, 1.0],
                [0.296438, 0.907891, -0.296409, 0.0, 0.747383, -0.413748, -0.519839, 0.4, -0.594597, -0.067431, -0.801191, -0.0, 0.0, 0.0, 0.0, 1.0]
            ]
        },
        {
            "name": "Arm_R",
            "time": [0.0, 0.2333, 0.2667, 0.3, 0.3333, 0.3667, 0.4, 0.4333, 0.4667, 0.5, 0.5333, 0.5667, 0.6, 0.6333, 0.6667, 0.9, 1.2, 1.5, 1.8, 2.0],
            "transform": [
                [0.539414, -0.395532, 0.743362, 0.0, 0.720001, 0.674408, -0.16362, 0.39386, -0.436612, 0.62348, 0.64857, 0.0, 0.0, 0.0, 0.0, 1.0],
                [-0.010367, -0.262035, 0.965004, -0.0, 0.346363, 0.904369, 0.249292, 0.39386, -0.938044, 0.336825, 0.081384, 0.0, 0.0, 0.0, 0.0, 1.0],
                [-0.113402, -0.196396, 0.973946, -0.0, 0.396482, 0.889887, 0.225611, 0.393861, -0.911012, 0.411735, -0.023047, -0.0, 0.0, 0.0, 0.0, 1.0],
                [-0.188041, -0.166667, 0.967918, -0.0, 0.438644, 0.867499, 0.234594, 0.393861, -0.878768, 0.468684, -0.090018, -0.0, 0.0, 0.0, 0.0, 1.0],
                [-0.233634, -0.207297, 0.949971, -0.0, 0.474542, 0.828439, 0.297486, 0.39386, -0.848661, 0.520303, -0.095181, 0.0, 0.0, 0.0, 0.0, 1.0],
                [-0.226502, -0.255628, 0.939869, -0.0, 0.509318, 0.791424, 0.337997, 0.39386, -0.830236, 0.555248, -0.049063, 0.0, 0.0, 0.0, 0.0, 1.0],
                [-0.199616, -0.281662, 0.938521, 0.0, 0.532175, 0.773064, 0.345196, 0.39386, -0.822766, 0.568363, -0.004422, -0.0, 0.0, 0.0, 0.0, 1.0],
                [-0.166558, -0.283984, 0.944252, -0.0, 0.54758, 0.769747, 0.328091, 0.393861, -0.82001, 0.571698, 0.027297, 0.0, 0.0, 0.0, 0.0, 1.0],
                [-0.134563, -0.24967, 0.958937, 0.0, 0.548209, 0.787387, 0.281933, 0.39386, -0.825445, 0.563635, 0.030918, 0.0, 0.0, 0.0, 0.0, 1.0],
                [-0.124585, -0.173835, 0.976863, 0.0, 0.529535, 0.820948, 0.213625, 0.393861, -0.83909, 0.543896, -0.010226, -0.0, 0.0, 0.0, 0.0, 1.0],
                [-0.103055, -0.098571, 0.98978, -0.0, 0.519028, 0.843535, 0.138048, 0.393861, -0.848523, 0.527949, -0.03577, -0.0, 0.0, 0.0, 0.0, 1.0],
                [-0.081859, -0.01435, 0.996542, 0.0, 0.496856, 0.866194, 0.053286, 0.39386, -0.863965, 0.499498, -0.063776, -0.0, 0.0, 0.0, 0.0, 1.0],
                [-0.051498, 0.091621, 0.994462, 0.0, 0.449958, 0.89111, -0.058799, 0.39386, -0.891564, 0.444437, -0.087116, 0.0, 0.0, 0.0, 0.0, 1.0],
                [0.010731, 0.17858, 0.983868, -0.0, 0.391894, 0.904458, -0.168442, 0.39386, -0.919949, 0.387378, -0.060279, -0.0, 0.0, 0.0, 0.0, 1.0],
                [0.114064, 0.244967, 0.962799, -0.0, 0.326792, 0.905939, -0.269217, 0.39386, -0.938189, 0.345342, 0.023282, -0.0, 0.0, 0.0, 0.0, 1.0],
                [0.817925, -0.094473, 0.567517, -0.0, 0.306667, 0.906201, -0.291126, 0.393861, -0.48678, 0.412157, 0.770177, 0.0, 0.0, 0.0, 0.0, 1.0],
                [0.736653, -0.638826, 0.221907, 0.0, 0.63395, 0.766574, 0.102323, 0.393861, -0.235474, 0.065301, 0.969685, -0.0, 0.0, 0.0, 0.0, 1.0],
                [0.582541, -0.729562, 0.358308, 0.0, 0.706581, 0.672433, 0.220398, 0.393861, -0.401731, 0.124783, 0.907218, -0.0, 0.0, 0.0, 0.0, 1.0],
                [0.421056, -0.821006, 0.385564, -0.0, 0.789813, 0.540879, 0.289211, 0.393861, -0.445987, 0.18275, 0.876186, -0.0, 0.0, 0.0, 0.0, 1.0],
                [0.39971, -0.822424, 0.404782, 0.0, 0.768827, 0.541254, 0.340512, 0.39386, -0.499135, 0.175101, 0.84865, -0.0, 0.0, 0.0, 0.0, 1.0]
            ]
        },
        {
            "name": "Hand_R",
            "time": [0.0, 0.2333, 0.2667, 0.3, 0.3333, 0.3667, 0.4, 0.4333, 0.4667, 0.5, 0.5333, 0.5667, 0.6, 0.6333, 0.6667, 0.9, 1.2, 1.5, 1.8, 2.0],
            "transform": [
                [1.0, 0.0, 1e-06, 0.0, 1e-06, -0.070712, -0.997498, 0.3, -0.0, 0.997496, -0.070712, 0.0, 0.0, 0.0, 0.0, 1.0],
                [1.0, 0.0, 1e-06, 0.0, 1e-06, 0.352114, -0.93596, 0.3, -0.0, 0.935954, 0.352116, 0.0, 0.0, 0.0, 0.0, 1.0],
                [1.0, 0.0, 1e-06, 0.0, 1e-06, 0.304921, -0.952381, 0.3, -0.0, 0.952374, 0.304923, 0.0, 0.0, 0.0, 0.0, 1.0],
                [0.999999, -0.0, 1e-06, -0.0, 1e-06, 0.249984, -0.968253, 0.3, -0.0, 0.968247, 0.249986, 0.0, 0.0, 0.0, 0.0, 1.0],
                [1.0, 0.0, 1e-06, -0.0, 1e-06, 0.13094, -0.991393, 0.3, -0.0, 0.991388, 0.130941, -0.0, 0.0, 0.0, 0.0, 1.0],
                [0.999999, 0.0, 1e-06, -0.0, 1e-06, 0.002319, -1.0, 0.3, -0.0, 0.999995, 0.002319, 0.0, 0.0, 0.0, 0.0, 1.0],
                [0.999999, 0.0, 1e-06, 0.0, 1e-06, -0.083792, -0.996486, 0.3, -0.0, 0.996481, -0.083792, 0.0, 0.0, 0.0, 0.0, 1.0],
                [0.999999, 0.0, 1e-06, -0.0, 1e-06, -0.153235, -0.988193, 0.3, -0.0, 0.988187, -0.153236, 0.0, 0.0, 0.0, 0.0, 1.0],
                [0.999999, 0.0, 1e-06, -0.0, 1e-06, -0.213723, -0.976897, 0.3, -0.0, 0.976892, -0.213724, -0.0, 0.0, 0.0, 0.0, 1.0],
                [0.999999, 0.0, 1e-06, -0.0, 1e-06, -0.246909, -0.969042, 0.3, 0.0, 0.969037, -0.246911, -0.0, 0.0, 0.0, 0.0, 1.0],
                [0.999999, 0.0, 1e-06, 0.0, 1e-06, -0.241463, -0.970413, 0.3, 0.0, 0.970408, -0.241464, -0.0, 0.0, 0.0, 0.0, 1.0],
                [0.999998, 0.0, 1e-06, -0.0, 1e-06, -0.224938, -0.974376, 0.3, 0.0, 0.974371, -0.22494, -0.0, 0.0, 0.0, 0.0, 1.0],
                [0.999998, 0.0, 1e-06, -0.0, 1e-06, -0.197871, -0.980232, 0.3, -0.0, 0.980226, -0.197872, 0.0, 0.0, 0.0, 0.0, 1.0],
                [0.999998, 0.0, 1e-06, -0.0, 1e-06, -0.160445, -0.98705, 0.3, -0.0, 0.987042, -0.160446, -0.0, 0.0, 0.0, 0.0, 1.0],
                [0.999999, 0.0, 1e-06, 0.0, 1e-06, -0.107752, -0.994183, 0.3, -0.0, 0.994175, -0.107752, 0.0, 0.0, 0.0, 0.0, 1.0],
                [1.0, 0.0, 1e-06, 0.0, 1e-06, 0.007127, -0.999976, 0.3, -0.0, 0.999973, 0.007127, -0.0, 0.0, 0.0, 0.0, 1.0],
                [1.0, -0.0, 1e-06, -0.0, 1e-06, 0.565965, -0.82443, 0.3, -0.0, 0.824429, 0.565965, 0.0, 0.0, 0.0, 0.0, 1.0],
                [1.0, -0.0, 1e-06, -0.0, 1e-06, 0.667318, -0.744773, 0.3, -0.0, 0.744772, 0.667318, 0.0, 0.0, 0.0, 0.0, 1.0],
                [0.999999, -0.0, 1e-06, 0.0, 1e-06, 0.73154, -0.6818, 0.3, -0.0, 0.681798, 0.731541, 0.0, 0.0, 0.0, 0.0, 1.0],
                [1.0, -1e-06, 1e-06, -0.0, 1e-06, 0.764454, -0.644678, 0.3, -0.0, 0.644678, 0.764455, 0.0, 0.0, 0.0, 0.0, 1.0]
            ]
        },
        {
            "name": "Tool_R",
            "time": [0.0, 0.2333, 0.2667, 0.3, 0.3333, 0.3667, 0.4, 0.4333, 0.4667, 0.5, 0.5333, 0.5667, 0.6, 0.6333, 0.6667, 0.9, 1.2, 1.5, 1.8, 2.0],
            "transform": [
                [-0.047971, 0.26428, -0.963254, 0.0, -0.954301, -0.296912, -0.033936, 0.272858, -0.29497, 0.917603, 0.266447, 0.0, 0.0, 0.0, 0.0, 1.0],
                [-0.093826, 0.620675, -0.778434, -0.0, -0.976619, -0.209287, -0.049161, 0.272858, -0.19343, 0.755616, 0.625802, 0.0, 0.0, 0.0, 0.0, 1.0],
                [-0.109372, 0.576252, -0.809921, 0.0, -0.992368, -0.11001, 0.055738, 0.272858, -0.056981, 0.80983, 0.583889, -0.0, 0.0, 0.0, 0.0, 1.0],
                [-0.146293, 0.528943, -0.835954, -0.0, -0.988356, -0.0424, 0.146135, 0.272858, 0.041853, 0.847594, 0.528989, 0.0, 0.0, 0.0, 0.0, 1.0],
                [-0.235805, 0.471965, -0.849498, -0.0, -0.963592, -0.000175, 0.267379, 0.272858, 0.126045, 0.881615, 0.454824, -0.0, 0.0, 0.0, 0.0, 1.0],
                [-0.346403, 0.404809, -0.846248, 0.0, -0.924929, 0.003169, 0.380127, 0.272858, 0.156561, 0.914393, 0.373323, 0.0, 0.0, 0.0, 0.0, 1.0],
                [-0.427463, 0.336338, -0.83914, -0.0, -0.89256, -0.009607, 0.450827, 0.272858, 0.143568, 0.94169, 0.30431, 0.0, 0.0, 0.0, 0.0, 1.0],
                [-0.495615, 0.226891, -0.838386, 0.0, -0.864015, -0.030354, 0.502553, 0.272858, 0.088576, 0.973444, 0.211082, -0.0, 0.0, 0.0, 0.0, 1.0],
                [-0.551728, 0.021672, -0.833745, 0.0, -0.832922, -0.065688, 0.549479, 0.272858, -0.042859, 0.997602, 0.054293, -0.0, 0.0, 0.0, 0.0, 1.0],
                [-0.541776, -0.221988, -0.810681, -0.0, -0.815457, -0.094965, 0.570976, 0.272858, -0.203736, 0.970411, -0.129573, 0.0, 0.0, 0.0, 0.0, 1.0],
                [-0.486684, -0.364156, -0.79406, 0.0, -0.823974, -0.11058, 0.555733, 0.272858, -0.290181, 0.924748, -0.246238, -0.0, 0.0, 0.0, 0.0, 1.0],
                [-0.40542, -0.487275, -0.773434, 0.0, -0.841976, -0.130415, 0.523516, 0.272858, -0.355963, 0.863452, -0.357404, -0.0, 0.0, 0.0, 0.0, 1.0],
                [-0.270255, -0.604068, -0.74971, 0.0, -0.871701, -0.17709, 0.456922, 0.272858, -0.408777, 0.777005, -0.47871, -0.0, 0.0, 0.0, 0.0, 1.0],
                [-0.098381, -0.621826, -0.776953, -0.0, -0.905588, -0.267751, 0.328965, 0.272858, -0.412588, 0.73596, -0.53678, -0.0, 0.0, 0.0, 0.0, 1.0],
                [0.104608, -0.5208, -0.847247, 0.0, -0.917579, -0.379093, 0.119737, 0.272858, -0.383544, 0.764886, -0.517534, 0.0, 0.0, 0.0, 0.0, 1.0],
                [0.906549, 0.058466, -0.418033, -0.0, -0.378318, -0.32669, -0.866112, 0.272858, -0.187206, 0.94332, -0.274042, -0.0, 0.0, 0.0, 0.0, 1.0],
                [0.972666, -0.228931, -0.038871, 0.0, -0.059982, -0.085985, -0.99449, 0.272858, 0.224328, 0.969637, -0.097367, 0.0, 0.0, 0.0, 0.0, 1.0],
                [0.997902, -0.0325, -0.055983, 0.0, -0.057198, -0.037746, -0.99765, 0.272858, 0.03031, 0.998758, -0.039526, 0.0, 0.0, 0.0, 0.0, 1.0],
                [0.992151, 0.054839, -0.112365, 0.0, -0.111381, -0.020685, -0.993565, 0.272858, -0.05681, 0.99828, -0.014415, -0.0, 0.0, 0.0, 0.0, 1.0],
                [0.965956, 0.116596, -0.230939, -0.0, -0.22459, -0.065114, -0.972277, 0.272858, -0.1284, 0.991041, -0.036711, -0.0, 0.0, 0.0, 0.0, 1.0]
            ]
        },
        {
            "name": "Elbow_R",
            "time": [0.0, 0.2333, 0.4333, 0.6667, 0.9, 1.2, 1.5, 1.8, 2.0],
            "transform": [
                [-1.0, 0.0, -0.0, 0.0, 0.0, 0.0, -1.0, 0.3, -0.0, -1.0, -0.0, 0.0, 0.0, 0.0, 0.0, 1.0],
                [-1.0, 0.0, -0.0, 0.0, 0.0, -0.0, -1.0, 0.3, -0.0, -1.0, -0.0, 0.0, 0.0, 0.0, 0.0, 1.0],
                [-1.0, 0.0, -0.0, -0.0, 0.0, -0.0, -1.0, 0.3, -0.0, -1.0, -0.0, 0.0, 0.0, 0.0, 0.0, 1.0],
