{
    "animation": [
        {
            "name": "Root",
            "time": [0.0, 0.0333, 0.0667, 0.1, 0.1333, 0.1667, 0.2, 0.2333, 0.2667, 0.3, 0.3333, 0.3667, 0.4, 0.4333, 0.4667, 0.5, 0.5333, 0.5667, 0.6, 0.6667, 0.8, 0.8333, 0.8667, 0.9, 0.9333, 0.9667, 1.0, 1.0333, 1.0667, 1.1, 1.1333, 1.2333, 1.3333, 1.6667],
            "transform": [
                [1.0, 0.0, 0.0, 0.011161, 0.0, -0.0, -1.0, 4.1e-05, 0.0, 1.0, -0.0, 0.328455, 0.0, 0.0, 0.0, 1.0],
                [1.0, 0.0, 0.0, 0.011161, 0.0, -0.0, -1.0, -0.009238, 0.0, 1.0, -0.0, 0.328455, 0.0, 0.0, 0.0, 1.0],
                [1.0, 0.0, 0.0, 0.011161, 0.0, -0.0, -1.0, -0.019692, 0.0, 1.0, -0.0, 0.328455, 0.0, 0.0, 0.0, 1.0],
                [1.0, 0.0, 0.0, 0.011161, 0.0, -0.0, -1.0, -0.01839, 0.0, 1.0, -0.0, 0.328455, 0.0, 0.0, 0.0, 1.0],
                [1.0, 0.0, 0.0, 0.011161, 0.0, -0.0, -1.0, -0.000669, 0.0, 1.0, -0.0, 0.328455, 0.0, 0.0, 0.0, 1.0],
                [1.0, 0.0, 0.0, 0.011161, 0.0, -0.0, -1.0, 0.038953, 0.0, 1.0, -0.0, 0.328455, 0.0, 0.0, 0.0, 1.0],
                [1.0, 0.0, 0.0, 0.011161, 0.0, -0.0, -1.0, 0.104846, 0.0, 1.0, -0.0, 0.328455, 0.0, 0.0, 0.0, 1.0],
                [1.0, 0.0, 0.0, 0.011161, 0.0, -0.0, -1.0, 0.199346, 0.0, 1.0, -0.0, 0.328455, 0.0, 0.0, 0.0, 1.0],
                [1.0, 0.0, 0.0, 0.011161, 0.0, -0.0, -1.0, 0.306462, 0.0, 1.0, -0.0, 0.328455, 0.0, 0.0, 0.0, 1.0],
                [1.0, 0.0, 0.0, 0.011161, 0.0, -0.0, -1.0, 0.427707, 0.0, 1.0, -0.0, 0.328455, 0.0, 0.0, 0.0, 1.0],
                [1.0, 0.0, 0.0, 0.011161, 0.0, -0.0, -1.0, 0.558945, 0.0, 1.0, -0.0, 0.328455, 0.0, 0.0, 0.0, 1.0],
                [1.0, 0.0, 0.0, 0.01116, 0.0, -0.0, -1.0, 0.706835, 0.0, 1.0, -0.0, 0.328455, 0.0, 0.0, 0.0, 1.0],
                [1.0, 0.0, 0.0, 0.01116, 0.0, -0.0, -1.0, 0.94884, 0.0, 1.0, -0.0, 0.328455, 0.0, 0.0, 0.0, 1.0],
                [1.0, 0.0, 0.0, 0.01116, 0.0, -0.0, -1.0, 1.202072, 0.0, 1.0, -0.0, 0.328455, 0.0, 0.0, 0.0, 1.0],
                [1.0, 0.0, 0.0, 0.01116, 0.0, -0.0, -1.0, 1.510059, 0.0, 1.0, -0.0, 0.328455, 0.0, 0.0, 0.0, 1.0],
                [1.0, 0.0, 0.0, 0.01116, 0.0, -0.0, -1.0, 1.748013, 0.0, 1.0, -0.0, 0.328455, 0.0, 0.0, 0.0, 1.0],
                [1.0, 0.0, 0.0, 0.01116, 0.0, -0.0, -1.0, 1.94085, 0.0, 1.0, -0.0, 0.328455, 0.0, 0.0, 0.0, 1.0],
                [1.0, 0.0, 0.0, 0.01116, 0.0, -0.0, -1.0, 2.126577, 0.0, 1.0, -0.0, 0.328455, 0.0, 0.0, 0.0, 1.0],
                [1.0, 0.0, 0.0, 0.01116, 0.0, -0.0, -1.0, 2.25688, 0.0, 1.0, -0.0, 0.281398, 0.0, 0.0, 0.0, 1.0],
                [1.0, 0.0, 0.0, 0.01116, 0.0, -0.0, -1.0, 2.975695, 0.0, 1.0, -0.0, 0.262576, 0.0, 0.0, 0.0, 1.0],
                [1.0, 0.0, 0.0, 0.01116, 0.0, -0.0, -1.0, 3.32714, 0.0, 1.0, -0.0, 0.29081, 0.0, 0.0, 0.0, 1.0],
                [1.0, 0.0, 0.0, 0.01116, 0.0, -0.0, -1.0, 3.372183, 0.0, 1.0, -0.0, 0.328455, 0.0, 0.0, 0.0, 1.0],
                [1.0, 0.0, 0.0, 0.01116, 0.0, -0.0, -1.0, 3.387904, 0.0, 1.0, -0.0, 0.328455, 0.0, 0.0, 0.0, 1.0],
                [1.0, 0.0, 0.0, 0.01116, 0.0, -0.0, -1.0, 3.412506, 0.0, 1.0, -0.0, 0.328455, 0.0, 0.0, 0.0, 1.0],
                [1.0, 0.0, 0.0, 0.01116, 0.0, -0.0, -1.0, 3.442757, 0.0, 1.0, -0.0, 0.328455, 0.0, 0.0, 0.0, 1.0],
                [1.0, 0.0, 0.0, 0.01116, 0.0, -0.0, -1.0, 3.47286, 0.0, 1.0, -0.0, 0.328455, 0.0, 0.0, 0.0, 1.0],
                [1.0, 0.0, 0.0, 0.01116, 0.0, -0.0, -1.0, 3.484592, 0.0, 1.0, -0.0, 0.328455, 0.0, 0.0, 0.0, 1.0],
                [1.0, 0.0, 0.0, 0.01116, 0.0, -0.0, -1.0, 3.488473, 0.0, 1.0, -0.0, 0.328455, 0.0, 0.0, 0.0, 1.0],
                [1.0, 0.0, 0.0, 0.01116, 0.0, -0.0, -1.0, 3.54861, 0.0, 1.0, -0.0, 0.328455, 0.0, 0.0, 0.0, 1.0],
                [1.0, 0.0, 0.0, 0.01116, 0.0, -0.0, -1.0, 3.742177, 0.0, 1.0, -0.0, 0.328455, 0.0, 0.0, 0.0, 1.0],
                [1.0, 0.0, 0.0, 0.01116, 0.0, -0.0, -1.0, 3.935348, 0.0, 1.0, -0.0, 0.328455, 0.0, 0.0, 0.0, 1.0],
                [1.0, 0.0, 0.0, 0.01116, 0.0, -0.0, -1.0, 4.512925, 0.0, 1.0, -0.0, 0.394335, 0.0, 0.0, 0.0, 1.0],
                [1.0, 0.0, 0.0, 0.01116, 0.0, -0.0, -1.0, 4.938698, 0.0, 1.0, -0.0, 0.413158, 0.0, 0.0, 0.0, 1.0],
                [1.0, 0.0, 0.0, 0.01116, 0.0, -0.0, -1.0, 6.014409, 0.0, 1.0, -0.0, 0.469626, 0.0, 0.0, 0.0, 1.0]
            ]
        },
        {
            "name": "Thigh_R",
            "time": [0.0, 0.0333, 0.0667, 0.1, 0.1333, 0.1667, 0.2, 0.2333, 0.2667, 0.3, 0.3333, 0.3667, 0.4, 0.4333, 0.4667, 0.5, 0.5333, 0.5667, 0.6, 0.6667, 0.8, 0.8333, 0.8667, 0.9, 0.9333, 0.9667, 1.0, 1.0333, 1.0667, 1.1, 1.1333, 1.2333, 1.3333, 1.6667],
            "transform": [
                [0.224549, -0.698627, -0.679336, 0.124994, 0.616963, -0.43769, 0.654052, -0.002831, -0.754278, -0.565992, 0.332744, -1.2e-05, 0.0, 0.0, 0.0, 1.0],
                [0.360381, -0.68182, -0.63659, 0.124994, 0.59376, -0.358665, 0.720283, -0.002831, -0.719426, -0.637558, 0.275582, -1.2e-05, 0.0, 0.0, 0.0, 1.0],
                [0.489304, -0.647251, -0.584507, 0.124994, 0.554751, -0.28615, 0.781262, -0.002831, -0.672929, -0.706529, 0.219049, -1.2e-05, 0.0, 0.0, 0.0, 1.0],
                [0.61985, -0.589144, -0.518359, 0.124994, 0.488769, -0.226926, 0.842383, -0.002831, -0.613914, -0.775508, 0.147295, -1.2e-05, 0.0, 0.0, 0.0, 1.0],
                [0.755097, -0.495208, -0.429649, 0.124994, 0.390326, -0.186973, 0.901492, -0.002831, -0.526758, -0.848416, 0.05211, -1.2e-05, 0.0, 0.0, 0.0, 1.0],
                [0.887197, -0.338893, -0.313104, 0.124994, 0.264669, -0.18205, 0.947, -0.002831, -0.377932, -0.923043, -0.07182, -1.2e-05, 0.0, 0.0, 0.0, 1.0],
                [0.967397, -0.177215, -0.180932, 0.124994, 0.141647, -0.213628, 0.966592, -0.002831, -0.209947, -0.960706, -0.181561, -1.2e-05, 0.0, 0.0, 0.0, 1.0],
                [0.998765, -0.012062, -0.048196, 0.124994, 0.042805, -0.283549, 0.958002, -0.002831, -0.025222, -0.958881, -0.282683, -1.2e-05, 0.0, 0.0, 0.0, 1.0],
                [0.981776, 0.165932, 0.092646, 0.124994, -0.022232, -0.383868, 0.92312, -0.002831, 0.188739, -0.908355, -0.373184, -1.2e-05, 0.0, 0.0, 0.0, 1.0],
                [0.917388, 0.337852, 0.210372, 0.124994, -0.021252, -0.486241, 0.873566, -0.002831, 0.397428, -0.805869, -0.438892, -1.2e-05, 0.0, 0.0, 0.0, 1.0],
                [0.825913, 0.481524, 0.293262, 0.124994, 0.038492, -0.567098, 0.822751, -0.002831, 0.562483, -0.668231, -0.486908, -1.2e-05, 0.0, 0.0, 0.0, 1.0],
                [0.768907, 0.57389, 0.281836, 0.124994, 0.167911, -0.606591, 0.77708, -0.002831, 0.616918, -0.550178, -0.562775, -1.2e-05, 0.0, 0.0, 0.0, 1.0],
                [0.692394, 0.677075, 0.249319, 0.124994, 0.409761, -0.653413, 0.636511, -0.002831, 0.593874, -0.338555, -0.729859, -1.2e-05, 0.0, 0.0, 0.0, 1.0],
                [0.572312, 0.755741, 0.318298, 0.124994, 0.598449, -0.650287, 0.467957, -0.002831, 0.56064, -0.077332, -0.824441, -1.2e-05, 0.0, 0.0, 0.0, 1.0],
                [0.427931, 0.805289, 0.410346, 0.124994, 0.744506, -0.571491, 0.34512, -0.002831, 0.512431, 0.157818, -0.844102, -1.2e-05, 0.0, 0.0, 0.0, 1.0],
                [0.237974, 0.8528, 0.464866, 0.124994, 0.817026, -0.434569, 0.378969, -0.002831, 0.525202, 0.289622, -0.800176, -1.2e-05, 0.0, 0.0, 0.0, 1.0],
                [0.031641, 0.861826, 0.506216, 0.124994, 0.844594, -0.293882, 0.447541, -0.002831, 0.53447, 0.413386, -0.737193, -1.2e-05, 0.0, 0.0, 0.0, 1.0],
                [-0.173479, 0.911558, 0.372783, 0.124994, 0.789419, -0.097608, 0.606045, -0.002831, 0.588832, 0.399418, -0.702669, -1.2e-05, 0.0, 0.0, 0.0, 1.0],
                [-0.314099, 0.938325, 0.144523, 0.124994, 0.659226, 0.106013, 0.744434, -0.00283, 0.6832, 0.329099, -0.651868, -1.2e-05, 0.0, 0.0, 0.0, 1.0],
                [-0.555286, 0.795433, -0.242782, 0.124994, 0.222196, 0.423208, 0.878365, -0.002831, 0.801427, 0.433799, -0.411744, -1.2e-05, 0.0, 0.0, 0.0, 1.0],
                [-0.340417, 0.824893, 0.451295, 0.124994, 0.680861, -0.114771, 0.723365, -0.002831, 0.648494, 0.553514, -0.522568, -1.2e-05, 0.0, 0.0, 0.0, 1.0],
                [-0.102981, 0.739364, 0.665384, 0.124994, 0.810021, -0.325898, 0.4875, -0.002831, 0.577287, 0.589178, -0.56534, -1.2e-05, 0.0, 0.0, 0.0, 1.0],
                [0.289335, 0.557386, 0.778207, 0.124994, 0.83086, -0.549952, 0.084987, -0.002831, 0.475347, 0.621992, -0.622231, -1.2e-05, 0.0, 0.0, 0.0, 1.0],
                [0.514802, 0.452034, 0.728453, 0.124994, 0.75239, -0.645531, -0.131142, -0.002831, 0.410959, 0.615593, -0.672427, -1.2e-05, 0.0, 0.0, 0.0, 1.0],
                [0.595625, 0.470049, 0.651371, 0.124994, 0.70414, -0.695759, -0.141796, -0.002831, 0.386546, 0.543114, -0.745392, -1.2e-05, 0.0, 0.0, 0.0, 1.0],
                [0.636318, 0.481139, 0.602997, 0.124994, 0.672716, -0.72866, -0.128483, -0.002831, 0.377562, 0.487403, -0.787328, -1.2e-05, 0.0, 0.0, 0.0, 1.0],
                [0.681453, 0.438729, 0.585781, 0.124994, 0.638738, -0.747248, -0.183398, -0.002831, 0.357262, 0.499137, -0.789447, -1.2e-05, 0.0, 0.0, 0.0, 1.0],
                [0.716823, 0.419291, 0.5571, 0.124994, 0.609065, -0.765478, -0.207563, -0.002831, 0.339418, 0.488096, -0.804088, -1.2e-05, 0.0, 0.0, 0.0, 1.0],
                [0.777767, 0.361327, 0.514317, 0.124994, 0.56319, -0.763942, -0.314977, -0.002831, 0.279099, 0.534636, -0.797664, -1.2e-05, 0.0, 0.0, 0.0, 1.0],
                [0.884294, 0.394591, 0.249645, 0.124994, 0.463411, -0.807185, -0.365653, -0.002831, 0.057226, 0.439033, -0.896646, -1.2e-05, 0.0, 0.0, 0.0, 1.0],
                [0.902727, 0.426645, -0.0553, 0.124994, 0.383483, -0.856258, -0.346069, -0.002831, -0.194999, 0.2912, -0.936577, -1.2e-05, 0.0, 0.0, 0.0, 1.0],
                [0.498823, 0.250199, -0.829804, 0.124994, 0.329036, -0.940416, -0.085755, -0.002831, -0.801817, -0.230259, -0.551425, -1.2e-05, 0.0, 0.0, 0.0, 1.0],
                [0.308656, -0.288541, -0.906353, 0.124994, 0.533087, -0.736686, 0.416067, -0.002831, -0.78775, -0.611587, -0.073565, -1.2e-05, 0.0, 0.0, 0.0, 1.0],
                [0.24553, -0.63085, -0.736032, 0.124994, -0.052567, -0.766822, 0.639703, -0.002831, -0.967963, -0.118375, -0.221439, -1.2e-05, 0.0, 0.0, 0.0, 1.0]
            ]
        },
        {
            "name": "Leg_R",
            "time": [0.0, 0.0333, 0.0667, 0.1, 0.1333, 0.1667, 0.2, 0.2333, 0.2667, 0.3, 0.3333, 0.3667, 0.4, 0.4333, 0.4667, 0.5, 0.5333, 0.5667, 0.6, 0.6667, 0.8, 0.8333, 0.8667, 0.9, 0.9333, 0.9667, 1.0, 1.0333, 1.0667, 1.1, 1.1333, 1.2333, 1.3333, 1.6667],
            "transform": [
                [1.0, 0.0, 0.0, -0.0, -0.0, -0.361978, 0.932187, 0.37472, 0.0, -0.932186, -0.361979, 0.0, 0.0, 0.0, 0.0, 1.0],
                [1.0, 0.0, 0.0, 0.0, 0.0, -0.335105, 0.942181, 0.37472, 0.0, -0.94218, -0.335106, -0.0, 0.0, 0.0, 0.0, 1.0],
                [1.0, 0.0, 0.0, 0.0, -0.0, -0.301713, 0.953399, 0.37472, 0.0, -0.953398, -0.301714, 0.0, 0.0, 0.0, 0.0, 1.0],
                [1.0, 0.0, 0.0, 0.0, 0.0, -0.267997, 0.963421, 0.37472, 0.0, -0.963419, -0.267998, 0.0, 0.0, 0.0, 0.0, 1.0],
                [1.0, 0.0, 0.0, -0.0, -0.0, -0.22928, 0.973362, 0.37472, 0.0, -0.97336, -0.229281, -0.0, 0.0, 0.0, 0.0, 1.0],
                [1.0, -0.0, 0.0, 0.0, -0.0, -0.179055, 0.98384, 0.37472, -0.0, -0.983838, -0.179056, 0.0, 0.0, 0.0, 0.0, 1.0],
                [1.0, -0.0, 0.0, -0.0, -0.0, -0.153539, 0.988144, 0.37472, -0.0, -0.988142, -0.153539, -0.0, 0.0, 0.0, 0.0, 1.0],
                [1.0, 0.0, 0.0, 0.0, -0.0, -0.153075, 0.988215, 0.37472, 0.0, -0.988214, -0.153075, 0.0, 0.0, 0.0, 0.0, 1.0],
                [1.0, 0.0, 0.0, 0.0, -0.0, -0.143363, 0.989671, 0.37472, 0.0, -0.98967, -0.143363, -0.0, 0.0, 0.0, 0.0, 1.0],
                [1.0, 0.0, 0.0, -0.0, -0.0, -0.137947, 0.99044, 0.37472, 0.0, -0.990439, -0.137947, 0.0, 0.0, 0.0, 0.0, 1.0],
                [1.0, 0.0, 0.0, -0.0, -0.0, -0.138016, 0.99043, 0.37472, 0.0, -0.990429, -0.138016, -0.0, 0.0, 0.0, 0.0, 1.0],
                [1.0, 0.0, 0.0, 0.0, -0.0, -0.175462, 0.984487, 0.37472, 0.0, -0.984486, -0.175462, -0.0, 0.0, 0.0, 0.0, 1.0],
                [1.0, -0.0, 0.0, 0.0, -0.0, -0.183378, 0.983043, 0.37472, 0.0, -0.983042, -0.183379, -0.0, 0.0, 0.0, 0.0, 1.0],
                [1.0, 0.0, 0.0, 0.0, -0.0, -0.089195, 0.996015, 0.37472, 0.0, -0.996014, -0.089195, -0.0, 0.0, 0.0, 0.0, 1.0],
                [1.0, 0.0, 0.0, -0.0, -0.0, 0.067564, 0.997715, 0.37472, 0.0, -0.997715, 0.067564, 0.0, 0.0, 0.0, 0.0, 1.0],
                [1.0, 0.0, 0.0, 0.0, -0.0, 0.182039, 0.983292, 0.37472, 0.0, -0.983291, 0.182039, -0.0, 0.0, 0.0, 0.0, 1.0],
                [1.0, 0.0, 0.0, 0.0, -0.0, 0.245962, 0.96928, 0.37472, 0.0, -0.969279, 0.245963, 0.0, 0.0, 0.0, 0.0, 1.0],
                [1.0, 0.0, 0.0, 0.0, -0.0, 0.101208, 0.994866, 0.37472, 0.0, -0.994865, 0.101209, 0.0, 0.0, 0.0, 0.0, 1.0],
                [1.0, 0.0, 0.0, 0.0, -0.0, -0.122598, 0.992458, 0.37472, 0.0, -0.992456, -0.122599, -0.0, 0.0, 0.0, 0.0, 1.0],
                [1.0, 0.0, 0.0, 0.0, -0.0, -0.294631, 0.955612, 0.37472, 0.0, -0.955611, -0.294631, -0.0, 0.0, 0.0, 0.0, 1.0],
                [1.0, 0.0, 0.0, 0.0, -0.0, 0.529459, 0.848336, 0.37472, -0.0, -0.848335, 0.52946, 0.0, 0.0, 0.0, 0.0, 1.0],
                [1.0, 0.0, -0.0, 0.0, -0.0, 0.667815, 0.744327, 0.37472, 0.0, -0.744327, 0.667816, -0.0, 0.0, 0.0, 0.0, 1.0],
                [1.0, 0.0, 0.0, 0.0, -0.0, 0.777551, 0.62882, 0.37472, 0.0, -0.62882, 0.77755, -0.0, 0.0, 0.0, 0.0, 1.0],
                [1.0, 0.0, -0.0, 0.0, -0.0, 0.805094, 0.593146, 0.37472, 0.0, -0.593147, 0.805094, 0.0, 0.0, 0.0, 0.0, 1.0],
                [1.0, 0.0, -0.0, -0.0, -0.0, 0.729424, 0.684062, 0.37472, 0.0, -0.684062, 0.729423, -0.0, 0.0, 0.0, 0.0, 1.0],
                [1.0, 0.0, 0.0, 0.0, -0.0, 0.674842, 0.737962, 0.37472, 0.0, -0.737962, 0.674842, -0.0, 0.0, 0.0, 0.0, 1.0],
                [1.0, 0.0, -0.0, 0.0, -0.0, 0.697884, 0.716211, 0.37472, 0.0, -0.716211, 0.697883, 0.0, 0.0, 0.0, 0.0, 1.0],
                [1.0, 0.0, -0.0, -0.0, -0.0, 0.694472, 0.719519, 0.37472, 0.0, -0.71952, 0.694472, -0.0, 0.0, 0.0, 0.0, 1.0],
                [1.0, 0.0, 0.0, -0.0, -0.0, 0.762024, 0.647549, 0.37472, 0.0, -0.64755, 0.762023, 0.0, 0.0, 0.0, 0.0, 1.0],
                [1.0, 0.0, 0.0, 0.0, -0.0, 0.710418, 0.70378, 0.37472, 0.0, -0.70378, 0.710417, -0.0, 0.0, 0.0, 0.0, 1.0],
                [1.000001, 0.0, 0.0, 0.0, -0.0, 0.601682, 0.798735, 0.37472, 0.0, -0.798736, 0.601681, 0.0, 0.0, 0.0, 0.0, 1.0],
                [1.000001, 0.0, 0.0, 0.0, -0.0, 0.239167, 0.970977, 0.37472, 0.0, -0.970979, 0.239166, -0.0, 0.0, 0.0, 0.0, 1.0],
                [1.0, 0.0, 0.0, 0.0, -0.0, 0.23192, 0.972734, 0.37472, 0.0, -0.972735, 0.23192, 0.0, 0.0, 0.0, 0.0, 1.0],
                [1.000001, 0.0, 0.0, -1e-06, -0.0, 0.345752, 0.938325, 0.37472, 0.0, -0.938327, 0.345751, -0.0, 0.0, 0.0, 0.0, 1.0]
            ]
        },
        {
            "name": "Knee_R",
            "time": [0.6, 0.6667, 0.8, 1.1333, 1.2333, 1.3333, 1.6667, 0.0],
            "transform": [
                [1.0, 0.0, -0.0, -0.0, -0.0, 0.0, -1.0, 0.37472, -0.0, 1.0, 0.0, 0.0, 0.0, 0.0, 0.0, 1.0],
                [1.0, 0.0, -0.0, 0.0, -1e-06, 0.0, -1.0, 0.37472, -0.0, 1.0, 0.0, -0.0, 0.0, 0.0, 0.0, 1.0],
                [1.0, 0.0, -1e-06, 0.0, -0.0, 0.0, -1.0, 0.37472, -0.0, 1.0, 0.0, -0.0, 0.0, 0.0, 0.0, 1.0],
                [1.0, 0.0, -0.0, 0.0, -0.0, 0.0, -1.0, 0.37472, -0.0, 1.0, 0.0, 0.0, 0.0, 0.0, 0.0, 1.0],
                [1.0, 0.0, -1e-06, 0.0, -1e-06, 0.0, -1.0, 0.37472, -0.0, 1.0, 0.0, 0.0, 0.0, 0.0, 0.0, 1.0],
                [1.0, 0.0, -0.0, 0.0, -0.0, 0.0, -1.0, 0.37472, -0.0, 1.0, 0.0, -0.0, 0.0, 0.0, 0.0, 1.0],
                [1.0, 0.0, -0.0, 0.0, -0.0, 0.0, -1.0, 0.37472, -0.0, 1.0, 0.0, 0.0, 0.0, 0.0, 0.0, 1.0],
                [1.0, 0.0, -0.0, -1e-06, -0.0, 0.0, -1.0, 0.37472, -0.0, 1.0, 0.0, -0.0, 0.0, 0.0, 0.0, 1.0]
            ]
        },
        {
            "name": "Thigh_L",
            "time": [0.0, 0.0333, 0.0667, 0.1, 0.1333, 0.1667, 0.2, 0.2333, 0.2667, 0.3, 0.3333, 0.3667, 0.4, 0.4333, 0.4667, 0.5, 0.5333, 0.5667, 0.6, 0.6667, 0.8, 0.8333, 0.8667, 0.9, 0.9333, 0.9667, 1.0, 1.0333, 1.0667, 1.1, 1.1333, 1.2333, 1.3333, 1.6667],
            "transform": [
                [-0.34251, -0.746579, -0.570356, -0.125006, -0.671473, -0.230082, 0.704405, -0.002831, -0.657123, 0.624244, -0.422503, -1.2e-05, 0.0, 0.0, 0.0, 1.0],
                [-0.275285, -0.739534, -0.614253, -0.125006, -0.691894, -0.291197, 0.660671, -0.002831, -0.667458, 0.606871, -0.431518, -1.2e-05, 0.0, 0.0, 0.0, 1.0],
                [-0.208409, -0.726614, -0.654674, -0.125006, -0.706918, -0.35067, 0.614246, -0.002831, -0.675894, 0.590815, -0.440574, -1.2e-05, 0.0, 0.0, 0.0, 1.0],
                [-0.133678, -0.698761, -0.702754, -0.125006, -0.724497, -0.414935, 0.550393, -0.002831, -0.676191, 0.582719, -0.450783, -1.2e-05, 0.0, 0.0, 0.0, 1.0],
                [-0.038009, -0.640998, -0.766601, -0.125006, -0.742526, -0.49528, 0.450947, -0.002831, -0.668738, 0.586361, -0.457133, -1.2e-05, 0.0, 0.0, 0.0, 1.0],
                [0.086904, -0.518773, -0.850484, -0.125006, -0.752136, -0.593975, 0.285454, -0.002831, -0.653252, 0.614872, -0.441807, -1.2e-05, 0.0, 0.0, 0.0, 1.0],
                [0.193365, -0.210869, -0.958199, -0.125006, -0.760792, -0.648907, -0.010725, -0.002831, -0.61952, 0.731063, -0.285903, -1.2e-05, 0.0, 0.0, 0.0, 1.0],
                [0.313451, -0.5994, -0.736524, -0.125006, -0.721957, -0.654264, 0.225203, -0.002831, -0.616868, 0.461148, -0.637821, -1.2e-05, 0.0, 0.0, 0.0, 1.0],
                [0.499066, -0.730282, -0.466499, -0.125006, -0.627519, -0.675819, 0.386636, -0.002831, -0.597622, 0.09978, -0.795545, -1.2e-05, 0.0, 0.0, 0.0, 1.0],
                [0.7319, -0.626451, -0.268106, -0.125006, -0.418254, -0.723626, 0.549024, -0.002831, -0.537945, -0.289694, -0.791639, -1.2e-05, 0.0, 0.0, 0.0, 1.0],
                [0.886549, -0.397613, -0.236504, -0.125006, -0.119635, -0.690859, 0.713023, -0.002831, -0.446898, -0.603835, -0.660049, -1.2e-05, 0.0, 0.0, 0.0, 1.0],
                [0.971932, -0.22633, -0.064216, -0.125006, -0.068505, -0.533388, 0.843092, -0.002831, -0.225069, -0.815028, -0.533922, -1.2e-05, 0.0, 0.0, 0.0, 1.0],
                [0.994214, 0.022585, 0.105012, -0.125006, -0.095369, -0.264209, 0.959738, -0.002831, 0.04942, -0.964201, -0.260527, -1.2e-05, 0.0, 0.0, 0.0, 1.0],
                [0.973009, 0.145294, 0.179283, -0.125006, -0.170823, -0.068854, 0.982893, -0.002831, 0.155153, -0.98699, -0.042176, -1.2e-05, 0.0, 0.0, 0.0, 1.0],
                [0.940441, 0.211053, 0.266508, -0.125006, -0.285841, 0.066546, 0.955964, -0.002831, 0.184024, -0.975206, 0.12291, -1.2e-05, 0.0, 0.0, 0.0, 1.0],
                [0.870213, 0.315711, 0.378227, -0.125006, -0.420296, 0.075161, 0.904269, -0.002831, 0.25706, -0.945874, 0.198099, -1.2e-05, 0.0, 0.0, 0.0, 1.0],
                [0.722077, 0.393239, 0.569182, -0.125006, -0.601548, -0.049451, 0.797304, -0.002831, 0.341678, -0.918105, 0.200845, -1.2e-05, 0.0, 0.0, 0.0, 1.0],
                [0.500798, 0.420129, 0.756765, -0.125006, -0.7599, -0.20521, 0.616799, -0.002831, 0.414431, -0.883957, 0.216488, -1.2e-05, 0.0, 0.0, 0.0, 1.0],
                [0.335268, 0.422397, 0.842126, -0.125006, -0.831083, -0.288398, 0.475528, -0.002831, 0.44373, -0.859306, 0.254356, -1.2e-05, 0.0, 0.0, 0.0, 1.0],
                [-0.044117, 0.703891, 0.708937, -0.125006, -0.83362, -0.41702, 0.362176, -0.002831, 0.550573, -0.575006, 0.605175, -1.2e-05, 0.0, 0.0, 0.0, 1.0],
                [0.325407, 0.797062, 0.508726, -0.125006, -0.690907, -0.166888, 0.703417, -0.002831, 0.645568, -0.580379, 0.496389, -1.2e-05, 0.0, 0.0, 0.0, 1.0],
                [0.518985, 0.63172, 0.575834, -0.125006, -0.637558, -0.162639, 0.753039, -0.002831, 0.569362, -0.757944, 0.318351, -1.2e-05, 0.0, 0.0, 0.0, 1.0],
                [0.66713, 0.332104, 0.666817, -0.125006, -0.619154, -0.250544, 0.744228, -0.002831, 0.414228, -0.909359, 0.038478, -1.2e-05, 0.0, 0.0, 0.0, 1.0],
                [0.786082, 0.153858, 0.598668, -0.125006, -0.546691, -0.278916, 0.789515, -0.002831, 0.288452, -0.94791, -0.135138, -1.2e-05, 0.0, 0.0, 0.0, 1.0],
                [0.870623, 0.1024, 0.481176, -0.125006, -0.445314, -0.251639, 0.859286, -0.002831, 0.209074, -0.962388, -0.173483, -1.2e-05, 0.0, 0.0, 0.0, 1.0],
                [0.923137, 0.062635, 0.379335, -0.125006, -0.355888, -0.234106, 0.904731, -0.002831, 0.145472, -0.970191, -0.193822, -1.2e-05, 0.0, 0.0, 0.0, 1.0],
                [0.950294, 0.021655, 0.310601, -0.125006, -0.298243, -0.223138, 0.928041, -0.002831, 0.089404, -0.974546, -0.205588, -1.2e-05, 0.0, 0.0, 0.0, 1.0],
                [0.968111, -0.021841, 0.249571, -0.125006, -0.248357, -0.214452, 0.944632, -0.002831, 0.032889, -0.97649, -0.213038, -1.2e-05, 0.0, 0.0, 0.0, 1.0],
                [0.982103, -0.063035, 0.177481, -0.125006, -0.186627, -0.198806, 0.962105, -0.002831, -0.025362, -0.978009, -0.207013, -1.1e-05, 0.0, 0.0, 0.0, 1.0],
                [0.97652, -0.208948, 0.052427, -0.125006, -0.098122, -0.214761, 0.971725, -0.002831, -0.191781, -0.954054, -0.230221, -1.2e-05, 0.0, 0.0, 0.0, 1.0],
                [0.899886, -0.429759, -0.07425, -0.125006, -0.063291, -0.297132, 0.952737, -0.002831, -0.431509, -0.852654, -0.294585, -1.2e-05, 0.0, 0.0, 0.0, 1.0],
                [0.194766, -0.893091, -0.405529, -0.125006, -0.319281, -0.448655, 0.834726, -0.002831, -0.927429, -0.033099, -0.372531, -1.2e-05, 0.0, 0.0, 0.0, 1.0],
                [0.018215, -0.761526, -0.647878, -0.125006, -0.594762, -0.529122, 0.605217, -0.002831, -0.803696, 0.374309, -0.462565, -1.2e-05, 0.0, 0.0, 0.0, 1.0],
                [-0.375279, -0.338756, -0.862792, -0.125006, 0.061652, -0.937886, 0.341423, -0.002831, -0.92486, 0.074936, 0.372854, -1.2e-05, 0.0, 0.0, 0.0, 1.0]
            ]
        },
        {
            "name": "Leg_L",
            "time": [0.0, 0.0333, 0.0667, 0.1, 0.1333, 0.1667, 0.2, 0.2333, 0.2667, 0.3, 0.3333, 0.3667, 0.4, 0.4333, 0.4667, 0.5, 0.5333, 0.5667, 0.6, 0.6667, 0.8, 0.8333, 0.8667, 0.9, 0.9333, 0.9667, 1.0, 1.0333, 1.0667, 1.1, 1.1333, 1.2333, 1.3333, 1.6667],
            "transform": [
                [1.0, 0.0, 1e-06, -0.0, -1e-06, 0.524146, 0.851629, 0.37472, -0.0, -0.851628, 0.524147, -0.0, 0.0, 0.0, 0.0, 1.0],
                [1.0, 0.0, 0.0, 0.0, -0.0, 0.565878, 0.824489, 0.37472, -0.0, -0.824488, 0.565879, 0.0, 0.0, 0.0, 0.0, 1.0],
                [1.0, 0.0, 0.0, 0.0, -0.0, 0.610135, 0.792298, 0.37472, -0.0, -0.792297, 0.610136, 0.0, 0.0, 0.0, 0.0, 1.0],
                [1.0, 0.0, 0.0, 0.0, -0.0, 0.664389, 0.747387, 0.37472, -0.0, -0.747387, 0.664389, -0.0, 0.0, 0.0, 0.0, 1.0],
                [1.0, 0.0, 0.0, -0.0, -0.0, 0.736791, 0.676121, 0.37472, -0.0, -0.676121, 0.73679, -0.0, 0.0, 0.0, 0.0, 1.0],
                [1.0, 0.0, 0.0, 0.0, -0.0, 0.852155, 0.52329, 0.37472, -0.0, -0.52329, 0.852155, -0.0, 0.0, 0.0, 0.0, 1.0],
                [1.0, 0.0, -0.0, 0.0, -0.0, 0.999999, 0.001526, 0.37472, -0.0, -0.001526, 0.999999, -0.0, 0.0, 0.0, 0.0, 1.0],
                [1.0, 0.0, 0.0, 0.0, -0.0, 0.5847, 0.81125, 0.37472, -0.0, -0.811249, 0.5847, -0.0, 0.0, 0.0, 0.0, 1.0],
                [1.0, -0.0, 0.0, 0.0, -0.0, 0.024344, 0.999705, 0.37472, 0.0, -0.999704, 0.024344, -0.0, 0.0, 0.0, 0.0, 1.0],
                [1.0, -0.0, 1e-06, 0.0, -1e-06, -0.39117, 0.920319, 0.37472, -0.0, -0.920318, -0.391171, 0.0, 0.0, 0.0, 0.0, 1.0],
                [1.0, -0.0, 0.0, -0.0, -0.0, -0.659315, 0.751866, 0.37472, 0.0, -0.751866, -0.659316, -0.0, 0.0, 0.0, 0.0, 1.0],
                [1.0, -0.0, 0.0, -0.0, -1e-06, -0.742451, 0.6699, 0.37472, 0.0, -0.6699, -0.742451, -0.0, 0.0, 0.0, 0.0, 1.0],
                [1.0, -0.0, 0.0, 0.0, -0.0, -0.695247, 0.71877, 0.37472, 0.0, -0.71877, -0.695247, -0.0, 0.0, 0.0, 0.0, 1.0],
                [1.0, -0.0, 0.0, 0.0, -0.0, -0.58044, 0.814304, 0.37472, 0.0, -0.814304, -0.58044, 0.0, 0.0, 0.0, 0.0, 1.0],
                [1.0, -0.0, 0.0, -0.0, -0.0, -0.436854, 0.899533, 0.37472, -0.0, -0.899532, -0.436855, 0.0, 0.0, 0.0, 0.0, 1.0],
                [1.0, -0.0, 0.0, -0.0, -1e-06, -0.272627, 0.96212, 0.37472, -0.0, -0.96212, -0.272627, 0.0, 0.0, 0.0, 0.0, 1.0],
                [1.0, 0.0, 0.0, 0.0, -0.0, -0.012376, 0.999925, 0.37472, -0.0, -0.999923, -0.012376, -0.0, 0.0, 0.0, 0.0, 1.0],
                [1.0, 0.0, 0.0, -0.0, -0.0, 0.256684, 0.966496, 0.37472, 0.0, -0.966495, 0.256684, 0.0, 0.0, 0.0, 0.0, 1.0],
                [1.0, 0.0, 0.0, 0.0, -0.0, 0.389472, 0.921039, 0.37472, -0.0, -0.921039, 0.389472, -0.0, 0.0, 0.0, 0.0, 1.0],
                [1.0, -0.0, 0.0, 0.0, -0.0, -0.100846, 0.994903, 0.37472, -0.0, -0.994902, -0.100846, 0.0, 0.0, 0.0, 0.0, 1.0],
                [1.0, -0.0, 0.0, 0.0, -1e-06, -0.128697, 0.991684, 0.37472, -0.0, -0.991684, -0.128697, -0.0, 0.0, 0.0, 0.0, 1.0],
                [1.0, 0.0, 1e-06, -0.0, -1e-06, 0.064508, 0.997918, 0.37472, -0.0, -0.997917, 0.064508, -0.0, 0.0, 0.0, 0.0, 1.0],
                [1.0, 0.0, 0.0, 0.0, -0.0, 0.410771, 0.911739, 0.37472, -0.0, -0.911738, 0.410772, 0.0, 0.0, 0.0, 0.0, 1.0],
                [1.0, 0.0, 0.0, -0.0, -0.0, 0.563604, 0.826045, 0.37472, -0.0, -0.826045, 0.563604, 0.0, 0.0, 0.0, 0.0, 1.0],
                [1.0, 0.0, 0.0, 0.0, -0.0, 0.527458, 0.849581, 0.37472, -0.0, -0.849581, 0.527458, -0.0, 0.0, 0.0, 0.0, 1.0],
                [1.0, 0.0, 0.0, -0.0, -0.0, 0.479624, 0.877474, 0.37472, -0.0, -0.877474, 0.479624, -0.0, 0.0, 0.0, 0.0, 1.0],
                [1.0, 0.0, 0.0, 0.0, -0.0, 0.478404, 0.878139, 0.37472, -0.0, -0.878139, 0.478404, -0.0, 0.0, 0.0, 0.0, 1.0],
                [1.0, 0.0, 0.0, 0.0, -0.0, 0.484655, 0.874705, 0.37472, -0.0, -0.874705, 0.484655, 0.0, 0.0, 0.0, 0.0, 1.0],
                [1.0, 0.0, 0.0, 0.0, -0.0, 0.412256, 0.911068, 0.37472, -0.0, -0.911068, 0.412256, -0.0, 0.0, 0.0, 0.0, 1.0],
                [1.0, -0.0, 1e-06, 0.0, -0.0, 0.192402, 0.981316, 0.37472, -0.0, -0.981316, 0.192402, 0.0, 0.0, 0.0, 0.0, 1.0],
                [1.0, -0.0, 0.0, -0.0, -0.0, 0.066843, 0.997764, 0.37472, -0.0, -0.997763, 0.066843, 0.0, 0.0, 0.0, 0.0, 1.0],
                [1.0, -0.0, 0.0, -0.0, -0.0, 0.251689, 0.967808, 0.37472, -0.0, -0.967808, 0.251689, -0.0, 0.0, 0.0, 0.0, 1.0],
                [1.0, 0.0, 0.0, -0.0, -0.0, 0.601682, 0.798736, 0.37472, -0.0, -0.798735, 0.601682, -0.0, 0.0, 0.0, 0.0, 1.0],
                [1.000001, -0.0, 0.0, 1e-06, -0.0, 0.079971, 0.996797, 0.37472, -0.0, -0.996798, 0.079971, 0.0, 0.0, 0.0, 0.0, 1.0]
            ]
        },
        {
            "name": "Knee_L",
            "time": [0.6, 0.6667, 0.8, 1.1333, 1.2333, 1.3333, 1.6667, 0.0],
            "transform": [
                [1.0, 0.0, -0.0, -0.0, -0.0, 0.0, -1.0, 0.37472, -0.0, 1.0, 0.0, -0.0, 0.0, 0.0, 0.0, 1.0],
                [1.0, 0.0, -0.0, 0.0, -1e-06, 0.0, -1.0, 0.37472, -0.0, 1.0, 0.0, -0.0, 0.0, 0.0, 0.0, 1.0],
                [1.0, 0.0, -0.0, 0.0, -0.0, 0.0, -1.0, 0.37472, -0.0, 1.0, 0.0, 0.0, 0.0, 0.0, 0.0, 1.0],
                [1.0, 0.0, -1e-06, 0.0, -1e-06, 0.0, -1.0, 0.37472, -0.0, 1.0, 0.0, -0.0, 0.0, 0.0, 0.0, 1.0],
                [1.0, 0.0, -0.0, -0.0, -0.0, 0.0, -1.0, 0.37472, -0.0, 1.0, 0.0, 0.0, 0.0, 0.0, 0.0, 1.0],
                [1.0, 0.0, -0.0, -0.0, -0.0, 0.0, -1.0, 0.37472, -0.0, 1.0, 0.0, -0.0, 0.0, 0.0, 0.0, 1.0],
                [1.0, 0.0, -1e-06, -0.0, -0.0, 0.0, -1.0, 0.37472, -0.0, 1.0, 0.0, -0.0, 0.0, 0.0, 0.0, 1.0],
                [1.0, 0.0, -0.0, 1e-06, -0.0, 0.0, -1.0, 0.37472, -0.0, 1.0, 0.0, 0.0, 0.0, 0.0, 0.0, 1.0]
            ]
        },
        {
            "name": "Torso",
            "time": [0.0, 0.0333, 0.0667, 0.1, 0.1333, 0.1667, 0.2, 0.2333, 0.2667, 0.3, 0.3333, 0.3667, 0.4, 0.4333, 0.4667, 0.5, 0.5333, 0.5667, 0.6, 0.6667, 0.8, 0.8333, 0.8667, 0.9, 0.9333, 0.9667, 1.0, 1.0333, 1.0667, 1.1, 1.1333, 1.2333, 1.3333, 1.6667],
            "transform": [
                [-0.049672, -0.436183, 0.898486, 0.0, -0.13425, 0.894348, 0.426753, 0.05, -0.989702, -0.099424, -0.102981, -0.0, 0.0, 0.0, 0.0, 1.0],
                [-0.020999, -0.4491, 0.893235, -0.0, -0.13865, 0.886107, 0.442257, 0.05, -0.990119, -0.11456, -0.080875, -0.0, 0.0, 0.0, 0.0, 1.0],
                [0.004502, -0.461924, 0.886909, 0.0, -0.142328, 0.877592, 0.457794, 0.05, -0.989809, -0.128292, -0.061794, -0.0, 0.0, 0.0, 0.0, 1.0],
                [0.06247, -0.469008, 0.880982, -0.0, -0.147416, 0.868688, 0.472916, 0.05, -0.9871, -0.159413, -0.014872, -0.0, 0.0, 0.0, 0.0, 1.0],
                [0.174586, -0.460444, 0.870351, -0.0, -0.156483, 0.859718, 0.486208, 0.05, -0.972128, -0.22108, 0.078043, 0.0, 0.0, 0.0, 0.0, 1.0],
                [0.349144, -0.422239, 0.836548, -0.0, -0.168509, 0.849885, 0.4993, 0.05, -0.921794, -0.315293, 0.225581, 0.0, 0.0, 0.0, 0.0, 1.0],
                [0.535578, -0.366431, 0.760845, 0.0, -0.166186, 0.837607, 0.520382, 0.05, -0.827973, -0.405146, 0.387708, -0.0, 0.0, 0.0, 0.0, 1.0],
                [0.711799, -0.307178, 0.631652, -0.0, -0.134775, 0.822855, 0.552037, 0.05, -0.689332, -0.478071, 0.544307, -0.0, 0.0, 0.0, 0.0, 1.0],
                [0.858634, -0.235253, 0.455416, 0.0, -0.085587, 0.810191, 0.579883, 0.05, -0.505394, -0.536885, 0.675523, -0.0, 0.0, 0.0, 0.0, 1.0],
                [0.957724, -0.144233, 0.248919, -0.0, -0.032774, 0.804909, 0.592492, 0.05, -0.285814, -0.575602, 0.766154, -0.0, 0.0, 0.0, 0.0, 1.0],
                [0.998748, -0.034224, 0.036494, -0.0, 0.006255, 0.809118, 0.587613, 0.05, -0.049639, -0.586649, 0.808319, -0.0, 0.0, 0.0, 0.0, 1.0],
                [0.979181, 0.109122, -0.171166, 0.0, 0.006796, 0.825124, 0.564911, 0.05, 0.202878, -0.554313, 0.807204, -0.0, 0.0, 0.0, 0.0, 1.0],
                [0.865149, 0.295687, -0.405075, 0.0, -0.041147, 0.84683, 0.530269, 0.05, 0.499823, -0.442095, 0.744801, -0.0, 0.0, 0.0, 0.0, 1.0],
                [0.774313, 0.391078, -0.49749, -0.0, -0.104508, 0.854405, 0.508989, 0.05, 0.624113, -0.342125, 0.702448, -0.0, 0.0, 0.0, 0.0, 1.0],
                [0.713153, 0.46071, -0.528355, 0.0, -0.183648, 0.850169, 0.493442, 0.05, 0.676525, -0.254869, 0.69091, -0.0, 0.0, 0.0, 0.0, 1.0],
                [0.618102, 0.522097, -0.587677, -0.0, -0.230005, 0.834986, 0.499896, 0.05, 0.751696, -0.173818, 0.636192, -0.0, 0.0, 0.0, 0.0, 1.0],
                [0.493476, 0.571089, -0.656002, 0.0, -0.255863, 0.816179, 0.51806, 0.05, 0.831273, -0.087804, 0.548886, -0.0, 0.0, 0.0, 0.0, 1.0],
                [0.356441, 0.607291, -0.710034, 0.0, -0.270171, 0.794477, 0.543887, 0.05, 0.894404, -0.002033, 0.447256, -0.0, 0.0, 0.0, 0.0, 1.0],
                [0.265437, 0.626558, -0.732781, -0.0, -0.272979, 0.777785, 0.566156, 0.05, 0.924676, 0.049755, 0.37749, -0.0, 0.0, 0.0, 0.0, 1.0],
                [0.030827, 0.739746, -0.67218, -0.0, -0.197256, 0.663776, 0.721451, 0.05, 0.979867, 0.110352, 0.166381, -0.0, 0.0, 0.0, 0.0, 1.0],
                [0.36052, 0.62389, -0.693388, -0.0, 0.006438, 0.741696, 0.670705, 0.05, 0.932729, -0.246267, 0.263379, -0.0, 0.0, 0.0, 0.0, 1.0],
                [0.572342, 0.486772, -0.659907, -0.0, 0.022922, 0.794939, 0.606257, 0.05, 0.819695, -0.362113, 0.443819, -0.0, 0.0, 0.0, 0.0, 1.0],
                [0.767632, 0.354038, -0.534227, -0.0, -0.008436, 0.839079, 0.543945, 0.05, 0.640836, -0.413043, 0.64709, -0.0, 0.0, 0.0, 0.0, 1.0],
                [0.88032, 0.257975, -0.398102, -0.0, -0.022687, 0.861139, 0.507863, 0.05, 0.473837, -0.43805, 0.763931, -0.0, 0.0, 0.0, 0.0, 1.0],
                [0.926002, 0.210994, -0.313052, -0.0, -0.032757, 0.871016, 0.490161, 0.05, 0.376095, -0.443636, 0.813474, -0.0, 0.0, 0.0, 0.0, 1.0],
                [0.947877, 0.177879, -0.264364, -0.0, -0.033307, 0.88044, 0.472987, 0.05, 0.316891, -0.439528, 0.840473, -0.0, 0.0, 0.0, 0.0, 1.0],
                [0.964471, 0.154206, -0.214514, 0.0, -0.021268, 0.854656, 0.518759, 0.05, 0.263332, -0.495765, 0.827571, -0.0, 0.0, 0.0, 0.0, 1.0],
                [0.977379, 0.129511, -0.167203, -0.0, -0.009693, 0.817177, 0.576305, 0.05, 0.211272, -0.561648, 0.799947, -0.0, 0.0, 0.0, 0.0, 1.0],
                [0.994929, 0.078713, -0.062616, 0.0, -0.024743, 0.79495, 0.60617, 0.05, 0.09749, -0.601546, 0.792867, -0.0, 0.0, 0.0, 0.0, 1.0],
                [0.978466, -0.03577, 0.203285, -0.0, -0.088816, 0.816066, 0.571093, 0.05, -0.186322, -0.57685, 0.795316, -0.0, 0.0, 0.0, 0.0, 1.0],
                [0.883572, -0.123663, 0.451673, -0.0, -0.135789, 0.85541, 0.499835, 0.05, -0.448177, -0.502972, 0.739024, -0.0, 0.0, 0.0, 0.0, 1.0],
                [0.295299, -0.193781, 0.935547, -0.0, -0.117694, 0.964378, 0.236902, 0.05, -0.948128, -0.180065, 0.261973, -0.0, 0.0, 0.0, 0.0, 1.0],
                [0.198477, -0.185765, 0.96234, 0.0, -0.091181, 0.974116, 0.206843, 0.05, -0.975855, -0.128801, 0.176401, -0.0, 0.0, 0.0, 0.0, 1.0],
                [0.000633, 0.036878, 0.99932, -0.0, -0.047099, 0.998212, -0.036807, 0.05, -0.99889, -0.047043, 0.002369, -0.0, 0.0, 0.0, 0.0, 1.0]
            ]
        },
        {
            "name": "Chest",
            "time": [0.0, 0.0333, 0.0667, 0.1, 0.1333, 0.1667, 0.2, 0.2333, 0.2667, 0.3, 0.3333, 0.3667, 0.4, 0.4333, 0.4667, 0.5, 0.5333, 0.5667, 0.6, 0.6667, 0.8, 0.8333, 0.8667, 0.9, 0.9333, 0.9667, 1.0, 1.0333, 1.0667, 1.1, 1.1333, 1.2333, 1.3333, 1.6667],
            "transform": [
                [0.994083, 0.0258, -0.105517, 0.0, -0.011395, 0.990793, 0.134909, 0.3, 0.108026, -0.132908, 0.985224, 0.0, 0.0, 0.0, 0.0, 1.0],
                [0.995902, 0.022926, -0.087484, 0.0, -0.010372, 0.989907, 0.141341, 0.3, 0.089841, -0.139854, 0.986088, -0.0, 0.0, 0.0, 0.0, 1.0],
                [0.997454, 0.019758, -0.068528, 0.0, -0.009458, 0.989019, 0.147487, 0.3, 0.07069, -0.146463, 0.986687, 0.0, 0.0, 0.0, 0.0, 1.0],
                [0.998462, 0.016654, -0.052883, 0.0, -0.008189, 0.987658, 0.156413, 0.3, 0.054835, -0.15574, 0.986275, 0.0, 0.0, 0.0, 0.0, 1.0],
                [0.999043, 0.012216, -0.041985, -0.0, -0.004787, 0.984964, 0.172697, 0.3, 0.043463, -0.172331, 0.98408, 0.0, 0.0, 0.0, 0.0, 1.0],
                [0.999275, 0.006928, -0.037437, 0.0, 0.000589, 0.980375, 0.19714, 0.3, 0.038068, -0.19702, 0.97966, -0.0, 0.0, 0.0, 0.0, 1.0],
                [0.999102, 0.009532, -0.041275, -0.0, -0.00057, 0.977292, 0.2119, 0.3, 0.042358, -0.211687, 0.976419, -0.0, 0.0, 0.0, 0.0, 1.0],
                [0.997892, 0.027098, -0.058971, 0.0, -0.01442, 0.978521, 0.205645, 0.3, 0.063277, -0.204361, 0.976848, 0.0, 0.0, 0.0, 0.0, 1.0],
                [0.995387, 0.050347, -0.081668, -0.0, -0.033902, 0.980906, 0.191505, 0.3, 0.089751, -0.187853, 0.978088, -0.0, 0.0, 0.0, 0.0, 1.0],
                [0.992007, 0.072655, -0.103169, -0.0, -0.053364, 0.982446, 0.178755, 0.3, 0.114345, -0.171821, 0.978469, -0.0, 0.0, 0.0, 0.0, 1.0],
                [0.988859, 0.088555, -0.119645, 0.0, -0.066652, 0.982124, 0.176044, 0.3, 0.133096, -0.166108, 0.977084, 0.0, 0.0, 0.0, 0.0, 1.0],
                [0.988634, 0.089439, -0.120844, 0.0, -0.064105, 0.977845, 0.199275, 0.3, 0.13599, -0.189264, 0.972463, 0.0, 0.0, 0.0, 0.0, 1.0],
                [0.990679, 0.078685, -0.111193, 0.0, -0.04946, 0.968365, 0.244588, 0.3, 0.126921, -0.236809, 0.96323, 0.0, 0.0, 0.0, 0.0, 1.0],
                [0.991995, 0.072887, -0.103119, -0.0, -0.043022, 0.962825, 0.266678, 0.3, 0.118723, -0.260107, 0.958252, 0.0, 0.0, 0.0, 0.0, 1.0],
                [0.993664, 0.062838, -0.093185, -0.0, -0.034878, 0.960575, 0.275827, 0.3, 0.106843, -0.270829, 0.956679, -0.0, 0.0, 0.0, 0.0, 1.0],
                [0.996513, 0.03055, -0.077643, -0.0, -0.008193, 0.961888, 0.273323, 0.3, 0.083034, -0.271734, 0.958783, 0.0, 0.0, 0.0, 0.0, 1.0],
                [0.998011, -0.021159, -0.059379, 0.0, 0.035893, 0.965115, 0.259354, 0.3, 0.05182, -0.26097, 0.963955, 0.0, 0.0, 0.0, 0.0, 1.0],
                [0.995804, -0.068538, -0.060638, 0.0, 0.081158, 0.967588, 0.239138, 0.3, 0.042283, -0.243056, 0.96909, 0.0, 0.0, 0.0, 0.0, 1.0],
                [0.992646, -0.098717, -0.070058, -0.0, 0.11196, 0.96876, 0.221295, 0.3, 0.046024, -0.227511, 0.972687, 0.0, 0.0, 0.0, 0.0, 1.0],
                [0.978033, -0.172433, -0.117127, -0.0, 0.19407, 0.958312, 0.209705, 0.3, 0.076084, -0.227829, 0.970724, -0.0, 0.0, 0.0, 0.0, 1.0],
                [0.963286, -0.176371, -0.202417, 0.0, 0.221606, 0.947957, 0.228624, 0.3, 0.15156, -0.265087, 0.952239, -0.0, 0.0, 0.0, 0.0, 1.0],
                [0.970424, -0.203559, -0.129769, -0.0, 0.221543, 0.96449, 0.143798, 0.3, 0.095889, -0.168294, 0.981062, 0.0, 0.0, 0.0, 0.0, 1.0],
                [0.978037, -0.20743, -0.020406, -0.0, 0.208337, 0.969945, 0.12571, 0.3, -0.006284, -0.1272, 0.991857, 0.0, 0.0, 0.0, 0.0, 1.0],
                [0.972014, -0.217056, 0.089867, -0.0, 0.203862, 0.969439, 0.136483, 0.3, -0.116745, -0.114343, 0.986558, 0.0, 0.0, 0.0, 0.0, 1.0],
                [0.950815, -0.238862, 0.197222, 0.0, 0.200965, 0.960186, 0.19405, 0.3, -0.235721, -0.144871, 0.960962, 0.0, 0.0, 0.0, 0.0, 1.0],
                [0.924684, -0.262063, 0.276193, 0.0, 0.19274, 0.947799, 0.254023, 0.3, -0.328346, -0.181657, 0.926925, -0.0, 0.0, 0.0, 0.0, 1.0],
                [0.927333, -0.272035, 0.257005, -0.0, 0.21728, 0.950507, 0.222096, 0.3, -0.304703, -0.150115, 0.940543, 0.0, 0.0, 0.0, 0.0, 1.0],
                [0.933692, -0.281579, 0.221206, -0.0, 0.247593, 0.953965, 0.16926, 0.3, -0.258683, -0.103267, 0.960426, -0.0, 0.0, 0.0, 0.0, 1.0],
                [0.943756, -0.268158, 0.193434, 0.0, 0.242914, 0.959211, 0.144589, 0.3, -0.224317, -0.089469, 0.9704, 0.0, 0.0, 0.0, 0.0, 1.0],
                [0.959036, -0.199509, 0.20111, -0.0, 0.160201, 0.967467, 0.195814, 0.3, -0.233634, -0.155575, 0.959798, -0.0, 0.0, 0.0, 0.0, 1.0],
                [0.965169, -0.123577, 0.230606, -0.0, 0.059249, 0.96176, 0.267409, 0.3, -0.254833, -0.244431, 0.935582, -0.0, 0.0, 0.0, 0.0, 1.0],
                [0.936778, 0.071324, 0.34258, 0.0, -0.225483, 0.871692, 0.435097, 0.3, -0.267591, -0.484835, 0.832664, 0.0, 0.0, 0.0, 0.0, 1.0],
                [0.951123, 0.139504, 0.275507, 0.0, -0.246508, 0.880348, 0.405243, 0.3, -0.186009, -0.453351, 0.871707, -0.0, 0.0, 0.0, 0.0, 1.0],
                [0.987048, 0.117309, -0.109432, -0.0, -0.078717, 0.948518, 0.306788, 0.3, 0.139787, -0.2942, 0.945466, 0.0, 0.0, 0.0, 0.0, 1.0]
            ]
        },
        {
            "name": "Head",
            "time": [0.0, 0.0333, 0.0667, 0.1, 0.1333, 0.1667, 0.2, 0.2333, 0.2667, 0.3, 0.3333, 0.3667, 0.4, 0.4333, 0.4667, 0.5, 0.5333, 0.5667, 0.6, 0.6667, 0.8, 0.8333, 0.8667, 0.9, 0.9333, 0.9667, 1.0, 1.0333, 1.0667, 1.1, 1.1333, 1.2333, 1.3333, 1.6667],
            "transform": [
                [0.476091, 0.39116, -0.787611, -0.0, -0.189024, 0.920212, 0.342754, 0.4, 0.858841, -0.014305, 0.512043, 0.0, 0.0, 0.0, 0.0, 1.0],
                [0.485033, 0.391932, -0.781749, 0.0, -0.211096, 0.919982, 0.330262, 0.4, 0.848635, 0.004836, 0.528957, -0.0, 0.0, 0.0, 0.0, 1.0],
                [0.493859, 0.39143, -0.776458, 0.0, -0.232179, 0.91989, 0.316062, 0.4, 0.837972, 0.024187, 0.545177, -0.0, 0.0, 0.0, 0.0, 1.0],
                [0.502403, 0.40058, -0.766242, 0.0, -0.257823, 0.915295, 0.309455, 0.4, 0.825299, 0.042083, 0.563126, 0.0, 0.0, 0.0, 0.0, 1.0],
                [0.504859, 0.429799, -0.748593, 0.0, -0.296778, 0.900786, 0.317029, 0.4, 0.81058, 0.062111, 0.582325, -0.0, 0.0, 0.0, 0.0, 1.0],
                [0.500495, 0.481323, -0.719606, -0.0, -0.349928, 0.87275, 0.340377, 0.4, 0.791868, 0.081454, 0.605236, -0.0, 0.0, 0.0, 0.0, 1.0],
                [0.516839, 0.524514, -0.676582, 0.0, -0.385603, 0.848244, 0.363032, 0.4, 0.764322, 0.073263, 0.640659, 0.0, 0.0, 0.0, 0.0, 1.0],
                [0.564696, 0.549802, -0.615497, -0.0, -0.39313, 0.834936, 0.385137, 0.4, 0.725649, 0.024485, 0.687629, 0.0, 0.0, 0.0, 0.0, 1.0],
                [0.619971, 0.566591, -0.542781, 0.0, -0.391981, 0.822917, 0.411289, 0.4, 0.679696, -0.042227, 0.732277, -0.0, 0.0, 0.0, 0.0, 1.0],
                [0.682291, 0.566685, -0.461896, -0.0, -0.381051, 0.814846, 0.436837, 0.4, 0.623923, -0.122044, 0.771897, 0.0, 0.0, 0.0, 0.0, 1.0],
