{
    "animation": [
        {
            "name": "Root",
            "time": [0.0, 0.0333, 0.0667, 0.1, 0.1333, 0.1667, 0.2, 0.2333, 0.2667, 0.3, 0.3333, 0.3667, 0.4, 0.4333, 0.4667, 0.5, 0.5333, 0.5667, 0.6, 0.6333, 0.6667, 0.7, 0.7333, 0.7667, 0.8, 0.8333, 0.8667, 0.9, 0.9333, 0.9667, 1.0, 1.0333, 1.0667, 1.1, 1.1333, 1.1667, 1.2, 1.2333, 1.2667, 1.3, 1.3333, 1.3667, 1.4, 1.4333, 1.4667, 1.5, 1.5333, 1.5667, 1.6, 1.6333, 1.6667, 1.7, 1.7333, 1.7667, 1.8, 1.8333, 1.8667, 1.9, 1.9333, 1.9667, 2.0, 2.0333, 2.0667, 2.1, 2.1333, 2.1667, 2.2, 2.2333, 2.2667, 2.3, 2.3333, 2.3667, 2.4, 2.4333, 2.4667, 2.5, 2.5333, 2.5667, 2.6, 2.6333, 2.6667, 2.7, 2.7333, 2.7667, 2.8, 2.8333, 2.8667, 2.9, 2.9333, 2.9667, 3.0, 3.0333, 3.0667, 3.1, 3.1333, 3.1667, 3.2, 3.2333, 3.2667, 3.3, 3.3333, 3.3667, 3.4, 3.4333, 3.4667, 3.5, 3.5333, 3.5667, 3.6, 3.6333, 3.6667, 3.7, 3.7333, 3.7667, 3.8, 3.8333, 3.8667],
            "transform": [
                [1.0, -0.0, 0.0, 0.011161, 0.0, -0.0, -1.0, 4.1e-05, 0.0, 1.0, -0.0, 0.282321, 0.0, 0.0, 0.0, 1.0],
                [1.0, -0.0, 0.0, -0.030038, 0.0, -0.0, -1.0, 0.084596, 0.0, 1.0, -0.0, 0.282321, 0.0, 0.0, 0.0, 1.0],
                [1.0, -0.0, 0.0, -0.080313, 0.0, -0.0, -1.0, 0.142598, 0.0, 1.0, -0.0, 0.282321, 0.0, 0.0, 0.0, 1.0],
                [1.0, -0.0, 0.0, -0.126049, 0.0, -0.0, -1.0, 0.213877, 0.0, 1.0, -0.0, 0.282321, 0.0, 0.0, 0.0, 1.0],
                [1.0, -0.0, 0.0, -0.153635, 0.0, -0.0, -1.0, 0.338263, 0.0, 1.0, -0.0, 0.282321, 0.0, 0.0, 0.0, 1.0],
                [1.0, -0.0, 0.0, -0.149456, 0.0, -0.0, -1.0, 0.555586, 0.0, 1.0, -0.0, 0.282321, 0.0, 0.0, 0.0, 1.0],
                [1.0, -0.0, 0.0, -0.059372, 0.0, -0.0, -1.0, 0.987193, 0.0, 1.0, -0.0, 0.282321, 0.0, 0.0, 0.0, 1.0],
                [1.0, -0.0, 0.0, 0.093737, 0.0, -0.0, -1.0, 1.6032, 0.0, 1.0, -0.0, 0.282321, 0.0, 0.0, 0.0, 1.0],
                [1.0, -0.0, 0.0, 0.207952, 0.0, -0.0, -1.0, 2.216594, 0.0, 1.0, -0.0, 0.282321, 0.0, 0.0, 0.0, 1.0],
                [1.0, -0.0, 0.0, 0.199735, 0.0, -0.0, -1.0, 2.845489, 0.0, 1.0, -0.0, 0.282321, 0.0, 0.0, 0.0, 1.0],
                [1.0, -0.0, 0.0, 0.154526, 0.0, -0.0, -1.0, 3.304332, 0.0, 1.0, -0.0, 0.282321, 0.0, 0.0, 0.0, 1.0],
                [1.0, -0.0, 0.0, 0.14213, 0.0, -0.0, -1.0, 3.474823, 0.0, 1.0, -0.0, 0.282321, 0.0, 0.0, 0.0, 1.0],
                [1.0, -0.0, 0.0, 0.131607, 0.0, -0.0, -1.0, 3.579417, 0.0, 1.0, -0.0, 0.282321, 0.0, 0.0, 0.0, 1.0],
                [1.0, -0.0, 0.0, 0.123394, 0.0, -0.0, -1.0, 3.636746, 0.0, 1.0, -0.0, 0.282321, 0.0, 0.0, 0.0, 1.0],
                [1.0, -0.0, 0.0, 0.117928, 0.0, -0.0, -1.0, 3.665441, 0.0, 1.0, -0.0, 0.282321, 0.0, 0.0, 0.0, 1.0],
                [1.0, -0.0, 0.0, 0.115645, 0.0, -0.0, -1.0, 3.684132, 0.0, 1.0, -0.0, 0.282321, 0.0, 0.0, 0.0, 1.0],
                [1.0, -0.0, 0.0, 0.115611, 0.0, -0.0, -1.0, 3.700868, 0.0, 1.0, -0.0, 0.282321, 0.0, 0.0, 0.0, 1.0],
                [1.0, -0.0, 0.0, 0.116501, 0.0, -0.0, -1.0, 3.711778, 0.0, 1.0, -0.0, 0.282321, 0.0, 0.0, 0.0, 1.0],
                [1.0, -0.0, 0.0, 0.118166, 0.0, -0.0, -1.0, 3.71048, 0.0, 1.0, -0.0, 0.282321, 0.0, 0.0, 0.0, 1.0],
                [1.0, -0.0, 0.0, 0.120457, 0.0, -0.0, -1.0, 3.709182, 0.0, 1.0, -0.0, 0.282321, 0.0, 0.0, 0.0, 1.0],
                [1.0, -0.0, 0.0, 0.123225, 0.0, -0.0, -1.0, 3.707884, 0.0, 1.0, -0.0, 0.282321, 0.0, 0.0, 0.0, 1.0],
                [1.0, -0.0, 0.0, 0.126321, 0.0, -0.0, -1.0, 3.706586, 0.0, 1.0, -0.0, 0.282321, 0.0, 0.0, 0.0, 1.0],
                [1.0, -0.0, 0.0, 0.129598, 0.0, -0.0, -1.0, 3.705288, 0.0, 1.0, -0.0, 0.282321, 0.0, 0.0, 0.0, 1.0],
                [1.0, -0.0, 0.0, 0.132907, 0.0, -0.0, -1.0, 3.697048, 0.0, 1.0, -0.0, 0.282321, 0.0, 0.0, 0.0, 1.0],
                [1.0, -0.0, 0.0, 0.136098, 0.0, -0.0, -1.0, 3.688249, 0.0, 1.0, -0.0, 0.282321, 0.0, 0.0, 0.0, 1.0],
                [1.0, -0.0, 0.0, 0.139024, 0.0, -0.0, -1.0, 3.679645, 0.0, 1.0, -0.0, 0.282321, 0.0, 0.0, 0.0, 1.0],
                [1.0, -0.0, 0.0, 0.141535, 0.0, -0.0, -1.0, 3.671987, 0.0, 1.0, -0.0, 0.282321, 0.0, 0.0, 0.0, 1.0],
                [1.0, -0.0, 0.0, 0.143483, 0.0, -0.0, -1.0, 3.667254, 0.0, 1.0, -0.0, 0.282321, 0.0, 0.0, 0.0, 1.0],
                [1.0, -0.0, 0.0, 0.144719, 0.0, -0.0, -1.0, 3.662521, 0.0, 1.0, -0.0, 0.282321, 0.0, 0.0, 0.0, 1.0],
                [1.0, -0.0, 0.0, 0.145997, 0.0, -0.0, -1.0, 3.66195, 0.0, 1.0, -0.0, 0.282321, 0.0, 0.0, 0.0, 1.0],
                [1.0, -0.0, 0.0, 0.148079, 0.0, -0.0, -1.0, 3.66138, 0.0, 1.0, -0.0, 0.282321, 0.0, 0.0, 0.0, 1.0],
                [1.0, -0.0, 0.0, 0.150826, 0.0, -0.0, -1.0, 3.660809, 0.0, 1.0, -0.0, 0.282321, 0.0, 0.0, 0.0, 1.0],
                [1.0, -0.0, 0.0, 0.154098, 0.0, -0.0, -1.0, 3.660239, 0.0, 1.0, -0.0, 0.282321, 0.0, 0.0, 0.0, 1.0],
                [1.0, -0.0, 0.0, 0.157757, 0.0, -0.0, -1.0, 3.659668, 0.0, 1.0, -0.0, 0.282321, 0.0, 0.0, 0.0, 1.0],
                [1.0, -0.0, 0.0, 0.161665, 0.0, -0.0, -1.0, 3.659098, 0.0, 1.0, -0.0, 0.282321, 0.0, 0.0, 0.0, 1.0],
                [1.0, -0.0, 0.0, 0.165682, 0.0, -0.0, -1.0, 3.658527, 0.0, 1.0, -0.0, 0.282321, 0.0, 0.0, 0.0, 1.0],
                [1.0, -0.0, 0.0, 0.16967, 0.0, -0.0, -1.0, 3.657957, 0.0, 1.0, -0.0, 0.282321, 0.0, 0.0, 0.0, 1.0],
                [1.0, -0.0, 0.0, 0.17349, 0.0, -0.0, -1.0, 3.657386, 0.0, 1.0, -0.0, 0.282321, 0.0, 0.0, 0.0, 1.0],
                [1.0, -0.0, 0.0, 0.177003, 0.0, -0.0, -1.0, 3.656816, 0.0, 1.0, -0.0, 0.282321, 0.0, 0.0, 0.0, 1.0],
                [1.0, -0.0, 0.0, 0.18007, 0.0, -0.0, -1.0, 3.656245, 0.0, 1.0, -0.0, 0.282321, 0.0, 0.0, 0.0, 1.0],
                [1.0, -0.0, 0.0, 0.182554, 0.0, -0.0, -1.0, 3.655674, 0.0, 1.0, -0.0, 0.282321, 0.0, 0.0, 0.0, 1.0],
                [1.0, -0.0, 0.0, 0.184314, 0.0, -0.0, -1.0, 3.655104, 0.0, 1.0, -0.0, 0.282321, 0.0, 0.0, 0.0, 1.0],
                [1.0, -0.0, 0.0, 0.185212, 0.0, -0.0, -1.0, 3.654533, 0.0, 1.0, -0.0, 0.282321, 0.0, 0.0, 0.0, 1.0],
                [1.0, -0.0, 0.0, 0.18511, 0.0, -0.0, -1.0, 3.653963, 0.0, 1.0, -0.0, 0.282321, 0.0, 0.0, 0.0, 1.0],
                [1.0, -0.0, 0.0, 0.183868, 0.0, -0.0, -1.0, 3.65018, 0.0, 1.0, -0.0, 0.282321, 0.0, 0.0, 0.0, 1.0],
                [1.0, -0.0, 0.0, 0.181348, 0.0, -0.0, -1.0, 3.646397, 0.0, 1.0, -0.0, 0.282321, 0.0, 0.0, 0.0, 1.0],
                [1.0, -0.0, 0.0, 0.177411, 0.0, -0.0, -1.0, 3.642614, 0.0, 1.0, -0.0, 0.282321, 0.0, 0.0, 0.0, 1.0],
                [1.0, -0.0, 0.0, 0.171918, 0.0, -0.0, -1.0, 3.636406, 0.0, 1.0, -0.0, 0.282321, 0.0, 0.0, 0.0, 1.0],
                [1.0, -0.0, 0.0, 0.164731, 0.0, -0.0, -1.0, 3.630198, 0.0, 1.0, -0.0, 0.282321, 0.0, 0.0, 0.0, 1.0],
                [1.0, -0.0, 0.0, 0.155711, 0.0, -0.0, -1.0, 3.62226, 0.0, 1.0, -0.0, 0.282321, 0.0, 0.0, 0.0, 1.0],
                [1.0, -0.0, 0.0, 0.144719, 0.0, -0.0, -1.0, 3.613045, 0.0, 1.0, -0.0, 0.282321, 0.0, 0.0, 0.0, 1.0],
                [1.0, -0.0, 0.0, 0.126002, 0.0, -0.0, -1.0, 3.594107, 0.0, 1.0, -0.0, 0.282321, 0.0, 0.0, 0.0, 1.0],
                [1.0, -0.0, 0.0, 0.095613, 0.0, -0.0, -1.0, 3.560552, 0.0, 1.0, -0.0, 0.282321, 0.0, 0.0, 0.0, 1.0],
                [1.0, -0.0, 0.0, 0.056122, 0.0, -0.0, -1.0, 3.517615, 0.0, 1.0, -0.0, 0.282321, 0.0, 0.0, 0.0, 1.0],
                [1.0, -0.0, 0.0, 0.010099, 0.0, -0.0, -1.0, 3.47053, 0.0, 1.0, -0.0, 0.282321, 0.0, 0.0, 0.0, 1.0],
                [1.0, -0.0, 0.0, -0.039885, 0.0, -0.0, -1.0, 3.424533, 0.0, 1.0, -0.0, 0.282321, 0.0, 0.0, 0.0, 1.0],
                [1.0, -0.0, 0.0, -0.091261, 0.0, -0.0, -1.0, 3.384859, 0.0, 1.0, -0.0, 0.282321, 0.0, 0.0, 0.0, 1.0],
                [1.0, -0.0, 0.0, -0.141459, 0.0, -0.0, -1.0, 3.356742, 0.0, 1.0, -0.0, 0.282321, 0.0, 0.0, 0.0, 1.0],
                [1.0, -0.0, 0.0, -0.178878, 0.0, -0.0, -1.0, 3.4137, 0.0, 1.0, -0.0, 0.302512, 0.0, 0.0, 0.0, 1.0],
                [1.0, -0.0, 0.0, -0.216296, 0.0, -0.0, -1.0, 3.470658, 0.0, 1.0, -0.0, 0.322702, 0.0, 0.0, 0.0, 1.0],
                [1.0, -0.0, 0.0, -0.227631, 0.0, -0.0, -1.0, 3.52023, 0.0, 1.0, -0.0, 0.33382, 0.0, 0.0, 0.0, 1.0],
                [1.0, -0.0, 0.0, -0.238966, 0.0, -0.0, -1.0, 3.569801, 0.0, 1.0, -0.0, 0.344937, 0.0, 0.0, 0.0, 1.0],
                [1.0, -0.0, 0.0, -0.250301, 0.0, -0.0, -1.0, 3.619372, 0.0, 1.0, -0.0, 0.356054, 0.0, 0.0, 0.0, 1.0],
                [1.0, -0.0, 0.0, -0.261635, 0.0, -0.0, -1.0, 3.668944, 0.0, 1.0, -0.0, 0.367172, 0.0, 0.0, 0.0, 1.0],
                [1.0, -0.0, 0.0, -0.27297, 0.0, -0.0, -1.0, 3.718515, 0.0, 1.0, -0.0, 0.378289, 0.0, 0.0, 0.0, 1.0],
                [1.0, -0.0, 0.0, -0.284305, 0.0, -0.0, -1.0, 3.768087, 0.0, 1.0, -0.0, 0.389406, 0.0, 0.0, 0.0, 1.0],
                [1.0, -0.0, 0.0, -0.29564, 0.0, -0.0, -1.0, 3.817658, 0.0, 1.0, -0.0, 0.400524, 0.0, 0.0, 0.0, 1.0],
                [1.0, -0.0, 0.0, -0.306975, 0.0, -0.0, -1.0, 3.86723, 0.0, 1.0, -0.0, 0.411641, 0.0, 0.0, 0.0, 1.0],
                [1.0, -0.0, 0.0, -0.318309, 0.0, -0.0, -1.0, 3.916801, 0.0, 1.0, -0.0, 0.422758, 0.0, 0.0, 0.0, 1.0],
                [1.0, -0.0, 0.0, -0.329644, 0.0, -0.0, -1.0, 3.966372, 0.0, 1.0, -0.0, 0.433876, 0.0, 0.0, 0.0, 1.0],
                [1.0, -0.0, 0.0, -0.340979, 0.0, -0.0, -1.0, 4.015944, 0.0, 1.0, -0.0, 0.444993, 0.0, 0.0, 0.0, 1.0],
                [1.0, -0.0, 0.0, -0.352314, 0.0, -0.0, -1.0, 4.065516, 0.0, 1.0, -0.0, 0.448994, 0.0, 0.0, 0.0, 1.0],
                [1.0, -0.0, 0.0, -0.363649, 0.0, -0.0, -1.0, 4.115087, 0.0, 1.0, -0.0, 0.452995, 0.0, 0.0, 0.0, 1.0],
                [1.0, -0.0, 0.0, -0.374984, 0.0, -0.0, -1.0, 4.164658, 0.0, 1.0, -0.0, 0.456996, 0.0, 0.0, 0.0, 1.0],
                [1.0, -0.0, 0.0, -0.386319, 0.0, -0.0, -1.0, 4.21423, 0.0, 1.0, -0.0, 0.460998, 0.0, 0.0, 0.0, 1.0],
                [1.0, -0.0, 0.0, -0.397653, 0.0, -0.0, -1.0, 4.263801, 0.0, 1.0, -0.0, 0.464999, 0.0, 0.0, 0.0, 1.0],
                [1.0, -0.0, 0.0, -0.408988, 0.0, -0.0, -1.0, 4.313373, 0.0, 1.0, -0.0, 0.469, 0.0, 0.0, 0.0, 1.0],
                [1.0, -0.0, 0.0, -0.420323, 0.0, -0.0, -1.0, 4.362944, 0.0, 1.0, -0.0, 0.473001, 0.0, 0.0, 0.0, 1.0],
                [1.0, -0.0, 0.0, -0.431658, 0.0, -0.0, -1.0, 4.412515, 0.0, 1.0, -0.0, 0.477002, 0.0, 0.0, 0.0, 1.0],
                [1.0, -0.0, 0.0, -0.442993, 0.0, -0.0, -1.0, 4.462087, 0.0, 1.0, -0.0, 0.481003, 0.0, 0.0, 0.0, 1.0],
                [1.0, -0.0, 0.0, -0.454328, 0.0, -0.0, -1.0, 4.511658, 0.0, 1.0, -0.0, 0.485005, 0.0, 0.0, 0.0, 1.0],
                [1.0, -0.0, 0.0, -0.454579, 0.0, -0.0, -1.0, 4.547138, 0.0, 1.0, -0.0, 0.482675, 0.0, 0.0, 0.0, 1.0],
                [1.0, -0.0, 0.0, -0.454831, 0.0, -0.0, -1.0, 4.582618, 0.0, 1.0, -0.0, 0.480345, 0.0, 0.0, 0.0, 1.0],
                [1.0, -0.0, 0.0, -0.455082, 0.0, -0.0, -1.0, 4.618099, 0.0, 1.0, -0.0, 0.478015, 0.0, 0.0, 0.0, 1.0],
                [1.0, -0.0, 0.0, -0.455041, 0.0, -0.0, -1.0, 4.636343, 0.0, 1.0, -0.0, 0.482251, 0.0, 0.0, 0.0, 1.0],
                [1.0, -0.0, 0.0, -0.455, 0.0, -0.0, -1.0, 4.654587, 0.0, 1.0, -0.0, 0.486487, 0.0, 0.0, 0.0, 1.0],
                [1.0, -0.0, 0.0, -0.45496, 0.0, -0.0, -1.0, 4.672831, 0.0, 1.0, -0.0, 0.490723, 0.0, 0.0, 0.0, 1.0],
                [1.0, -0.0, 0.0, -0.454919, 0.0, -0.0, -1.0, 4.691074, 0.0, 1.0, -0.0, 0.494959, 0.0, 0.0, 0.0, 1.0],
                [1.0, -0.0, 0.0, -0.454878, 0.0, -0.0, -1.0, 4.709319, 0.0, 1.0, -0.0, 0.499195, 0.0, 0.0, 0.0, 1.0],
                [1.0, -0.0, 0.0, -0.454837, 0.0, -0.0, -1.0, 4.727562, 0.0, 1.0, -0.0, 0.50343, 0.0, 0.0, 0.0, 1.0],
                [1.0, -0.0, 0.0, -0.454796, 0.0, -0.0, -1.0, 4.745807, 0.0, 1.0, -0.0, 0.507666, 0.0, 0.0, 0.0, 1.0],
                [1.0, -0.0, 0.0, -0.454755, 0.0, -0.0, -1.0, 4.76405, 0.0, 1.0, -0.0, 0.511902, 0.0, 0.0, 0.0, 1.0],
                [1.0, -0.0, 0.0, -0.454714, 0.0, -0.0, -1.0, 4.782294, 0.0, 1.0, -0.0, 0.516138, 0.0, 0.0, 0.0, 1.0],
                [1.0, -0.0, 0.0, -0.454673, 0.0, -0.0, -1.0, 4.800539, 0.0, 1.0, -0.0, 0.520374, 0.0, 0.0, 0.0, 1.0],
                [1.0, -0.0, 0.0, -0.454632, 0.0, -0.0, -1.0, 4.818782, 0.0, 1.0, -0.0, 0.524609, 0.0, 0.0, 0.0, 1.0],
                [1.0, -0.0, 0.0, -0.454585, 0.0, -0.0, -1.0, 4.823796, 0.0, 1.0, -0.0, 0.523762, 0.0, 0.0, 0.0, 1.0],
                [1.0, -0.0, 0.0, -0.454538, 0.0, -0.0, -1.0, 4.82881, 0.0, 1.0, -0.0, 0.522915, 0.0, 0.0, 0.0, 1.0],
                [1.0, -0.0, 0.0, -0.454491, 0.0, -0.0, -1.0, 4.833824, 0.0, 1.0, -0.0, 0.522068, 0.0, 0.0, 0.0, 1.0],
                [1.0, -0.0, 0.0, -0.454444, 0.0, -0.0, -1.0, 4.838838, 0.0, 1.0, -0.0, 0.521221, 0.0, 0.0, 0.0, 1.0],
                [1.0, -0.0, 0.0, -0.454397, 0.0, -0.0, -1.0, 4.843852, 0.0, 1.0, -0.0, 0.520374, 0.0, 0.0, 0.0, 1.0],
                [1.0, -0.0, 0.0, -0.45435, 0.0, -0.0, -1.0, 4.848866, 0.0, 1.0, -0.0, 0.519526, 0.0, 0.0, 0.0, 1.0],
                [1.0, -0.0, 0.0, -0.454303, 0.0, -0.0, -1.0, 4.85388, 0.0, 1.0, -0.0, 0.518679, 0.0, 0.0, 0.0, 1.0],
                [1.0, -0.0, 0.0, -0.454256, 0.0, -0.0, -1.0, 4.858894, 0.0, 1.0, -0.0, 0.517832, 0.0, 0.0, 0.0, 1.0],
                [1.0, -0.0, 0.0, -0.454209, 0.0, -0.0, -1.0, 4.863908, 0.0, 1.0, -0.0, 0.516985, 0.0, 0.0, 0.0, 1.0],
                [1.0, -0.0, 0.0, -0.454162, 0.0, -0.0, -1.0, 4.868922, 0.0, 1.0, -0.0, 0.516138, 0.0, 0.0, 0.0, 1.0],
                [1.0, -0.0, 0.0, -0.454114, 0.0, -0.0, -1.0, 4.873936, 0.0, 1.0, -0.0, 0.515291, 0.0, 0.0, 0.0, 1.0],
                [1.0, -0.0, 0.0, -0.454039, 0.0, -0.0, -1.0, 4.876821, 0.0, 1.0, -0.0, 0.514443, 0.0, 0.0, 0.0, 1.0],
                [1.0, -0.0, 0.0, -0.453964, 0.0, -0.0, -1.0, 4.879706, 0.0, 1.0, -0.0, 0.513596, 0.0, 0.0, 0.0, 1.0],
                [1.0, -0.0, 0.0, -0.453889, 0.0, -0.0, -1.0, 4.882591, 0.0, 1.0, -0.0, 0.512749, 0.0, 0.0, 0.0, 1.0],
                [1.0, -0.0, 0.0, -0.453814, 0.0, -0.0, -1.0, 4.885476, 0.0, 1.0, -0.0, 0.511902, 0.0, 0.0, 0.0, 1.0],
                [1.0, -0.0, 0.0, -0.453739, 0.0, -0.0, -1.0, 4.888361, 0.0, 1.0, -0.0, 0.511055, 0.0, 0.0, 0.0, 1.0],
                [1.0, -0.0, 0.0, -0.453664, 0.0, -0.0, -1.0, 4.891246, 0.0, 1.0, -0.0, 0.510208, 0.0, 0.0, 0.0, 1.0],
                [1.0, -0.0, 0.0, -0.453589, 0.0, -0.0, -1.0, 4.894132, 0.0, 1.0, -0.0, 0.50936, 0.0, 0.0, 0.0, 1.0],
                [1.0, -0.0, 0.0, -0.453514, 0.0, -0.0, -1.0, 4.897017, 0.0, 1.0, -0.0, 0.508513, 0.0, 0.0, 0.0, 1.0],
                [1.0, -0.0, 0.0, -0.453439, 0.0, -0.0, -1.0, 4.899902, 0.0, 1.0, -0.0, 0.507666, 0.0, 0.0, 0.0, 1.0],
                [1.0, -0.0, 0.0, -0.453364, 0.0, -0.0, -1.0, 4.902787, 0.0, 1.0, -0.0, 0.506819, 0.0, 0.0, 0.0, 1.0],
                [1.0, -0.0, 0.0, -0.453289, 0.0, -0.0, -1.0, 4.905672, 0.0, 1.0, -0.0, 0.505972, 0.0, 0.0, 0.0, 1.0]
            ]
        },
        {
            "name": "Thigh_R",
            "time": [0.0, 0.0333, 0.0667, 0.1, 0.1333, 0.1667, 0.2, 0.2333, 0.2667, 0.3, 0.3333, 0.3667, 0.4, 0.4333, 0.4667, 0.5, 0.5333, 0.5667, 0.6, 0.6333, 0.6667, 0.7, 0.7333, 0.7667, 0.8, 0.8333, 0.8667, 0.9, 0.9333, 0.9667, 1.0, 1.0333, 1.0667, 1.1, 1.1333, 1.1667, 1.2, 1.2333, 1.2667, 1.3, 1.3333, 1.3667, 1.4, 1.4333, 1.4667, 1.5, 1.5333, 1.5667, 1.6, 1.6333, 1.6667, 1.7, 1.7333, 1.7667, 1.8, 1.8333, 1.8667, 1.9, 1.9333, 1.9667, 2.0, 2.0333, 2.0667, 2.1, 2.1333, 2.1667, 2.2, 2.2333, 2.2667, 2.3, 2.3333, 2.3667, 2.4, 2.4333, 2.4667, 2.5, 2.5333, 2.5667, 2.6, 2.6333, 2.6667, 2.7, 2.7333, 2.7667, 2.8, 2.8333, 2.8667, 2.9, 2.9333, 2.9667, 3.0, 3.0333, 3.0667, 3.1, 3.1333, 3.1667, 3.2, 3.2333, 3.2667, 3.3, 3.3333, 3.3667, 3.4, 3.4333, 3.4667, 3.5, 3.5333, 3.5667, 3.6, 3.6333, 3.6667, 3.7, 3.7333, 3.7667, 3.8, 3.8333, 3.8667],
            "transform": [
                [-0.318511, 0.889211, 0.328412, 0.124994, 0.245027, -0.257448, 0.93471, -0.002831, 0.915703, 0.378185, -0.135881, -1.2e-05, 0.0, 0.0, 0.0, 1.0],
                [-0.330718, 0.897711, 0.291103, 0.124994, 0.309192, -0.188366, 0.932158, -0.002831, 0.891642, 0.398288, -0.215269, -1.2e-05, 0.0, 0.0, 0.0, 1.0],
                [-0.3223, 0.9146, 0.244191, 0.124994, 0.34268, -0.127738, 0.930727, -0.002831, 0.882436, 0.383653, -0.272245, -1.2e-05, 0.0, 0.0, 0.0, 1.0],
                [-0.271525, 0.930865, 0.24447, 0.124994, 0.424684, -0.112062, 0.898379, -0.002831, 0.863665, 0.347755, -0.364895, -1.2e-05, 0.0, 0.0, 0.0, 1.0],
                [-0.209488, 0.915134, 0.34445, 0.124994, 0.574459, -0.16988, 0.800711, -0.002831, 0.791272, 0.365612, -0.490119, -1.2e-05, 0.0, 0.0, 0.0, 1.0],
                [-0.139666, 0.764359, 0.629483, 0.124994, 0.759534, -0.325167, 0.56336, -0.002831, 0.635296, 0.556796, -0.535142, -1.2e-05, 0.0, 0.0, 0.0, 1.0],
                [0.280303, 0.906253, 0.316443, 0.124994, 0.760175, -0.410866, 0.503311, -0.002831, 0.586143, 0.099473, -0.804078, -1.2e-05, 0.0, 0.0, 0.0, 1.0],
                [0.933867, 0.3555, 0.038897, 0.124994, 0.226971, -0.67323, 0.703736, -0.002831, 0.276365, -0.648368, -0.709395, -1.2e-05, 0.0, 0.0, 0.0, 1.0],
                [0.824531, -0.55434, -0.113381, 0.124994, -0.219072, -0.497523, 0.839332, -0.002831, -0.521685, -0.667217, -0.531664, -1.1e-05, 0.0, 0.0, 0.0, 1.0],
                [0.353655, -0.788323, -0.503463, 0.124994, 0.358682, -0.382807, 0.851356, -0.002831, -0.863872, -0.481669, 0.147376, -1.1e-05, 0.0, 0.0, 0.0, 1.0],
                [0.066765, -0.909049, -0.411307, 0.124994, 0.776913, -0.211291, 0.593095, -0.002831, -0.626058, -0.359148, 0.692145, -1.2e-05, 0.0, 0.0, 0.0, 1.0],
                [0.047509, -0.965105, -0.25752, 0.124994, 0.66825, -0.160911, 0.726326, -0.00283, -0.742418, -0.206595, 0.637286, -1.2e-05, 0.0, 0.0, 0.0, 1.0],
                [0.118988, -0.97577, -0.183618, 0.124994, 0.54184, -0.091153, 0.835524, -0.002831, -0.832016, -0.198909, 0.517866, -1.2e-05, 0.0, 0.0, 0.0, 1.0],
                [0.232157, -0.961175, -0.149153, 0.124994, 0.426992, -0.037069, 0.903495, -0.002831, -0.873946, -0.27344, 0.401808, -1.1e-05, 0.0, 0.0, 0.0, 1.0],
                [0.336853, -0.932673, -0.129041, 0.124994, 0.340326, -0.007178, 0.94028, -0.002831, -0.8779, -0.360653, 0.314995, -1.2e-05, 0.0, 0.0, 0.0, 1.0],
                [0.381675, -0.917278, -0.113692, 0.124994, 0.289566, 0.001852, 0.957156, -0.002831, -0.877767, -0.398244, 0.266319, -1.2e-05, 0.0, 0.0, 0.0, 1.0],
                [0.381711, -0.918584, -0.102472, 0.124994, 0.265979, 0.00299, 0.963974, -0.002831, -0.885185, -0.395215, 0.245465, -1.2e-05, 0.0, 0.0, 0.0, 1.0],
                [0.376602, -0.921698, -0.092974, 0.124994, 0.251935, 0.005323, 0.967729, -0.002831, -0.891459, -0.387873, 0.234212, -1.2e-05, 0.0, 0.0, 0.0, 1.0],
                [0.367998, -0.926099, -0.083179, 0.124994, 0.245542, 0.010508, 0.969329, -0.002831, -0.89682, -0.377135, 0.231263, -1.1e-05, 0.0, 0.0, 0.0, 1.0],
                [0.355487, -0.9315, -0.077052, 0.124994, 0.247752, 0.014419, 0.968716, -0.002831, -0.901248, -0.363456, 0.235906, -1.2e-05, 0.0, 0.0, 0.0, 1.0],
                [0.341337, -0.937316, -0.070212, 0.124994, 0.255248, 0.020542, 0.966657, -0.002831, -0.90462, -0.347877, 0.24626, -1.1e-05, 0.0, 0.0, 0.0, 1.0],
                [0.325291, -0.943453, -0.063894, 0.124994, 0.267219, 0.026899, 0.96326, -0.002831, -0.907072, -0.330414, 0.260858, -1.2e-05, 0.0, 0.0, 0.0, 1.0],
                [0.308433, -0.949406, -0.059138, 0.124994, 0.283015, 0.032234, 0.958574, -0.002831, -0.908169, -0.312393, 0.278639, -1.2e-05, 0.0, 0.0, 0.0, 1.0],
                [0.291924, -0.954888, -0.054491, 0.124994, 0.300578, 0.037508, 0.953019, -0.002831, -0.907983, -0.294589, 0.297968, -1.2e-05, 0.0, 0.0, 0.0, 1.0],
                [0.276257, -0.959776, -0.050124, 0.124994, 0.318614, 0.042255, 0.946942, -0.002831, -0.906734, -0.277569, 0.317472, -1.2e-05, 0.0, 0.0, 0.0, 1.0],
                [0.262537, -0.963786, -0.046811, 0.124994, 0.335915, 0.04581, 0.940777, -0.002831, -0.904563, -0.262714, 0.335778, -1.2e-05, 0.0, 0.0, 0.0, 1.0],
                [0.251162, -0.96695, -0.043872, 0.124994, 0.350924, 0.048723, 0.935135, -0.002831, -0.902092, -0.250266, 0.351564, -1.2e-05, 0.0, 0.0, 0.0, 1.0],
                [0.243717, -0.968925, -0.042265, 0.124994, 0.362883, 0.050691, 0.930455, -0.002831, -0.899399, -0.242105, 0.363961, -1.2e-05, 0.0, 0.0, 0.0, 1.0],
                [0.239266, -0.970106, -0.04059, 0.124994, 0.369754, 0.052382, 0.927652, -0.002831, -0.897794, -0.236964, 0.371234, -1.2e-05, 0.0, 0.0, 0.0, 1.0],
                [0.236978, -0.97077, -0.038057, 0.124994, 0.373084, 0.054766, 0.92618, -0.002831, -0.897023, -0.233683, 0.375156, -1.1e-05, 0.0, 0.0, 0.0, 1.0],
                [0.233973, -0.971643, -0.034165, 0.124994, 0.37694, 0.058264, 0.924404, -0.002831, -0.8962, -0.229163, 0.379884, -1.2e-05, 0.0, 0.0, 0.0, 1.0],
                [0.231073, -0.972495, -0.02933, 0.124994, 0.382128, 0.062991, 0.92196, -0.002831, -0.894754, -0.224248, 0.386173, -1.1e-05, 0.0, 0.0, 0.0, 1.0],
                [0.231487, -0.972495, -0.025852, 0.124994, 0.387414, 0.067777, 0.919411, -0.002831, -0.892369, -0.222848, 0.392448, -1.1e-05, 0.0, 0.0, 0.0, 1.0],
                [0.230409, -0.972871, -0.020842, 0.124994, 0.392525, 0.073322, 0.916814, -0.002831, -0.890413, -0.219423, 0.398771, -1.2e-05, 0.0, 0.0, 0.0, 1.0],
                [0.228878, -0.973339, -0.015028, 0.124994, 0.397746, 0.079416, 0.914052, -0.002831, -0.888489, -0.215184, 0.405319, -1.2e-05, 0.0, 0.0, 0.0, 1.0],
                [0.22719, -0.973812, -0.008711, 0.124994, 0.402967, 0.085862, 0.911178, -0.002831, -0.886567, -0.210521, 0.411921, -1.2e-05, 0.0, 0.0, 0.0, 1.0],
                [0.225579, -0.974223, -0.002177, 0.124994, 0.408054, 0.092455, 0.908264, -0.002831, -0.88465, -0.205774, 0.418392, -1.2e-05, 0.0, 0.0, 0.0, 1.0],
                [0.224252, -0.974522, 0.00428, 0.124994, 0.412883, 0.098987, 0.905389, -0.002831, -0.882745, -0.201268, 0.424562, -1.1e-05, 0.0, 0.0, 0.0, 1.0],
                [0.223373, -0.974678, 0.010366, 0.124994, 0.417333, 0.105243, 0.902639, -0.002831, -0.880873, -0.197299, 0.430274, -1.2e-05, 0.0, 0.0, 0.0, 1.0],
                [0.223068, -0.974675, 0.015788, 0.124994, 0.421286, 0.110997, 0.90011, -0.002831, -0.879067, -0.194135, 0.435377, -1.1e-05, 0.0, 0.0, 0.0, 1.0],
                [0.223267, -0.974544, 0.020383, 0.124994, 0.424505, 0.116035, 0.89796, -0.002831, -0.877466, -0.191832, 0.439606, -1.1e-05, 0.0, 0.0, 0.0, 1.0],
                [0.224205, -0.974253, 0.023749, 0.124994, 0.426995, 0.120112, 0.896241, -0.002831, -0.876018, -0.190801, 0.44293, -1.2e-05, 0.0, 0.0, 0.0, 1.0],
                [0.228071, -0.973349, 0.024003, 0.124994, 0.430179, 0.122853, 0.894345, -0.002831, -0.873458, -0.193649, 0.446734, -1.2e-05, 0.0, 0.0, 0.0, 1.0],
                [0.231496, -0.972607, 0.021126, 0.124994, 0.430286, 0.121843, 0.894432, -0.002831, -0.872505, -0.197967, 0.446705, -1.2e-05, 0.0, 0.0, 0.0, 1.0],
                [0.23608, -0.971525, 0.020147, 0.124994, 0.429174, 0.122845, 0.894829, -0.002831, -0.871823, -0.202605, 0.445955, -1.2e-05, 0.0, 0.0, 0.0, 1.0],
                [0.242541, -0.970038, 0.014182, 0.124994, 0.427556, 0.120003, 0.895989, -0.002831, -0.870845, -0.21125, 0.443851, -1.2e-05, 0.0, 0.0, 0.0, 1.0],
                [0.250341, -0.968142, 0.005624, 0.124994, 0.424652, 0.115023, 0.898021, -0.002831, -0.870058, -0.222423, 0.439918, -1.2e-05, 0.0, 0.0, 0.0, 1.0],
                [0.259334, -0.965773, -0.005379, 0.124994, 0.420394, 0.107869, 0.900907, -0.00283, -0.869491, -0.235897, 0.433979, -1.2e-05, 0.0, 0.0, 0.0, 1.0],
                [0.270471, -0.96253, -0.019522, 0.124994, 0.414595, 0.098153, 0.904698, -0.002831, -0.868882, -0.252789, 0.425608, -1.2e-05, 0.0, 0.0, 0.0, 1.0],
                [0.284019, -0.958114, -0.036768, 0.124994, 0.40688, 0.085713, 0.909451, -0.002831, -0.868206, -0.273262, 0.414182, -1.2e-05, 0.0, 0.0, 0.0, 1.0],
                [0.299952, -0.952269, -0.056692, 0.124994, 0.397499, 0.070741, 0.914871, -0.002831, -0.867193, -0.296953, 0.399745, -1.1e-05, 0.0, 0.0, 0.0, 1.0],
                [0.333183, -0.938004, -0.095592, 0.124994, 0.386629, 0.043452, 0.921211, -0.002831, -0.859946, -0.34389, 0.377137, -1.2e-05, 0.0, 0.0, 0.0, 1.0],
                [0.395158, -0.90474, -0.159047, 0.124994, 0.373213, -8.5e-05, 0.927746, -0.002831, -0.839381, -0.425965, 0.337628, -1.1e-05, 0.0, 0.0, 0.0, 1.0],
                [0.480978, -0.846009, -0.230063, 0.124994, 0.355254, -0.051839, 0.933331, -0.002831, -0.801532, -0.530643, 0.275615, -1.2e-05, 0.0, 0.0, 0.0, 1.0],
                [0.58083, -0.760368, -0.290651, 0.124994, 0.329895, -0.106545, 0.937986, -0.002831, -0.744181, -0.640695, 0.188957, -1.2e-05, 0.0, 0.0, 0.0, 1.0],
                [0.683314, -0.652847, -0.326915, 0.124994, 0.295364, -0.162309, 0.941497, -0.002831, -0.667715, -0.739896, 0.08192, -1.1e-05, 0.0, 0.0, 0.0, 1.0],
                [0.777378, -0.534565, -0.331546, 0.124994, 0.251486, -0.218998, 0.942759, -0.002831, -0.576575, -0.81626, -0.035809, -1.2e-05, 0.0, 0.0, 0.0, 1.0],
                [0.854955, -0.419506, -0.305066, 0.124994, 0.200284, -0.275533, 0.940196, -0.002831, -0.478474, -0.864926, -0.151547, -1.2e-05, 0.0, 0.0, 0.0, 1.0],
                [0.90761, -0.338049, -0.248932, 0.124994, 0.141842, -0.311159, 0.939713, -0.002831, -0.395126, -0.888203, -0.234461, -1.2e-05, 0.0, 0.0, 0.0, 1.0],
                [0.949445, -0.254787, -0.183408, 0.124994, 0.085727, -0.351598, 0.932217, -0.002831, -0.302003, -0.900812, -0.311981, -1.2e-05, 0.0, 0.0, 0.0, 1.0],
                [0.964754, -0.208623, -0.160395, 0.124994, 0.067954, -0.391335, 0.917736, -0.002831, -0.254229, -0.896289, -0.363365, -1.2e-05, 0.0, 0.0, 0.0, 1.0],
                [0.977693, -0.16174, -0.134001, 0.124994, 0.051907, -0.432137, 0.900313, -0.002831, -0.203524, -0.887185, -0.414102, -1.2e-05, 0.0, 0.0, 0.0, 1.0],
                [0.987942, -0.114518, -0.104189, 0.124994, 0.03788, -0.473714, 0.879863, -0.002831, -0.150116, -0.873201, -0.463664, -1.2e-05, 0.0, 0.0, 0.0, 1.0],
                [0.995199, -0.067379, -0.070981, 0.124994, 0.026162, -0.515728, 0.856353, -0.002831, -0.094307, -0.854099, -0.511489, -1.2e-05, 0.0, 0.0, 0.0, 1.0],
                [0.999189, -0.020787, -0.034471, 0.124994, 0.017023, -0.5578, 0.829801, -0.002831, -0.036477, -0.829715, -0.556994, -1.2e-05, 0.0, 0.0, 0.0, 1.0],
                [0.99968, 0.024764, 0.005178, 0.124994, 0.010706, -0.599519, 0.800289, -0.002831, 0.022923, -0.799977, -0.599592, -1.2e-05, 0.0, 0.0, 0.0, 1.0],
                [0.99649, 0.068767, 0.047725, 0.124994, 0.007417, -0.640449, 0.767965, -0.002831, 0.083377, -0.764916, -0.638712, -1.2e-05, 0.0, 0.0, 0.0, 1.0],
                [0.989505, 0.110715, 0.092858, 0.124994, 0.00731, -0.680144, 0.733041, -0.002831, 0.144315, -0.724669, -0.673815, -1.2e-05, 0.0, 0.0, 0.0, 1.0],
                [0.978678, 0.150116, 0.140196, 0.124994, 0.010484, -0.718163, 0.695795, -0.002831, 0.205134, -0.67949, -0.704424, -1.2e-05, 0.0, 0.0, 0.0, 1.0],
                [0.964042, 0.186518, 0.189301, 0.124994, 0.016973, -0.754083, 0.656559, -0.002831, 0.265209, -0.629738, -0.730133, -1.2e-05, 0.0, 0.0, 0.0, 1.0],
                [0.945707, 0.219517, 0.239688, 0.124994, 0.026746, -0.787516, 0.615713, -0.002831, 0.323918, -0.575874, -0.75063, -1.1e-05, 0.0, 0.0, 0.0, 1.0],
                [0.923861, 0.248778, 0.290846, 0.124994, 0.039702, -0.818121, 0.573674, -0.002831, 0.380664, -0.518448, -0.765706, -1.1e-05, 0.0, 0.0, 0.0, 1.0],
                [0.898759, 0.274042, 0.342248, 0.124994, 0.055679, -0.845617, 0.530878, -0.002831, 0.434894, -0.458075, -0.775264, -1.1e-05, 0.0, 0.0, 0.0, 1.0],
                [0.870718, 0.295136, 0.393376, 0.124994, 0.074456, -0.869791, 0.487769, -0.002831, 0.486114, -0.39542, -0.779318, -1.1e-05, 0.0, 0.0, 0.0, 1.0],
                [0.840102, 0.311977, 0.443733, 0.124994, 0.095764, -0.890504, 0.444782, -0.002831, 0.533908, -0.331169, -0.777991, -1.1e-05, 0.0, 0.0, 0.0, 1.0],
                [0.807309, 0.324564, 0.492859, 0.124994, 0.119299, -0.907688, 0.402331, -0.002831, 0.577945, -0.266008, -0.771505, -1.1e-05, 0.0, 0.0, 0.0, 1.0],
                [0.772755, 0.332982, 0.540345, 0.124994, 0.144729, -0.921347, 0.360793, -0.002831, 0.617983, -0.200601, -0.760168, -1.1e-05, 0.0, 0.0, 0.0, 1.0],
                [0.736861, 0.337385, 0.585839, 0.124994, 0.171711, -0.931552, 0.320506, -0.002831, 0.653874, -0.135573, -0.744358, -1.1e-05, 0.0, 0.0, 0.0, 1.0],
                [0.700039, 0.337989, 0.629054, 0.124994, 0.199902, -0.93843, 0.281757, -0.002831, 0.685554, -0.071492, -0.724503, -1.2e-05, 0.0, 0.0, 0.0, 1.0],
                [0.662681, 0.335057, 0.669769, 0.124994, 0.228965, -0.942156, 0.244779, -0.002831, 0.713042, -0.008856, -0.701065, -1.2e-05, 0.0, 0.0, 0.0, 1.0],
                [0.625149, 0.328889, 0.707828, 0.124994, 0.258583, -0.94294, 0.209754, -0.002831, 0.736426, 0.051905, -0.674524, -1.2e-05, 0.0, 0.0, 0.0, 1.0],
                [0.595929, 0.308746, 0.741313, 0.124994, 0.283181, -0.944629, 0.165779, -0.002831, 0.75145, 0.111133, -0.650363, -1.2e-05, 0.0, 0.0, 0.0, 1.0],
                [0.566656, 0.286033, 0.772714, 0.124994, 0.30882, -0.943177, 0.122665, -0.002831, 0.763892, 0.169121, -0.62279, -1.2e-05, 0.0, 0.0, 0.0, 1.0],
                [0.53753, 0.260949, 0.801852, 0.124994, 0.335306, -0.938647, 0.080691, -0.002831, 0.773713, 0.225492, -0.592049, -1.2e-05, 0.0, 0.0, 0.0, 1.0],
                [0.536839, 0.263268, 0.801557, 0.124994, 0.330578, -0.939736, 0.08725, -0.002831, 0.776223, 0.218138, -0.591518, -1.2e-05, 0.0, 0.0, 0.0, 1.0],
                [0.536181, 0.265586, 0.801233, 0.124994, 0.325822, -0.940766, 0.093799, -0.002831, 0.778685, 0.210766, -0.590955, -1.2e-05, 0.0, 0.0, 0.0, 1.0],
                [0.535555, 0.267902, 0.800881, 0.124994, 0.321039, -0.941735, 0.100338, -0.002831, 0.781099, 0.203378, -0.590358, -1.2e-05, 0.0, 0.0, 0.0, 1.0],
                [0.53492, 0.270223, 0.800525, 0.124994, 0.316242, -0.942638, 0.106878, -0.002831, 0.783487, 0.195989, -0.589692, -1.2e-05, 0.0, 0.0, 0.0, 1.0],
                [0.534298, 0.272544, 0.800154, 0.124994, 0.311424, -0.943479, 0.113411, -0.002831, 0.785838, 0.188592, -0.588976, -1.2e-05, 0.0, 0.0, 0.0, 1.0],
                [0.533687, 0.274866, 0.799767, 0.124994, 0.306587, -0.944255, 0.119938, -0.002831, 0.788152, 0.181189, -0.588208, -1.2e-05, 0.0, 0.0, 0.0, 1.0],
                [0.533089, 0.277189, 0.799364, 0.124994, 0.30173, -0.944969, 0.126458, -0.002831, 0.790427, 0.173779, -0.587389, -1.2e-05, 0.0, 0.0, 0.0, 1.0],
                [0.532503, 0.279511, 0.798946, 0.124994, 0.296855, -0.945619, 0.132969, -0.002831, 0.792665, 0.166364, -0.586519, -1.2e-05, 0.0, 0.0, 0.0, 1.0],
                [0.531929, 0.281834, 0.798512, 0.124994, 0.291961, -0.946206, 0.139472, -0.002831, 0.794865, 0.158945, -0.585599, -1.2e-05, 0.0, 0.0, 0.0, 1.0],
                [0.531368, 0.284157, 0.798063, 0.124994, 0.28705, -0.946729, 0.145966, -0.002831, 0.797027, 0.151522, -0.584628, -1.2e-05, 0.0, 0.0, 0.0, 1.0],
                [0.530819, 0.286478, 0.797598, 0.124994, 0.282121, -0.947188, 0.15245, -0.002831, 0.799149, 0.144095, -0.583607, -1.2e-05, 0.0, 0.0, 0.0, 1.0],
                [0.536547, 0.28932, 0.792725, 0.124994, 0.278564, -0.947456, 0.157249, -0.002831, 0.796568, 0.136453, -0.588949, -1.2e-05, 0.0, 0.0, 0.0, 1.0],
                [0.542262, 0.292102, 0.7878, 0.124994, 0.275032, -0.947676, 0.16207, -0.002831, 0.79392, 0.128785, -0.594226, -1.2e-05, 0.0, 0.0, 0.0, 1.0],
                [0.547964, 0.294825, 0.782824, 0.124994, 0.271524, -0.947847, 0.166913, -0.002831, 0.791208, 0.121093, -0.599438, -1.2e-05, 0.0, 0.0, 0.0, 1.0],
                [0.553652, 0.297488, 0.777798, 0.124994, 0.268043, -0.947969, 0.171777, -0.002831, 0.788431, 0.113379, -0.604584, -1.2e-05, 0.0, 0.0, 0.0, 1.0],
                [0.559324, 0.300091, 0.772724, 0.124994, 0.264587, -0.948042, 0.17666, -0.002831, 0.78559, 0.105642, -0.609663, -1.2e-05, 0.0, 0.0, 0.0, 1.0],
                [0.56498, 0.302634, 0.767601, 0.124994, 0.261159, -0.948066, 0.181564, -0.002831, 0.782684, 0.097886, -0.614674, -1.2e-05, 0.0, 0.0, 0.0, 1.0],
                [0.570619, 0.305116, 0.762429, 0.124994, 0.257757, -0.948042, 0.186485, -0.002831, 0.779715, 0.090109, -0.619617, -1.2e-05, 0.0, 0.0, 0.0, 1.0],
                [0.576241, 0.307537, 0.75721, 0.124994, 0.254383, -0.947969, 0.191425, -0.002831, 0.776683, 0.082315, -0.624491, -1.2e-05, 0.0, 0.0, 0.0, 1.0],
                [0.581844, 0.309896, 0.751946, 0.124994, 0.251038, -0.947847, 0.196382, -0.002831, 0.773587, 0.074503, -0.629295, -1.2e-05, 0.0, 0.0, 0.0, 1.0],
                [0.587428, 0.312193, 0.746635, 0.124994, 0.247721, -0.947676, 0.201356, -0.002831, 0.77043, 0.066675, -0.634029, -1.2e-05, 0.0, 0.0, 0.0, 1.0],
                [0.592992, 0.314428, 0.74128, 0.124994, 0.244433, -0.947456, 0.206346, -0.002831, 0.767211, 0.058832, -0.638691, -1.2e-05, 0.0, 0.0, 0.0, 1.0],
                [0.59264, 0.307045, 0.744649, 0.124994, 0.246219, -0.949297, 0.195472, -0.002831, 0.766912, 0.067502, -0.638193, -1.2e-05, 0.0, 0.0, 0.0, 1.0],
                [0.592302, 0.299622, 0.747934, 0.124994, 0.248006, -0.951012, 0.184574, -0.002831, 0.766597, 0.076169, -0.637595, -1.2e-05, 0.0, 0.0, 0.0, 1.0],
                [0.591978, 0.292159, 0.751136, 0.124994, 0.249794, -0.9526, 0.173655, -0.002831, 0.766267, 0.084829, -0.636899, -1.2e-05, 0.0, 0.0, 0.0, 1.0],
                [0.591592, 0.284681, 0.754305, 0.124994, 0.251597, -0.954051, 0.162742, -0.002831, 0.765975, 0.093504, -0.636034, -1.2e-05, 0.0, 0.0, 0.0, 1.0],
                [0.591258, 0.277153, 0.757364, 0.124994, 0.253392, -0.955379, 0.151798, -0.002831, 0.765641, 0.102159, -0.635105, -1.2e-05, 0.0, 0.0, 0.0, 1.0],
                [0.590979, 0.26958, 0.76031, 0.124994, 0.25518, -0.956583, 0.140824, -0.002831, 0.765263, 0.110792, -0.634112, -1.2e-05, 0.0, 0.0, 0.0, 1.0],
                [0.590753, 0.261964, 0.763143, 0.124994, 0.256957, -0.957662, 0.129825, -0.002831, 0.764843, 0.1194, -0.633055, -1.2e-05, 0.0, 0.0, 0.0, 1.0],
                [0.59058, 0.254308, 0.765861, 0.124994, 0.258722, -0.958617, 0.118805, -0.002831, 0.764381, 0.127981, -0.631936, -1.2e-05, 0.0, 0.0, 0.0, 1.0],
                [0.590345, 0.246641, 0.768545, 0.124994, 0.260504, -0.959435, 0.1078, -0.002831, 0.763958, 0.13657, -0.630649, -1.2e-05, 0.0, 0.0, 0.0, 1.0],
                [0.590124, 0.238945, 0.771142, 0.124994, 0.262283, -0.960124, 0.096789, -0.002831, 0.763519, 0.14514, -0.629264, -1.2e-05, 0.0, 0.0, 0.0, 1.0],
                [0.589918, 0.231222, 0.77365, 0.124994, 0.26406, -0.960684, 0.085773, -0.002831, 0.763066, 0.153691, -0.627782, -1.2e-05, 0.0, 0.0, 0.0, 1.0]
            ]
        },
        {
            "name": "Leg_R",
            "time": [0.0, 0.0333, 0.0667, 0.1, 0.1333, 0.1667, 0.2, 0.2333, 0.2667, 0.3, 0.3333, 0.3667, 0.4, 0.4333, 0.4667, 0.5, 0.5333, 0.5667, 0.6, 0.6333, 0.6667, 0.7, 0.7333, 0.7667, 0.8, 0.8333, 0.8667, 0.9, 0.9333, 0.9667, 1.0, 1.0333, 1.0667, 1.1, 1.1333, 1.1667, 1.2, 1.2333, 1.2667, 1.3, 1.3333, 1.3667, 1.4, 1.4333, 1.4667, 1.5, 1.5333, 1.5667, 1.6, 1.6333, 1.6667, 1.7, 1.7333, 1.7667, 1.8, 1.8333, 1.8667, 1.9, 1.9333, 1.9667, 2.0, 2.0333, 2.0667, 2.1, 2.1333, 2.1667, 2.2, 2.2333, 2.2667, 2.3, 2.3333, 2.3667, 2.4, 2.4333, 2.4667, 2.5, 2.5333, 2.5667, 2.6, 2.6333, 2.6667, 2.7, 2.7333, 2.7667, 2.8, 2.8333, 2.8667, 2.9, 2.9333, 2.9667, 3.0, 3.0333, 3.0667, 3.1, 3.1333, 3.1667, 3.2, 3.2333, 3.2667, 3.3, 3.3333, 3.3667, 3.4, 3.4333, 3.4667, 3.5, 3.5333, 3.5667, 3.6, 3.6333, 3.6667, 3.7, 3.7333, 3.7667, 3.8, 3.8333, 3.8667],
            "transform": [
                [1.0, -0.0, -1e-06, 0.0, 1e-06, -0.073218, 0.997316, 0.37472, -0.0, -0.997316, -0.073218, 0.0, 0.0, 0.0, 0.0, 1.0],
                [1.0, -0.0, -1e-06, 0.0, 1e-06, -0.037306, 0.999305, 0.37472, -0.0, -0.999304, -0.037306, -0.0, 0.0, 0.0, 0.0, 1.0],
                [1.0, -0.0, -1e-06, 0.0, 1e-06, 0.004808, 0.999989, 0.37472, -0.0, -0.999988, 0.004808, -0.0, 0.0, 0.0, 0.0, 1.0],
                [1.0, -0.0, -1e-06, 0.0, 1e-06, 0.084024, 0.996465, 0.37472, 0.0, -0.996464, 0.084024, 0.0, 0.0, 0.0, 0.0, 1.0],
                [1.0, -0.0, -1e-06, 0.0, 1e-06, 0.242626, 0.97012, 0.37472, 0.0, -0.97012, 0.242626, 0.0, 0.0, 0.0, 0.0, 1.0],
                [1.0, -0.0, -1e-06, 0.0, 1e-06, 0.612772, 0.79026, 0.37472, 0.0, -0.79026, 0.612772, 0.0, 0.0, 0.0, 0.0, 1.0],
                [1.0, -0.0, -1e-06, 0.0, 1e-06, -0.113289, 0.993563, 0.37472, -0.0, -0.993562, -0.113289, 0.0, 0.0, 0.0, 0.0, 1.0],
                [1.0, 0.0, -1e-06, 0.0, 1e-06, -0.593816, 0.804601, 0.37472, -1e-06, -0.804601, -0.593816, -0.0, 0.0, 0.0, 0.0, 1.0],
                [1.0, 0.0, -1e-06, -0.0, 1e-06, -0.448743, 0.893661, 0.37472, -0.0, -0.893661, -0.448743, -0.0, 0.0, 0.0, 0.0, 1.0],
                [1.0, -0.0, -1e-06, 0.0, 1e-06, -0.175709, 0.984443, 0.37472, -0.0, -0.984442, -0.175709, -0.0, 0.0, 0.0, 0.0, 1.0],
                [1.0, -0.0, -1e-06, 0.0, 1e-06, 0.010741, 0.999943, 0.37472, -0.0, -0.999942, 0.010741, 0.0, 0.0, 0.0, 0.0, 1.0],
                [1.0, -0.0, -1e-06, 0.0, 1e-06, -0.256031, 0.966669, 0.37472, -0.0, -0.966668, -0.256031, -0.0, 0.0, 0.0, 0.0, 1.0],
                [1.0, 0.0, -1e-06, 0.0, 1e-06, -0.356744, 0.934203, 0.37472, -0.0, -0.934202, -0.356745, 0.0, 0.0, 0.0, 0.0, 1.0],
                [1.0, -0.0, -1e-06, -0.0, 1e-06, -0.378853, 0.925457, 0.37472, -0.0, -0.925457, -0.378853, -0.0, 0.0, 0.0, 0.0, 1.0],
                [1.0, -0.0, -1e-06, 0.0, 1e-06, -0.370655, 0.928771, 0.37472, -0.0, -0.928771, -0.370655, 0.0, 0.0, 0.0, 0.0, 1.0],
                [1.0, -0.0, -1e-06, 0.0, 1e-06, -0.367826, 0.929895, 0.37472, -0.0, -0.929894, -0.367827, -0.0, 0.0, 0.0, 0.0, 1.0],
                [1.0, -0.0, -1e-06, -0.0, 1e-06, -0.376725, 0.926325, 0.37472, -0.0, -0.926325, -0.376725, 0.0, 0.0, 0.0, 0.0, 1.0],
                [1.0, -0.0, -1e-06, -0.0, 1e-06, -0.383012, 0.923744, 0.37472, -1e-06, -0.923744, -0.383012, -0.0, 0.0, 0.0, 0.0, 1.0],
                [1.0, -0.0, -1e-06, 0.0, 1e-06, -0.387279, 0.921964, 0.37472, -1e-06, -0.921963, -0.387279, -0.0, 0.0, 0.0, 0.0, 1.0],
                [1.0, -0.0, -1e-06, -0.0, 1e-06, -0.389366, 0.921083, 0.37472, -1e-06, -0.921083, -0.389366, -0.0, 0.0, 0.0, 0.0, 1.0],
                [1.0, -0.0, -1e-06, 0.0, 1e-06, -0.39145, 0.9202, 0.37472, -1e-06, -0.920199, -0.391451, -0.0, 0.0, 0.0, 0.0, 1.0],
                [1.0, -0.0, -1e-06, 0.0, 1e-06, -0.390332, 0.920675, 0.37472, -1e-06, -0.920674, -0.390332, -0.0, 0.0, 0.0, 0.0, 1.0],
                [1.0, -0.0, -1e-06, -0.0, 1e-06, -0.389214, 0.921148, 0.37472, -1e-06, -0.921147, -0.389214, 0.0, 0.0, 0.0, 0.0, 1.0],
                [1.0, -0.0, -1e-06, -0.0, 1e-06, -0.388094, 0.92162, 0.37472, -1e-06, -0.92162, -0.388094, -0.0, 0.0, 0.0, 0.0, 1.0],
                [1.0, -0.0, -1e-06, -0.0, 1e-06, -0.386974, 0.922092, 0.37472, -1e-06, -0.922091, -0.386974, -0.0, 0.0, 0.0, 0.0, 1.0],
                [1.0, -0.0, -1e-06, -0.0, 1e-06, -0.384132, 0.923279, 0.37472, -1e-06, -0.923278, -0.384133, 0.0, 0.0, 0.0, 0.0, 1.0],
                [1.0, -0.0, -1e-06, -0.0, 1e-06, -0.381287, 0.924457, 0.37472, -1e-06, -0.924457, -0.381288, 0.0, 0.0, 0.0, 0.0, 1.0],
                [1.0, -0.0, -1e-06, -0.0, 1e-06, -0.379362, 0.925249, 0.37472, -1e-06, -0.925249, -0.379362, 0.0, 0.0, 0.0, 0.0, 1.0],
                [1.0, -0.0, -1e-06, 0.0, 1e-06, -0.377435, 0.926037, 0.37472, -1e-06, -0.926036, -0.377435, -0.0, 0.0, 0.0, 0.0, 1.0],
                [1.0, -0.0, -1e-06, -0.0, 1e-06, -0.378613, 0.925556, 0.37472, -1e-06, -0.925555, -0.378613, 0.0, 0.0, 0.0, 0.0, 1.0],
                [1.0, -0.0, -1e-06, -0.0, 1e-06, -0.37979, 0.925074, 0.37472, -1e-06, -0.925073, -0.37979, -0.0, 0.0, 0.0, 0.0, 1.0],
                [1.0, -0.0, -1e-06, -0.0, 1e-06, -0.380966, 0.92459, 0.37472, -1e-06, -0.924589, -0.380966, 0.0, 0.0, 0.0, 0.0, 1.0],
                [1.0, -0.0, -1e-06, 0.0, 1e-06, -0.382142, 0.924104, 0.37472, -1e-06, -0.924103, -0.382142, -0.0, 0.0, 0.0, 0.0, 1.0],
                [1.0, -0.0, -1e-06, 0.0, 1e-06, -0.383317, 0.923618, 0.37472, -1e-06, -0.923617, -0.383317, 0.0, 0.0, 0.0, 0.0, 1.0],
