{
    "animation": [
        {
            "name": "Root",
            "time": [0.0, 0.1667, 0.3333, 0.5, 0.6667, 0.8333, 1.0, 1.1667, 1.3333, 1.5, 1.6667, 1.8333, 1.8667, 1.9, 1.9333, 1.9667, 2.0, 2.0333, 2.0667, 2.1, 2.1333, 2.1667, 2.2, 2.2333, 2.2667, 2.3, 2.3333, 2.3667, 2.4, 2.4333, 2.4667, 2.5, 2.5333, 2.5667, 2.6, 2.6333, 2.6667, 2.7, 2.7333, 2.7667, 2.8],
            "transform": [
                [1.0, -0.0, 0.0, 0.011161, 0.0, -0.0, -1.0, 4.1e-05, 0.0, 1.0, -0.0, 0.498564, 0.0, 0.0, 0.0, 1.0],
                [1.0, -0.0, 0.0, -0.01903, 0.0, -0.0, -1.0, 0.364988, 0.0, 1.0, -0.0, 0.349448, 0.0, 0.0, 0.0, 1.0],
                [1.0, -0.0, 0.0, -0.047879, 0.0, -0.0, -1.0, 0.646453, 0.0, 1.0, -0.0, 0.292558, 0.0, 0.0, 0.0, 1.0],
                [1.0, -0.0, 0.0, -0.08167, 0.0, -0.0, -1.0, 0.907672, 0.0, 1.0, -0.0, 0.286087, 0.0, 0.0, 0.0, 1.0],
                [1.0, -0.0, 0.0, -0.151638, 0.0, -0.0, -1.0, 1.143744, 0.0, 1.0, -0.0, 0.333184, 0.0, 0.0, 0.0, 1.0],
                [1.0, -0.0, 0.0, -0.20778, 0.0, -0.0, -1.0, 1.261798, 0.0, 1.0, -0.0, 0.348464, 0.0, 0.0, 0.0, 1.0],
                [1.0, -0.0, 0.0, -0.219642, 0.0, -0.0, -1.0, 1.315368, 0.0, 1.0, -0.0, 0.370035, 0.0, 0.0, 0.0, 1.0],
                [1.0, -0.0, 0.0, -0.221481, 0.0, -0.0, -1.0, 1.341846, 0.0, 1.0, -0.0, 0.412279, 0.0, 0.0, 0.0, 1.0],
                [1.0, -0.0, 0.0, -0.221861, 0.0, -0.0, -1.0, 1.343021, 0.0, 1.0, -0.0, 0.408684, 0.0, 0.0, 0.0, 1.0],
                [1.0, -0.0, 0.0, -0.207488, 0.0, -0.0, -1.0, 1.234752, 0.0, 1.0, -0.0, 0.387112, 0.0, 0.0, 0.0, 1.0],
                [1.0, -0.0, 0.0, -0.170307, 0.0, -0.0, -1.0, 0.926759, 0.0, 1.0, -0.0, 0.27638, 0.0, 0.0, 0.0, 1.0],
                [1.0, -0.0, 0.0, -0.126984, 0.0, -0.0, -1.0, 0.563877, 0.0, 1.0, -0.0, 0.187938, 0.0, 0.0, 0.0, 1.0],
                [1.0, -0.0, 0.0, -0.118534, 0.0, -0.0, -1.0, 0.492283, 0.0, 1.0, -0.0, 0.186644, 0.0, 0.0, 0.0, 1.0],
                [1.0, -0.0, 0.0, -0.110083, 0.0, -0.0, -1.0, 0.420689, 0.0, 1.0, -0.0, 0.18535, 0.0, 0.0, 0.0, 1.0],
                [1.0, -0.0, 0.0, -0.101632, 0.0, -0.0, -1.0, 0.349095, 0.0, 1.0, -0.0, 0.184055, 0.0, 0.0, 0.0, 1.0],
                [1.0, -0.0, 0.0, -0.093182, 0.0, -0.0, -1.0, 0.2775, 0.0, 1.0, -0.0, 0.182761, 0.0, 0.0, 0.0, 1.0],
                [1.0, -0.0, 0.0, -0.084731, 0.0, -0.0, -1.0, 0.205906, 0.0, 1.0, -0.0, 0.181467, 0.0, 0.0, 0.0, 1.0],
                [1.0, -0.0, 0.0, -0.078706, 0.0, -0.0, -1.0, 0.14549, 0.0, 1.0, -0.0, 0.193115, 0.0, 0.0, 0.0, 1.0],
                [1.0, -0.0, 0.0, -0.072681, 0.0, -0.0, -1.0, 0.085074, 0.0, 1.0, -0.0, 0.204764, 0.0, 0.0, 0.0, 1.0],
                [1.0, -0.0, 0.0, -0.066655, 0.0, -0.0, -1.0, 0.024659, 0.0, 1.0, -0.0, 0.216412, 0.0, 0.0, 0.0, 1.0],
                [1.0, -0.0, 0.0, -0.06063, 0.0, -0.0, -1.0, -0.035757, 0.0, 1.0, -0.0, 0.228061, 0.0, 0.0, 0.0, 1.0],
                [1.0, -0.0, 0.0, -0.054605, 0.0, -0.0, -1.0, -0.096173, 0.0, 1.0, -0.0, 0.239709, 0.0, 0.0, 0.0, 1.0],
                [1.0, -0.0, 0.0, -0.050486, 0.0, -0.0, -1.0, -0.142439, 0.0, 1.0, -0.0, 0.250063, 0.0, 0.0, 0.0, 1.0],
                [1.0, -0.0, 0.0, -0.046367, 0.0, -0.0, -1.0, -0.188704, 0.0, 1.0, -0.0, 0.260418, 0.0, 0.0, 0.0, 1.0],
                [1.0, -0.0, 0.0, -0.042248, 0.0, -0.0, -1.0, -0.23497, 0.0, 1.0, -0.0, 0.270772, 0.0, 0.0, 0.0, 1.0],
                [1.0, -0.0, 0.0, -0.038128, 0.0, -0.0, -1.0, -0.281235, 0.0, 1.0, -0.0, 0.281126, 0.0, 0.0, 0.0, 1.0],
                [1.0, -0.0, 0.0, -0.034009, 0.0, -0.0, -1.0, -0.327501, 0.0, 1.0, -0.0, 0.29148, 0.0, 0.0, 0.0, 1.0],
                [1.0, -0.0, 0.0, -0.030608, 0.0, -0.0, -1.0, -0.339107, 0.0, 1.0, -0.0, 0.294069, 0.0, 0.0, 0.0, 1.0],
                [1.0, -0.0, 0.0, -0.027207, 0.0, -0.0, -1.0, -0.350714, 0.0, 1.0, -0.0, 0.296657, 0.0, 0.0, 0.0, 1.0],
                [1.0, -0.0, 0.0, -0.023805, 0.0, -0.0, -1.0, -0.36232, 0.0, 1.0, -0.0, 0.299246, 0.0, 0.0, 0.0, 1.0],
                [1.0, -0.0, 0.0, -0.020404, 0.0, -0.0, -1.0, -0.373927, 0.0, 1.0, -0.0, 0.301834, 0.0, 0.0, 0.0, 1.0],
                [1.0, -0.0, 0.0, -0.017003, 0.0, -0.0, -1.0, -0.385533, 0.0, 1.0, -0.0, 0.304423, 0.0, 0.0, 0.0, 1.0],
                [1.0, -0.0, 0.0, -0.014071, 0.0, -0.0, -1.0, -0.380153, 0.0, 1.0, -0.0, 0.305717, 0.0, 0.0, 0.0, 1.0],
                [1.0, -0.0, 0.0, -0.011139, 0.0, -0.0, -1.0, -0.374773, 0.0, 1.0, -0.0, 0.307011, 0.0, 0.0, 0.0, 1.0],
                [1.0, -0.0, 0.0, -0.008208, 0.0, -0.0, -1.0, -0.369394, 0.0, 1.0, -0.0, 0.308306, 0.0, 0.0, 0.0, 1.0],
                [1.0, -0.0, 0.0, -0.005276, 0.0, -0.0, -1.0, -0.364014, 0.0, 1.0, -0.0, 0.3096, 0.0, 0.0, 0.0, 1.0],
                [1.0, -0.0, 0.0, -0.002344, 0.0, -0.0, -1.0, -0.358634, 0.0, 1.0, -0.0, 0.310894, 0.0, 0.0, 0.0, 1.0],
                [1.0, -0.0, 0.0, 0.000588, 0.0, -0.0, -1.0, -0.353254, 0.0, 1.0, -0.0, 0.312512, 0.0, 0.0, 0.0, 1.0],
                [1.0, -0.0, 0.0, 0.003519, 0.0, -0.0, -1.0, -0.347874, 0.0, 1.0, -0.0, 0.31413, 0.0, 0.0, 0.0, 1.0],
                [1.0, -0.0, 0.0, 0.006451, 0.0, -0.0, -1.0, -0.342494, 0.0, 1.0, -0.0, 0.315748, 0.0, 0.0, 0.0, 1.0],
                [1.0, -0.0, 0.0, 0.009383, 0.0, -0.0, -1.0, -0.337115, 0.0, 1.0, -0.0, 0.317366, 0.0, 0.0, 0.0, 1.0]
            ]
        },
        {
            "name": "Thigh_R",
            "time": [0.0, 0.1667, 0.3333, 0.5, 0.6667, 0.8333, 1.0, 1.1667, 1.3333, 1.5, 1.6667, 1.8333, 1.8667, 1.9, 1.9333, 1.9667, 2.0, 2.0333, 2.0667, 2.1, 2.1333, 2.1667, 2.2, 2.2333, 2.2667, 2.3, 2.3333, 2.3667, 2.4, 2.4333, 2.4667, 2.5, 2.5333, 2.5667, 2.6, 2.6333, 2.6667, 2.7, 2.7333, 2.7667, 2.8],
            "transform": [
                [0.589964, 0.231217, 0.773615, 0.124994, 0.264058, -0.960686, 0.085757, -0.002831, 0.763031, 0.153686, -0.627826, -1.2e-05, 0.0, 0.0, 0.0, 1.0],
                [0.973842, 0.089446, -0.20888, 0.124994, 0.080235, -0.995409, -0.052182, -0.002831, -0.212589, 0.034058, -0.976548, -1.2e-05, 0.0, 0.0, 0.0, 1.0],
                [0.793826, -0.411229, -0.448031, 0.124994, 0.007605, -0.729946, 0.683462, -0.002831, -0.608098, -0.545956, -0.576323, -1.2e-05, 0.0, 0.0, 0.0, 1.0],
                [0.657579, -0.557832, -0.506373, 0.124994, 0.347151, -0.372167, 0.8608, -0.002831, -0.668638, -0.741832, -0.051077, -1.2e-05, 0.0, 0.0, 0.0, 1.0],
                [0.866054, -0.301331, -0.398936, 0.124994, 0.239078, -0.451182, 0.859812, -0.002831, -0.43908, -0.840021, -0.318706, -1.2e-05, 0.0, 0.0, 0.0, 1.0],
                [0.991281, 0.019645, -0.130292, 0.124994, 0.112156, -0.644804, 0.756074, -0.002831, -0.06916, -0.764095, -0.641385, -1.2e-05, 0.0, 0.0, 0.0, 1.0],
                [0.991894, 0.022239, -0.125104, 0.124994, 0.095669, -0.77867, 0.620097, -0.002831, -0.083625, -0.627039, -0.774486, -1.2e-05, 0.0, 0.0, 0.0, 1.0],
                [0.982427, 0.006444, -0.186539, 0.124994, 0.09528, -0.876693, 0.471519, -0.002831, -0.160499, -0.481007, -0.8619, -1.2e-05, 0.0, 0.0, 0.0, 1.0],
                [0.979347, 0.014042, -0.201702, 0.124994, 0.100326, -0.899864, 0.424475, -0.002831, -0.175544, -0.435944, -0.882687, -1.2e-05, 0.0, 0.0, 0.0, 1.0],
                [0.991812, 0.021279, -0.12592, 0.124994, 0.094719, -0.783924, 0.613589, -0.002831, -0.085655, -0.620492, -0.779521, -1.2e-05, 0.0, 0.0, 0.0, 1.0],
                [0.950724, 0.294752, 0.096149, 0.124994, 0.138706, -0.681722, 0.718342, -0.002831, 0.27728, -0.669608, -0.689014, -1.2e-05, 0.0, 0.0, 0.0, 1.0],
                [0.644845, 0.719621, 0.257529, 0.124994, 0.567957, -0.676637, 0.468601, -0.002831, 0.511469, -0.15591, -0.845039, -1.2e-05, 0.0, 0.0, 0.0, 1.0],
                [0.591851, 0.740218, 0.319045, 0.124994, 0.613457, -0.670406, 0.417404, -0.002831, 0.52286, -0.051321, -0.850872, -1.2e-05, 0.0, 0.0, 0.0, 1.0],
                [0.536933, 0.752105, 0.382153, 0.124994, 0.658894, -0.656756, 0.366783, -0.002831, 0.526841, 0.05486, -0.848191, -1.2e-05, 0.0, 0.0, 0.0, 1.0],
                [0.481022, 0.75492, 0.445774, 0.124994, 0.703467, -0.635799, 0.317637, -0.002831, 0.523213, 0.160797, -0.836894, -1.2e-05, 0.0, 0.0, 0.0, 1.0],
                [0.425092, 0.748614, 0.508797, 0.124994, 0.7464, -0.6079, 0.270822, -0.002831, 0.512039, 0.264642, -0.817178, -1.2e-05, 0.0, 0.0, 0.0, 1.0],
                [0.370108, 0.733453, 0.570147, 0.124994, 0.78698, -0.573658, 0.227106, -0.002831, 0.493641, 0.364641, -0.789528, -1.2e-05, 0.0, 0.0, 0.0, 1.0],
                [0.328587, 0.770321, 0.546475, 0.124994, 0.774551, -0.550881, 0.310807, -0.002831, 0.540464, 0.321146, -0.777665, -1.2e-05, 0.0, 0.0, 0.0, 1.0],
                [0.28819, 0.805469, 0.517847, 0.124994, 0.756571, -0.523027, 0.392483, -0.002831, 0.586982, 0.278678, -0.760126, -1.2e-05, 0.0, 0.0, 0.0, 1.0],
                [0.249409, 0.838458, 0.484544, 0.124994, 0.733187, -0.490367, 0.471143, -0.002831, 0.632639, 0.237754, -0.737049, -1.2e-05, 0.0, 0.0, 0.0, 1.0],
                [0.212701, 0.868899, 0.446959, 0.124994, 0.704677, -0.453287, 0.545858, -0.002831, 0.676897, 0.198857, -0.708708, -1.2e-05, 0.0, 0.0, 0.0, 1.0],
                [0.178471, 0.896467, 0.405581, 0.124994, 0.671434, -0.412272, 0.615799, -0.002831, 0.719253, 0.162418, -0.675497, -1.2e-05, 0.0, 0.0, 0.0, 1.0],
                [0.13849, 0.908886, 0.393379, 0.124994, 0.617151, -0.389854, 0.683475, -0.002831, 0.774562, 0.14812, -0.614911, -1.2e-05, 0.0, 0.0, 0.0, 1.0],
                [0.09942, 0.920747, 0.377281, 0.124994, 0.556683, -0.365738, 0.745882, -0.002831, 0.824755, 0.13587, -0.548926, -1.2e-05, 0.0, 0.0, 0.0, 1.0],
                [0.061779, 0.931889, 0.357444, 0.124994, 0.490728, -0.340212, 0.802148, -0.002831, 0.86912, 0.125852, -0.478322, -1.2e-05, 0.0, 0.0, 0.0, 1.0],
                [0.026049, 0.942169, 0.334124, 0.124994, 0.420133, -0.313604, 0.851552, -0.002831, 0.907089, 0.118194, -0.404005, -1.2e-05, 0.0, 0.0, 0.0, 1.0],
                [-0.007342, 0.951468, 0.30766, 0.124994, 0.345852, -0.286264, 0.893554, -0.002831, 0.938261, 0.112965, -0.326965, -1.2e-05, 0.0, 0.0, 0.0, 1.0],
                [-0.041895, 0.949247, 0.311729, 0.124994, 0.321219, -0.282641, 0.903843, -0.002831, 0.946078, 0.137999, -0.293075, -1.2e-05, 0.0, 0.0, 0.0, 1.0],
                [-0.076553, 0.946143, 0.314567, 0.124994, 0.296121, -0.279683, 0.913285, -0.002831, 0.952078, 0.163064, -0.258763, -1.2e-05, 0.0, 0.0, 0.0, 1.0],
                [-0.111217, 0.942163, 0.316163, 0.124994, 0.270628, -0.277401, 0.921851, -0.002831, 0.956239, 0.188088, -0.224124, -1.2e-05, 0.0, 0.0, 0.0, 1.0],
                [-0.14579, 0.937318, 0.316512, 0.124994, 0.244811, -0.275801, 0.929516, -0.002831, 0.958548, 0.213, -0.189257, -1.2e-05, 0.0, 0.0, 0.0, 1.0],
                [-0.180173, 0.931624, 0.315618, 0.124994, 0.218746, -0.274885, 0.936263, -0.002831, 0.959004, 0.237729, -0.154262, -1.2e-05, 0.0, 0.0, 0.0, 1.0],
                [-0.198623, 0.925423, 0.322707, 0.124994, 0.224323, -0.2776, 0.93414, -0.002831, 0.954059, 0.257932, -0.152456, -1.2e-05, 0.0, 0.0, 0.0, 1.0],
                [-0.21695, 0.918801, 0.329752, 0.124994, 0.229955, -0.280189, 0.931995, -0.002831, 0.948712, 0.278025, -0.150496, -1.2e-05, 0.0, 0.0, 0.0, 1.0],
                [-0.235144, 0.911761, 0.336747, 0.124994, 0.235638, -0.282649, 0.92983, -0.002831, 0.942965, 0.297994, -0.148383, -1.2e-05, 0.0, 0.0, 0.0, 1.0],
                [-0.25319, 0.904308, 0.343687, 0.124994, 0.241368, -0.284978, 0.927647, -0.002831, 0.936822, 0.317826, -0.146117, -1.2e-05, 0.0, 0.0, 0.0, 1.0],
                [-0.271079, 0.896448, 0.350568, 0.124994, 0.24714, -0.287175, 0.925447, -0.002831, 0.93029, 0.337508, -0.143701, -1.2e-05, 0.0, 0.0, 0.0, 1.0],
                [-0.279274, 0.89111, 0.357672, 0.124994, 0.254091, -0.290631, 0.922481, -0.002831, 0.925983, 0.348506, -0.145257, -1.2e-05, 0.0, 0.0, 0.0, 1.0],
                [-0.287382, 0.885636, 0.364775, 0.124994, 0.261068, -0.293993, 0.919463, -0.002831, 0.921551, 0.359468, -0.146723, -1.2e-05, 0.0, 0.0, 0.0, 1.0],
                [-0.295401, 0.880028, 0.371873, 0.124994, 0.268067, -0.297258, 0.916394, -0.002831, 0.916994, 0.37039, -0.148096, -1.2e-05, 0.0, 0.0, 0.0, 1.0],
                [-0.303328, 0.874286, 0.378967, 0.124994, 0.275088, -0.300426, 0.913275, -0.002831, 0.912315, 0.38127, -0.149378, -1.2e-05, 0.0, 0.0, 0.0, 1.0]
            ]
        },
        {
            "name": "Leg_R",
            "time": [0.0, 0.1667, 0.3333, 0.5, 0.6667, 0.8333, 1.0, 1.1667, 1.3333, 1.5, 1.6667, 1.8333, 1.8667, 1.9, 1.9333, 1.9667, 2.0, 2.0333, 2.0667, 2.1, 2.1333, 2.1667, 2.2, 2.2333, 2.2667, 2.3, 2.3333, 2.3667, 2.4, 2.4333, 2.4667, 2.5, 2.5333, 2.5667, 2.6, 2.6333, 2.6667, 2.7, 2.7333, 2.7667, 2.8],
            "transform": [
                [1.0, 0.0, 0.0, -0.0, -0.0, 0.932201, 0.361941, 0.37472, -0.0, -0.361941, 0.932201, -0.0, 0.0, 0.0, 0.0, 1.0],
                [1.0, -0.0, 0.0, -0.0, -0.0, 0.388932, 0.921266, 0.37472, -0.0, -0.921266, 0.388932, -0.0, 0.0, 0.0, 0.0, 1.0],
                [1.0, -1e-06, -0.0, -0.0, 0.0, -0.288452, 0.957494, 0.37472, -1e-06, -0.957495, -0.288452, -0.0, 0.0, 0.0, 0.0, 1.0],
                [1.0, -1e-06, -0.0, 0.0, -0.0, -0.193653, 0.98107, 0.37472, -1e-06, -0.98107, -0.193653, 0.0, 0.0, 0.0, 0.0, 1.0],
                [1.0, -1e-06, 0.0, -0.0, -0.0, 0.029368, 0.999569, 0.37472, -0.0, -0.999569, 0.029368, -0.0, 0.0, 0.0, 0.0, 1.0],
                [1.0, -0.0, 0.0, -0.0, -0.0, 0.346799, 0.937939, 0.37472, -0.0, -0.937939, 0.346799, 0.0, 0.0, 0.0, 0.0, 1.0],
                [1.0, -0.0, 0.0, -0.0, -0.0, 0.544701, 0.83863, 0.37472, -0.0, -0.83863, 0.544701, 0.0, 0.0, 0.0, 0.0, 1.0],
                [1.0, -0.0, 0.0, 0.0, -0.0, 0.725151, 0.68859, 0.37472, -0.0, -0.68859, 0.725151, -0.0, 0.0, 0.0, 0.0, 1.0],
                [1.000001, 0.0, 0.0, 0.0, -0.0, 0.793965, 0.607963, 0.37472, -0.0, -0.607963, 0.793965, 0.0, 0.0, 0.0, 0.0, 1.0],
                [1.0, -0.0, 0.0, -0.0, -0.0, 0.670892, 0.741554, 0.37472, -0.0, -0.741554, 0.670892, -0.0, 0.0, 0.0, 0.0, 1.0],
                [1.0, -0.0, 0.0, -0.0, -0.0, -0.035284, 0.999377, 0.37472, -0.0, -0.999377, -0.035285, 0.0, 0.0, 0.0, 0.0, 1.0],
                [1.0, -0.0, 0.0, -0.0, -0.0, -0.168326, 0.985731, 0.37472, -0.0, -0.985731, -0.168326, 0.0, 0.0, 0.0, 0.0, 1.0],
                [1.0, -0.0, 0.0, 0.0, -0.0, -0.07039, 0.997519, 0.37472, -0.0, -0.99752, -0.07039, -0.0, 0.0, 0.0, 0.0, 1.0],
                [1.0, -0.0, 0.0, 0.0, -0.0, 0.028962, 0.999581, 0.37472, -0.0, -0.999581, 0.028962, 0.0, 0.0, 0.0, 0.0, 1.0],
                [1.0, -0.0, 0.0, 0.0, -0.0, 0.128274, 0.991738, 0.37472, -0.0, -0.991739, 0.128274, -0.0, 0.0, 0.0, 0.0, 1.0],
                [1.0, -0.0, 0.0, 0.0, -0.0, 0.226072, 0.97411, 0.37472, -0.0, -0.974111, 0.226072, 0.0, 0.0, 0.0, 0.0, 1.0],
                [1.0, -0.0, 0.0, -0.0, -0.0, 0.320945, 0.947098, 0.37472, -0.0, -0.947098, 0.320945, 0.0, 0.0, 0.0, 0.0, 1.0],
                [1.0, -0.0, 0.0, 0.0, -0.0, 0.265556, 0.964096, 0.37472, -0.0, -0.964096, 0.265556, -0.0, 0.0, 0.0, 0.0, 1.0],
                [1.0, -0.0, 0.0, -0.0, -0.0, 0.209132, 0.977887, 0.37472, -0.0, -0.977887, 0.209132, -0.0, 0.0, 0.0, 0.0, 1.0],
                [1.0, -0.0, 0.0, 0.0, -0.0, 0.151955, 0.988387, 0.37472, -0.0, -0.988388, 0.151955, 0.0, 0.0, 0.0, 0.0, 1.0],
                [1.0, -0.0, 0.0, -0.0, -0.0, 0.094313, 0.995543, 0.37472, -0.0, -0.995543, 0.094313, -0.0, 0.0, 0.0, 0.0, 1.0],
                [1.0, -0.0, 0.0, 0.0, -0.0, 0.036499, 0.999334, 0.37472, -0.0, -0.999334, 0.036499, -0.0, 0.0, 0.0, 0.0, 1.0],
                [1.0, -0.0, 0.0, -0.0, -0.0, 0.013084, 0.999915, 0.37472, -0.0, -0.999914, 0.013084, -0.0, 0.0, 0.0, 0.0, 1.0],
                [1.0, -0.0, 0.0, 0.0, -0.0, -0.010347, 0.999947, 0.37472, -0.0, -0.999946, -0.010347, 0.0, 0.0, 0.0, 0.0, 1.0],
                [1.0, -0.0, 0.0, -0.0, -0.0, -0.033775, 0.999429, 0.37472, -0.0, -0.999429, -0.033775, 0.0, 0.0, 0.0, 0.0, 1.0],
                [1.0, -0.0, 0.0, 0.0, -0.0, -0.057182, 0.998364, 0.37472, -0.0, -0.998364, -0.057182, -0.0, 0.0, 0.0, 0.0, 1.0],
                [1.0, -0.0, 0.0, 0.0, -0.0, -0.080548, 0.99675, 0.37472, -0.0, -0.996751, -0.080548, -0.0, 0.0, 0.0, 0.0, 1.0],
                [1.0, -0.0, 0.0, 0.0, -0.0, -0.079995, 0.996795, 0.37472, -0.0, -0.996796, -0.079995, -0.0, 0.0, 0.0, 0.0, 1.0],
                [1.0, -0.0, 0.0, 0.0, -0.0, -0.079443, 0.996839, 0.37472, -0.0, -0.99684, -0.079443, -0.0, 0.0, 0.0, 0.0, 1.0],
                [1.0, -0.0, 0.0, 0.0, -0.0, -0.07889, 0.996883, 0.37472, -0.0, -0.996884, -0.07889, -0.0, 0.0, 0.0, 0.0, 1.0],
                [1.0, -0.0, 0.0, -0.0, -0.0, -0.078337, 0.996926, 0.37472, -0.0, -0.996927, -0.078337, 0.0, 0.0, 0.0, 0.0, 1.0],
                [1.0, -0.0, 0.0, -0.0, -0.0, -0.077784, 0.99697, 0.37472, -0.0, -0.996971, -0.077784, -0.0, 0.0, 0.0, 0.0, 1.0],
                [1.0, -0.0, 0.0, 0.0, -0.0, -0.074411, 0.997227, 0.37472, -0.0, -0.997228, -0.074411, 0.0, 0.0, 0.0, 0.0, 1.0],
                [1.0, -0.0, 0.0, 0.0, -0.0, -0.071038, 0.997473, 0.37472, -0.0, -0.997474, -0.071038, -0.0, 0.0, 0.0, 0.0, 1.0],
                [1.000001, -0.0, 0.0, -0.0, -0.0, -0.067664, 0.997708, 0.37472, -0.0, -0.997709, -0.067664, 0.0, 0.0, 0.0, 0.0, 1.0],
                [1.0, -0.0, 0.0, 0.0, -0.0, -0.064289, 0.997931, 0.37472, -0.0, -0.997932, -0.064289, -0.0, 0.0, 0.0, 0.0, 1.0],
                [1.0, -0.0, 0.0, 0.0, -0.0, -0.060913, 0.998143, 0.37472, -0.0, -0.998143, -0.060913, -0.0, 0.0, 0.0, 0.0, 1.0],
                [1.0, -0.0, 0.0, -0.0, -0.0, -0.056135, 0.998423, 0.37472, -0.0, -0.998423, -0.056135, 0.0, 0.0, 0.0, 0.0, 1.0],
                [1.0, -0.0, 0.0, 0.0, -0.0, -0.051357, 0.998681, 0.37472, -0.0, -0.998681, -0.051357, 0.0, 0.0, 0.0, 0.0, 1.0],
                [1.0, -0.0, 0.0, 0.0, -0.0, -0.046577, 0.998915, 0.37472, -0.0, -0.998915, -0.046577, 0.0, 0.0, 0.0, 0.0, 1.0],
                [1.0, -0.0, 0.0, -0.0, -0.0, -0.041796, 0.999126, 0.37472, -0.0, -0.999127, -0.041796, 0.0, 0.0, 0.0, 0.0, 1.0]
            ]
        },
        {
            "name": "Knee_R",
            "time": [0.0, 0.1667, 0.3333, 0.5, 0.6667, 0.8333, 1.0, 1.1667, 1.3333, 1.5, 1.6667, 1.8333, 1.8667, 1.9, 1.9333, 1.9667, 2.0, 2.0333, 2.0667, 2.1, 2.1333, 2.1667, 2.2, 2.2333, 2.2667, 2.3, 2.3333, 2.3667, 2.4, 2.4333, 2.4667, 2.5, 2.5333, 2.5667, 2.6, 2.6333, 2.6667, 2.7, 2.7333, 2.7667, 2.8],
            "transform": [
                [1.0, 0.0, -0.0, -0.0, -0.0, 0.0, -1.0, 0.37472, -0.0, 1.0, 0.0, -0.0, 0.0, 0.0, 0.0, 1.0],
                [1.0, 0.0, -0.0, 0.0, -0.0, 0.0, -1.0, 0.37472, -0.0, 1.0, 0.0, -0.0, 0.0, 0.0, 0.0, 1.0],
                [1.0, 0.0, -0.0, 0.0, -0.0, 0.0, -1.0, 0.37472, -0.0, 1.0, 0.0, -0.0, 0.0, 0.0, 0.0, 1.0],
                [1.0, 0.0, -0.0, 0.0, -0.0, 0.0, -1.0, 0.37472, -0.0, 1.0, 0.0, 0.0, 0.0, 0.0, 0.0, 1.0],
                [1.0, 0.0, -0.0, -0.0, -0.0, 0.0, -1.0, 0.37472, -0.0, 1.0, 0.0, -0.0, 0.0, 0.0, 0.0, 1.0],
                [1.0, 0.0, -0.0, -0.0, -0.0, 0.0, -1.0, 0.37472, -0.0, 1.0, 0.0, 0.0, 0.0, 0.0, 0.0, 1.0],
                [1.0, 0.0, -0.0, -0.0, -0.0, 0.0, -1.0, 0.37472, -0.0, 1.0, 0.0, 0.0, 0.0, 0.0, 0.0, 1.0],
                [1.0, 0.0, -0.0, 0.0, -0.0, 0.0, -1.0, 0.37472, -0.0, 1.0, 0.0, -0.0, 0.0, 0.0, 0.0, 1.0],
                [1.0, 0.0, -0.0, 0.0, -0.0, 0.0, -1.0, 0.37472, -0.0, 1.0, 0.0, 0.0, 0.0, 0.0, 0.0, 1.0],
                [1.0, 0.0, -0.0, -0.0, -0.0, 0.0, -1.0, 0.37472, -0.0, 1.0, 0.0, -0.0, 0.0, 0.0, 0.0, 1.0],
                [1.0, 0.0, -0.0, -0.0, -0.0, 0.0, -1.0, 0.37472, -0.0, 1.0, 0.0, 0.0, 0.0, 0.0, 0.0, 1.0],
                [1.0, 0.0, -0.0, -0.0, -0.0, 0.0, -1.0, 0.37472, -0.0, 1.0, 0.0, 0.0, 0.0, 0.0, 0.0, 1.0],
                [1.0, 0.0, -1e-06, 0.0, -0.0, 0.0, -1.0, 0.37472, -0.0, 1.0, 0.0, 0.0, 0.0, 0.0, 0.0, 1.0],
                [1.0, 0.0, -0.0, 0.0, -0.0, 0.0, -1.0, 0.37472, -0.0, 1.0, 0.0, 0.0, 0.0, 0.0, 0.0, 1.0],
                [1.0, 0.0, -0.0, 0.0, -0.0, 0.0, -1.0, 0.37472, -0.0, 1.0, 0.0, -0.0, 0.0, 0.0, 0.0, 1.0],
                [1.0, 0.0, -1e-06, 0.0, -0.0, 0.0, -1.0, 0.37472, -0.0, 1.0, 0.0, 0.0, 0.0, 0.0, 0.0, 1.0],
                [1.0, 0.0, -0.0, -0.0, -0.0, 0.0, -1.0, 0.37472, -0.0, 1.0, 0.0, 0.0, 0.0, 0.0, 0.0, 1.0],
                [1.0, 0.0, -0.0, 0.0, -0.0, 0.0, -1.0, 0.37472, -0.0, 1.0, 0.0, 0.0, 0.0, 0.0, 0.0, 1.0],
                [1.0, 0.0, -0.0, -0.0, -0.0, 0.0, -1.0, 0.37472, -0.0, 1.0, 0.0, -0.0, 0.0, 0.0, 0.0, 1.0],
                [1.0, 0.0, -0.0, 0.0, -0.0, 0.0, -1.0, 0.37472, -0.0, 1.0, 0.0, 0.0, 0.0, 0.0, 0.0, 1.0],
                [1.0, 0.0, -0.0, -0.0, -0.0, 0.0, -1.0, 0.37472, -0.0, 1.0, 0.0, -0.0, 0.0, 0.0, 0.0, 1.0],
                [1.0, 0.0, -1e-06, 0.0, -0.0, 0.0, -1.0, 0.37472, -0.0, 1.0, 0.0, -0.0, 0.0, 0.0, 0.0, 1.0],
                [1.0, 0.0, -0.0, -0.0, -0.0, 0.0, -1.0, 0.37472, -0.0, 1.0, 0.0, 0.0, 0.0, 0.0, 0.0, 1.0],
                [1.0, 0.0, -0.0, 0.0, -0.0, 0.0, -1.0, 0.37472, -0.0, 1.0, 0.0, 0.0, 0.0, 0.0, 0.0, 1.0],
                [1.0, 0.0, -0.0, -0.0, -0.0, 0.0, -1.0, 0.37472, -0.0, 1.0, 0.0, 0.0, 0.0, 0.0, 0.0, 1.0],
                [1.0, 0.0, -0.0, 0.0, -0.0, 0.0, -1.0, 0.37472, -0.0, 1.0, 0.0, -0.0, 0.0, 0.0, 0.0, 1.0],
                [1.0, 0.0, -0.0, 0.0, -0.0, 0.0, -1.0, 0.37472, -0.0, 1.0, 0.0, -0.0, 0.0, 0.0, 0.0, 1.0],
                [1.0, 0.0, -0.0, 0.0, -0.0, 0.0, -1.0, 0.37472, -0.0, 1.0, 0.0, -0.0, 0.0, 0.0, 0.0, 1.0],
                [1.0, 0.0, -0.0, 0.0, -0.0, 0.0, -1.0, 0.37472, -0.0, 1.0, 0.0, -0.0, 0.0, 0.0, 0.0, 1.0],
                [1.0, 0.0, -0.0, 0.0, -0.0, 0.0, -1.0, 0.37472, -0.0, 1.0, 0.0, -0.0, 0.0, 0.0, 0.0, 1.0],
                [1.0, 0.0, -0.0, 0.0, -0.0, 0.0, -1.0, 0.37472, -0.0, 1.0, 0.0, -0.0, 0.0, 0.0, 0.0, 1.0],
                [1.0, 0.0, -0.0, -0.0, -0.0, 0.0, -1.0, 0.37472, -0.0, 1.0, 0.0, -0.0, 0.0, 0.0, 0.0, 1.0],
                [1.0, 0.0, -0.0, 0.0, -0.0, 0.0, -1.0, 0.37472, -0.0, 1.0, 0.0, 0.0, 0.0, 0.0, 0.0, 1.0],
                [1.0, 0.0, -0.0, -0.0, -0.0, 0.0, -1.0, 0.37472, -0.0, 1.0, 0.0, -0.0, 0.0, 0.0, 0.0, 1.0],
                [1.0, 0.0, -0.0, 0.0, -0.0, 0.0, -1.0, 0.37472, -0.0, 1.0, 0.0, 0.0, 0.0, 0.0, 0.0, 1.0],
                [1.0, 0.0, -0.0, 0.0, -1e-06, 0.0, -1.0, 0.37472, -0.0, 1.0, 0.0, -0.0, 0.0, 0.0, 0.0, 1.0],
                [1.0, 0.0, -0.0, 0.0, -1e-06, 0.0, -1.0, 0.37472, -0.0, 1.0, 0.0, -0.0, 0.0, 0.0, 0.0, 1.0],
                [1.0, 0.0, -0.0, -0.0, -0.0, 0.0, -1.0, 0.37472, -0.0, 1.0, 0.0, 0.0, 0.0, 0.0, 0.0, 1.0],
                [1.0, 0.0, -0.0, 0.0, -0.0, 0.0, -1.0, 0.37472, -0.0, 1.0, 0.0, 0.0, 0.0, 0.0, 0.0, 1.0],
                [1.0, 0.0, -0.0, 0.0, -1e-06, 0.0, -1.0, 0.37472, -0.0, 1.0, 0.0, 0.0, 0.0, 0.0, 0.0, 1.0],
                [1.0, 0.0, -0.0, 0.0, -1e-06, 0.0, -1.0, 0.37472, -0.0, 1.0, 0.0, 0.0, 0.0, 0.0, 0.0, 1.0]
            ]
        },
        {
            "name": "Thigh_L",
            "time": [0.0, 0.1667, 0.3333, 0.5, 0.6667, 0.8333, 1.0, 1.1667, 1.3333, 1.5, 1.6667, 1.8333, 1.8667, 1.9, 1.9333, 1.9667, 2.0, 2.0333, 2.0667, 2.1, 2.1333, 2.1667, 2.2, 2.2333, 2.2667, 2.3, 2.3333, 2.3667, 2.4, 2.4333, 2.4667, 2.5, 2.5333, 2.5667, 2.6, 2.6333, 2.6667, 2.7, 2.7333, 2.7667, 2.8],
            "transform": [
                [0.893705, -0.047182, 0.446167, -0.125006, -0.213694, -0.919173, 0.330841, -0.002831, 0.394495, -0.391017, -0.831552, -1.2e-05, 0.0, 0.0, 0.0, 1.0],
                [0.889605, -0.339703, -0.305296, -0.125006, -0.024652, -0.703174, 0.71059, -0.002831, -0.456066, -0.624618, -0.633922, -1.2e-05, 0.0, 0.0, 0.0, 1.0],
                [0.597031, -0.593872, -0.539324, -0.125006, -0.152493, -0.744047, 0.650492, -0.002831, -0.787591, -0.306121, -0.534781, -1.2e-05, 0.0, 0.0, 0.0, 1.0],
                [0.325264, -0.704721, -0.630533, -0.125006, -0.404127, -0.706425, 0.581072, -0.002831, -0.854918, 0.065814, -0.514571, -1.2e-05, 0.0, 0.0, 0.0, 1.0],
                [0.492452, -0.28258, -0.823189, -0.125006, -0.483515, -0.875264, 0.011207, -0.002831, -0.723675, 0.392505, -0.567657, -1.2e-05, 0.0, 0.0, 0.0, 1.0],
                [0.787628, -0.030089, -0.615415, -0.125006, -0.306173, -0.885878, -0.348538, -0.002831, -0.534695, 0.462943, -0.706955, -1.2e-05, 0.0, 0.0, 0.0, 1.0],
                [0.859757, -0.181261, -0.477453, -0.125006, -0.185528, -0.981878, 0.038678, -0.002831, -0.475811, 0.055327, -0.877805, -1.2e-05, 0.0, 0.0, 0.0, 1.0],
                [0.845737, -0.239179, -0.476992, -0.125006, -0.183917, -0.9698, 0.160193, -0.002831, -0.500902, -0.047754, -0.864186, -1.2e-05, 0.0, 0.0, 0.0, 1.0],
                [0.833838, -0.251576, -0.491349, -0.125006, -0.192215, -0.96673, 0.16878, -0.002831, -0.517463, -0.04629, -0.854453, -1.2e-05, 0.0, 0.0, 0.0, 1.0],
                [0.858316, -0.307701, -0.410625, -0.125006, -0.16865, -0.924961, 0.340594, -0.002831, -0.484613, -0.223085, -0.845803, -1.2e-05, 0.0, 0.0, 0.0, 1.0],
                [0.961594, -0.274435, -0.00486, -0.125006, -0.162827, -0.584607, 0.794809, -0.002831, -0.220964, -0.763492, -0.60684, -1.2e-05, 0.0, 0.0, 0.0, 1.0],
                [0.898195, 0.061596, 0.43526, -0.125006, -0.43151, -0.065507, 0.899726, -0.002831, 0.083933, -0.995949, -0.032259, -1.2e-05, 0.0, 0.0, 0.0, 1.0],
                [0.87971, 0.057926, 0.471969, -0.125006, -0.468669, -0.062135, 0.881186, -0.002831, 0.080369, -0.996386, -0.027513, -1.2e-05, 0.0, 0.0, 0.0, 1.0],
                [0.859677, 0.054392, 0.507933, -0.125006, -0.50506, -0.058608, 0.861092, -0.002831, 0.076606, -0.996798, -0.022912, -1.2e-05, 0.0, 0.0, 0.0, 1.0],
                [0.838146, 0.051006, 0.543056, -0.125006, -0.540586, -0.054932, 0.839494, -0.002831, 0.072651, -0.997187, -0.018468, -1.2e-05, 0.0, 0.0, 0.0, 1.0],
                [0.815172, 0.047775, 0.577246, -0.125006, -0.575152, -0.051121, 0.816448, -0.002831, 0.068515, -0.997549, -0.014194, -1.2e-05, 0.0, 0.0, 0.0, 1.0],
                [0.790819, 0.044708, 0.610416, -0.125006, -0.608673, -0.047181, 0.792017, -0.002831, 0.06421, -0.997886, -0.010099, -1.2e-05, 0.0, 0.0, 0.0, 1.0],
                [0.77979, 0.039685, 0.624783, -0.125006, -0.620171, -0.087385, 0.779584, -0.002831, 0.085534, -0.995384, -0.043531, -1.2e-05, 0.0, 0.0, 0.0, 1.0],
                [0.768624, 0.033926, 0.638801, -0.125006, -0.630626, -0.127417, 0.765556, -0.002831, 0.107366, -0.991269, -0.076541, -1.2e-05, 0.0, 0.0, 0.0, 1.0],
                [0.757354, 0.027448, 0.652427, -0.125006, -0.640005, -0.167159, 0.749967, -0.002831, 0.129645, -0.985547, -0.109032, -1.2e-05, 0.0, 0.0, 0.0, 1.0],
                [0.746013, 0.020269, 0.665623, -0.125006, -0.648281, -0.206499, 0.732864, -0.002831, 0.152305, -0.978236, -0.140911, -1.2e-05, 0.0, 0.0, 0.0, 1.0],
                [0.734632, 0.012411, 0.678353, -0.125006, -0.655433, -0.245323, 0.714299, -0.002831, 0.175281, -0.969361, -0.172088, -1.2e-05, 0.0, 0.0, 0.0, 1.0],
                [0.707318, 0.018199, 0.706661, -0.125006, -0.675004, -0.279487, 0.682829, -0.002831, 0.20993, -0.959976, -0.185402, -1.2e-05, 0.0, 0.0, 0.0, 1.0],
                [0.678717, 0.022593, 0.734052, -0.125006, -0.692381, -0.313559, 0.649838, -0.002831, 0.244851, -0.949299, -0.197175, -1.2e-05, 0.0, 0.0, 0.0, 1.0],
                [0.648944, 0.025569, 0.760406, -0.125006, -0.707481, -0.347395, 0.615457, -0.002831, 0.279898, -0.93737, -0.207351, -1.2e-05, 0.0, 0.0, 0.0, 1.0],
                [0.618125, 0.027113, 0.785612, -0.125006, -0.72024, -0.380852, 0.579833, -0.002831, 0.314923, -0.924238, -0.215886, -1.2e-05, 0.0, 0.0, 0.0, 1.0],
                [0.586392, 0.027226, 0.80957, -0.125006, -0.730615, -0.413791, 0.543119, -0.002831, 0.34978, -0.909964, -0.222752, -1.2e-05, 0.0, 0.0, 0.0, 1.0],
                [0.56505, 0.029877, 0.824516, -0.125006, -0.73705, -0.430822, 0.52072, -0.002831, 0.370777, -0.901942, -0.221415, -1.2e-05, 0.0, 0.0, 0.0, 1.0],
                [0.543276, 0.032037, 0.838943, -0.125006, -0.742626, -0.447771, 0.498004, -0.002831, 0.39161, -0.893574, -0.219472, -1.2e-05, 0.0, 0.0, 0.0, 1.0],
                [0.521103, 0.033703, 0.852828, -0.125006, -0.747332, -0.464614, 0.475003, -0.002831, 0.412246, -0.884871, -0.216924, -1.2e-05, 0.0, 0.0, 0.0, 1.0],
                [0.498563, 0.034872, 0.866152, -0.125006, -0.751164, -0.481323, 0.451753, -0.002831, 0.432653, -0.875849, -0.213776, -1.2e-05, 0.0, 0.0, 0.0, 1.0],
                [0.475692, 0.035542, 0.878894, -0.125006, -0.754114, -0.497875, 0.42829, -0.002831, 0.452802, -0.86652, -0.210032, -1.2e-05, 0.0, 0.0, 0.0, 1.0],
                [0.456753, 0.035811, 0.888873, -0.125006, -0.757781, -0.507735, 0.409846, -0.002831, 0.465989, -0.860769, -0.204773, -1.2e-05, 0.0, 0.0, 0.0, 1.0],
                [0.437598, 0.035835, 0.898457, -0.125006, -0.76096, -0.517539, 0.391271, -0.002831, 0.479008, -0.854909, -0.199205, -1.2e-05, 0.0, 0.0, 0.0, 1.0],
                [0.418244, 0.035615, 0.907637, -0.125006, -0.763648, -0.527279, 0.372583, -0.002831, 0.491848, -0.848945, -0.193334, -1.2e-05, 0.0, 0.0, 0.0, 1.0],
                [0.398708, 0.035149, 0.916405, -0.125006, -0.765842, -0.536948, 0.353796, -0.002831, 0.504498, -0.842882, -0.187166, -1.2e-05, 0.0, 0.0, 0.0, 1.0],
                [0.379006, 0.03444, 0.924753, -0.125006, -0.767541, -0.546537, 0.334928, -0.002831, 0.516948, -0.836726, -0.180707, -1.2e-05, 0.0, 0.0, 0.0, 1.0],
                [0.35931, 0.033393, 0.932621, -0.125006, -0.768303, -0.556682, 0.315936, -0.002831, 0.529724, -0.830054, -0.174366, -1.2e-05, 0.0, 0.0, 0.0, 1.0],
                [0.339462, 0.032088, 0.940073, -0.125006, -0.768559, -0.566731, 0.296872, -0.002831, 0.542295, -0.823277, -0.167722, -1.2e-05, 0.0, 0.0, 0.0, 1.0],
                [0.319478, 0.030525, 0.947102, -0.125006, -0.768308, -0.576676, 0.277754, -0.002831, 0.55465, -0.816402, -0.160783, -1.2e-05, 0.0, 0.0, 0.0, 1.0],
                [0.299377, 0.028709, 0.953703, -0.125006, -0.767552, -0.586508, 0.258598, -0.002831, 0.566779, -0.809434, -0.153551, -1.2e-05, 0.0, 0.0, 0.0, 1.0]
            ]
        },
        {
            "name": "Leg_L",
            "time": [0.0, 0.1667, 0.3333, 0.5, 0.6667, 0.8333, 1.0, 1.1667, 1.3333, 1.5, 1.6667, 1.8333, 1.8667, 1.9, 1.9333, 1.9667, 2.0, 2.0333, 2.0667, 2.1, 2.1333, 2.1667, 2.2, 2.2333, 2.2667, 2.3, 2.3333, 2.3667, 2.4, 2.4333, 2.4667, 2.5, 2.5333, 2.5667, 2.6, 2.6333, 2.6667, 2.7, 2.7333, 2.7667, 2.8],
            "transform": [
                [1.0, 0.0, 0.0, -0.0, -0.0, 0.862422, 0.50619, 0.37472, -0.0, -0.506189, 0.862423, -0.0, 0.0, 0.0, 0.0, 1.0],
                [1.0, -0.0, 0.0, -0.0, -0.0, -0.019798, 0.999804, 0.37472, -0.0, -0.999804, -0.019798, 0.0, 0.0, 0.0, 0.0, 1.0],
                [1.0, -0.0, 0.0, -0.0, -0.0, -0.128184, 0.991751, 0.37472, -0.0, -0.99175, -0.128184, 0.0, 0.0, 0.0, 0.0, 1.0],
                [1.0, -0.0, 0.0, -0.0, -0.0, -0.055939, 0.998435, 0.37472, -0.0, -0.998434, -0.05594, 0.0, 0.0, 0.0, 0.0, 1.0],
                [1.0, 0.0, 0.0, -0.0, -0.0, 0.553049, 0.833148, 0.37472, -0.0, -0.833148, 0.55305, -0.0, 0.0, 0.0, 0.0, 1.0],
                [1.0, 0.0, 0.0, 0.0, -0.0, 0.841409, 0.540399, 0.37472, -0.0, -0.540399, 0.841409, 0.0, 0.0, 0.0, 0.0, 1.0],
                [1.0, 0.0, 0.0, -0.0, -0.0, 0.487377, 0.873192, 0.37472, -0.0, -0.873192, 0.487377, -0.0, 0.0, 0.0, 0.0, 1.0],
                [1.0, 0.0, 0.0, 0.0, -0.0, 0.590436, 0.807085, 0.37472, -0.0, -0.807085, 0.590436, -0.0, 0.0, 0.0, 0.0, 1.0],
                [1.0, 0.0, 0.0, -0.0, -0.0, 0.774073, 0.633097, 0.37472, -0.0, -0.633096, 0.774073, 0.0, 0.0, 0.0, 0.0, 1.0],
                [1.0, 0.0, 0.0, -0.0, -0.0, 0.6315, 0.775376, 0.37472, -0.0, -0.775376, 0.631501, 0.0, 0.0, 0.0, 0.0, 1.0],
                [1.0, -0.0, 0.0, 0.0, -0.0, 0.009881, 0.999952, 0.37472, -0.0, -0.999951, 0.009881, -0.0, 0.0, 0.0, 0.0, 1.0],
                [1.0, -0.0, 0.0, 0.0, -0.0, -0.262035, 0.965059, 0.37472, -0.0, -0.965059, -0.262035, -0.0, 0.0, 0.0, 0.0, 1.0],
                [1.0, -0.0, 0.0, 0.0, -0.0, -0.163254, 0.986584, 0.37472, -0.0, -0.986584, -0.163254, 0.0, 0.0, 0.0, 0.0, 1.0],
                [1.0, -0.0, 0.0, -0.0, -0.0, -0.062018, 0.998076, 0.37472, -0.0, -0.998075, -0.062018, 0.0, 0.0, 0.0, 0.0, 1.0],
                [1.0, -0.0, 0.0, -0.0, -0.0, 0.04013, 0.999195, 0.37472, -0.0, -0.999194, 0.04013, 0.0, 0.0, 0.0, 0.0, 1.0],
                [1.0, -0.0, 0.0, -0.0, -0.0, 0.141594, 0.989925, 0.37472, -0.0, -0.989924, 0.141594, -0.0, 0.0, 0.0, 0.0, 1.0],
                [1.0, -0.0, 0.0, 0.0, -0.0, 0.240823, 0.97057, 0.37472, -0.0, -0.970569, 0.240823, 0.0, 0.0, 0.0, 0.0, 1.0],
                [1.0, -0.0, 0.0, 0.0, -0.0, 0.323325, 0.946289, 0.37472, -0.0, -0.946288, 0.323325, -0.0, 0.0, 0.0, 0.0, 1.0],
                [1.0, -0.0, 0.0, 0.0, -0.0, 0.403878, 0.914813, 0.37472, -0.0, -0.914813, 0.403878, -0.0, 0.0, 0.0, 0.0, 1.0],
                [1.0, 0.0, 0.0, 0.0, -0.0, 0.481553, 0.876418, 0.37472, -0.0, -0.876417, 0.481553, -0.0, 0.0, 0.0, 0.0, 1.0],
                [1.0, 0.0, 0.0, -0.0, -0.0, 0.555477, 0.831532, 0.37472, -0.0, -0.831532, 0.555477, -0.0, 0.0, 0.0, 0.0, 1.0],
                [1.0, 0.0, 0.0, -0.0, -0.0, 0.624869, 0.78073, 0.37472, -0.0, -0.780729, 0.624869, 0.0, 0.0, 0.0, 0.0, 1.0],
                [1.0, 0.0, 1e-06, 0.0, -0.0, 0.627472, 0.77864, 0.37472, -0.0, -0.778639, 0.627472, -0.0, 0.0, 0.0, 0.0, 1.0],
                [1.0, 0.0, 0.0, 0.0, -0.0, 0.630068, 0.77654, 0.37472, -0.0, -0.77654, 0.630069, 0.0, 0.0, 0.0, 0.0, 1.0],
                [1.0, 0.0, 1e-06, 0.0, -0.0, 0.632657, 0.774432, 0.37472, -0.0, -0.774432, 0.632658, -0.0, 0.0, 0.0, 0.0, 1.0],
                [1.0, 0.0, 0.0, -0.0, -0.0, 0.635239, 0.772316, 0.37472, -0.0, -0.772315, 0.635239, -0.0, 0.0, 0.0, 0.0, 1.0],
                [1.0, 0.0, 0.0, 0.0, -0.0, 0.637814, 0.77019, 0.37472, -0.0, -0.77019, 0.637814, -0.0, 0.0, 0.0, 0.0, 1.0],
                [1.0, 0.0, 1e-06, 0.0, -0.0, 0.641474, 0.767145, 0.37472, -0.0, -0.767145, 0.641475, 0.0, 0.0, 0.0, 0.0, 1.0],
                [1.0, 0.0, 0.0, 0.0, -0.0, 0.645121, 0.764081, 0.37472, -0.0, -0.764081, 0.645121, 0.0, 0.0, 0.0, 0.0, 1.0],
                [1.0, 0.0, 0.0, 0.0, -0.0, 0.648752, 0.761, 0.37472, -0.0, -0.761, 0.648752, -0.0, 0.0, 0.0, 0.0, 1.0],
                [1.0, 0.0, 0.0, -0.0, -1e-06, 0.652369, 0.757902, 0.37472, -0.0, -0.757902, 0.652369, 0.0, 0.0, 0.0, 0.0, 1.0],
                [1.0, 0.0, 0.0, -0.0, -0.0, 0.65597, 0.754787, 0.37472, -0.0, -0.754787, 0.65597, 0.0, 0.0, 0.0, 0.0, 1.0],
                [1.0, 0.0, 0.0, -0.0, -0.0, 0.654885, 0.755729, 0.37472, -0.0, -0.755728, 0.654885, 0.0, 0.0, 0.0, 0.0, 1.0],
                [1.0, 0.0, 1e-06, 0.0, -0.0, 0.653799, 0.756669, 0.37472, -0.0, -0.756669, 0.653799, -0.0, 0.0, 0.0, 0.0, 1.0],
                [1.0, 0.0, 0.0, 0.0, -0.0, 0.652711, 0.757607, 0.37472, -0.0, -0.757607, 0.652711, -0.0, 0.0, 0.0, 0.0, 1.0],
                [1.0, 0.0, 0.0, 0.0, -1e-06, 0.651622, 0.758544, 0.37472, -0.0, -0.758544, 0.651622, 0.0, 0.0, 0.0, 0.0, 1.0],
                [1.0, 0.0, 0.0, -0.0, -0.0, 0.650531, 0.75948, 0.37472, -0.0, -0.759479, 0.650532, 0.0, 0.0, 0.0, 0.0, 1.0],
                [1.0, 0.0, 0.0, -0.0, -0.0, 0.649817, 0.760091, 0.37472, -0.0, -0.760091, 0.649817, 0.0, 0.0, 0.0, 0.0, 1.0],
                [1.0, 0.0, 0.0, 0.0, -0.0, 0.649101, 0.760703, 0.37472, -0.0, -0.760703, 0.649101, -0.0, 0.0, 0.0, 0.0, 1.0],
                [1.0, 0.0, 1e-06, 0.0, -0.0, 0.648385, 0.761313, 0.37472, -0.0, -0.761313, 0.648385, 0.0, 0.0, 0.0, 0.0, 1.0],
                [1.0, 0.0, 1e-06, 0.0, -0.0, 0.647668, 0.761923, 0.37472, -0.0, -0.761923, 0.647668, 0.0, 0.0, 0.0, 0.0, 1.0]
            ]
        },
        {
            "name": "Knee_L",
            "time": [0.0, 0.1667, 0.3333, 0.5, 0.6667, 0.8333, 1.0, 1.1667, 1.3333, 1.5, 1.6667, 1.8333, 1.8667, 1.9, 1.9333, 1.9667, 2.0, 2.0333, 2.0667, 2.1, 2.1333, 2.1667, 2.2, 2.2333, 2.2667, 2.3, 2.3333, 2.3667, 2.4, 2.4333, 2.4667, 2.5, 2.5333, 2.5667, 2.6, 2.6333, 2.6667, 2.7, 2.7333, 2.7667, 2.8],
            "transform": [
                [1.0, 0.0, -0.0, 0.0, -0.0, 0.0, -1.0, 0.37472, -0.0, 1.0, 0.0, -0.0, 0.0, 0.0, 0.0, 1.0],
                [1.0, 0.0, -0.0, -0.0, -0.0, 0.0, -1.0, 0.37472, -0.0, 1.0, 0.0, 0.0, 0.0, 0.0, 0.0, 1.0],
                [1.0, 0.0, -0.0, -0.0, -0.0, 0.0, -1.0, 0.37472, -0.0, 1.0, 0.0, 0.0, 0.0, 0.0, 0.0, 1.0],
                [1.0, 0.0, -0.0, -0.0, -0.0, 0.0, -1.0, 0.37472, -0.0, 1.0, 0.0, 0.0, 0.0, 0.0, 0.0, 1.0],
                [1.0, 0.0, -1e-06, -0.0, -1e-06, 0.0, -1.0, 0.37472, -0.0, 1.0, 0.0, -0.0, 0.0, 0.0, 0.0, 1.0],
                [1.0, 0.0, -0.0, 0.0, -0.0, 0.0, -1.0, 0.37472, -0.0, 1.0, 0.0, 0.0, 0.0, 0.0, 0.0, 1.0],
                [1.0, 0.0, -0.0, -0.0, -0.0, 0.0, -1.0, 0.37472, -0.0, 1.0, 0.0, -0.0, 0.0, 0.0, 0.0, 1.0],
                [1.0, 0.0, -0.0, 0.0, -0.0, 0.0, -1.0, 0.37472, -0.0, 1.0, 0.0, -0.0, 0.0, 0.0, 0.0, 1.0],
                [1.0, 0.0, -0.0, -0.0, -0.0, 0.0, -1.0, 0.37472, -0.0, 1.0, 0.0, 0.0, 0.0, 0.0, 0.0, 1.0],
                [1.0, 0.0, -0.0, -0.0, -0.0, 0.0, -1.0, 0.37472, -0.0, 1.0, 0.0, 0.0, 0.0, 0.0, 0.0, 1.0],
                [1.0, 0.0, -0.0, 0.0, -0.0, 0.0, -1.0, 0.37472, -0.0, 1.0, 0.0, -0.0, 0.0, 0.0, 0.0, 1.0],
                [1.0, 0.0, -0.0, 0.0, -0.0, 0.0, -1.0, 0.37472, -0.0, 1.0, 0.0, -0.0, 0.0, 0.0, 0.0, 1.0],
                [1.0, 0.0, -0.0, 0.0, -0.0, 0.0, -1.0, 0.37472, -0.0, 1.0, 0.0, 0.0, 0.0, 0.0, 0.0, 1.0],
                [1.0, 0.0, -0.0, -0.0, -0.0, 0.0, -1.0, 0.37472, -0.0, 1.0, 0.0, 0.0, 0.0, 0.0, 0.0, 1.0],
                [1.0, 0.0, -0.0, -0.0, -0.0, 0.0, -1.0, 0.37472, -0.0, 1.0, 0.0, 0.0, 0.0, 0.0, 0.0, 1.0],
                [1.0, 0.0, -0.0, -0.0, -0.0, 0.0, -1.0, 0.37472, -0.0, 1.0, 0.0, -0.0, 0.0, 0.0, 0.0, 1.0],
                [1.0, 0.0, -0.0, 0.0, -0.0, 0.0, -1.0, 0.37472, -0.0, 1.0, 0.0, 0.0, 0.0, 0.0, 0.0, 1.0],
                [1.0, 0.0, -0.0, 0.0, -0.0, 0.0, -1.0, 0.37472, -0.0, 1.0, 0.0, -0.0, 0.0, 0.0, 0.0, 1.0],
                [1.0, 0.0, -0.0, 0.0, -0.0, 0.0, -1.0, 0.37472, -0.0, 1.0, 0.0, 0.0, 0.0, 0.0, 0.0, 1.0],
                [1.0, 0.0, -0.0, 0.0, -0.0, 0.0, -1.0, 0.37472, -0.0, 1.0, 0.0, -0.0, 0.0, 0.0, 0.0, 1.0],
                [1.0, 0.0, -0.0, -0.0, -0.0, 0.0, -1.0, 0.37472, -0.0, 1.0, 0.0, -0.0, 0.0, 0.0, 0.0, 1.0],
                [1.0, 0.0, -0.0, -0.0, -0.0, 0.0, -1.0, 0.37472, -0.0, 1.0, 0.0, 0.0, 0.0, 0.0, 0.0, 1.0],
                [1.0, 0.0, -0.0, 0.0, -0.0, 0.0, -1.0, 0.37472, -0.0, 1.0, 0.0, 0.0, 0.0, 0.0, 0.0, 1.0],
                [1.0, 0.0, -0.0, 0.0, -0.0, 0.0, -1.0, 0.37472, -0.0, 1.0, 0.0, 0.0, 0.0, 0.0, 0.0, 1.0],
                [1.0, 0.0, -0.0, 0.0, -0.0, 0.0, -1.0, 0.37472, -0.0, 1.0, 0.0, 0.0, 0.0, 0.0, 0.0, 1.0],
                [1.0, 0.0, -0.0, -0.0, -0.0, 0.0, -1.0, 0.37472, -0.0, 1.0, 0.0, 0.0, 0.0, 0.0, 0.0, 1.0],
                [1.0, 0.0, -0.0, 0.0, -0.0, 0.0, -1.0, 0.37472, -0.0, 1.0, 0.0, -0.0, 0.0, 0.0, 0.0, 1.0],
                [1.0, 0.0, -0.0, 0.0, -0.0, 0.0, -1.0, 0.37472, -0.0, 1.0, 0.0, 0.0, 0.0, 0.0, 0.0, 1.0],
                [1.0, 0.0, -0.0, 0.0, -1e-06, 0.0, -1.0, 0.37472, -0.0, 1.0, 0.0, 0.0, 0.0, 0.0, 0.0, 1.0],
                [1.0, 0.0, -0.0, 0.0, -1e-06, 0.0, -1.0, 0.37472, -0.0, 1.0, 0.0, -0.0, 0.0, 0.0, 0.0, 1.0],
                [1.0, 0.0, -1e-06, -0.0, -1e-06, 0.0, -1.0, 0.37472, -0.0, 1.0, 0.0, 0.0, 0.0, 0.0, 0.0, 1.0],
                [1.0, 0.0, -1e-06, 0.0, -1e-06, 0.0, -1.0, 0.37472, -0.0, 1.0, 0.0, 0.0, 0.0, 0.0, 0.0, 1.0],
                [1.0, 0.0, -0.0, -0.0, -1e-06, 0.0, -1.0, 0.37472, -0.0, 1.0, 0.0, 0.0, 0.0, 0.0, 0.0, 1.0],
                [1.0, 0.0, -0.0, 0.0, -1e-06, 0.0, -1.0, 0.37472, -0.0, 1.0, 0.0, -0.0, 0.0, 0.0, 0.0, 1.0],
                [1.0, 0.0, -0.0, 0.0, -1e-06, 0.0, -1.0, 0.37472, -0.0, 1.0, 0.0, -0.0, 0.0, 0.0, 0.0, 1.0],
                [1.0, 0.0, -0.0, 0.0, -0.0, 0.0, -1.0, 0.37472, -0.0, 1.0, 0.0, 0.0, 0.0, 0.0, 0.0, 1.0],
                [1.0, 0.0, -0.0, -0.0, -0.0, 0.0, -1.0, 0.37472, -0.0, 1.0, 0.0, 0.0, 0.0, 0.0, 0.0, 1.0],
                [1.0, 0.0, -0.0, -0.0, -0.0, 0.0, -1.0, 0.37472, -0.0, 1.0, 0.0, 0.0, 0.0, 0.0, 0.0, 1.0],
                [1.0, 0.0, -0.0, 0.0, -1e-06, 0.0, -1.0, 0.37472, -0.0, 1.0, 0.0, -0.0, 0.0, 0.0, 0.0, 1.0],
