{
    "animation": [
        {
            "name": "Root",
            "time": [0.0, 0.1, 0.1667, 0.3333, 0.5, 0.6667, 0.8333, 1.0, 1.1667, 1.3333],
            "transform": [
                [1.0, 0.0, 0.0, 0.011161, 0.0, -0.0, -1.0, 4.1e-05, 0.0, 1.0, -0.0, 0.529728, 0.0, 0.0, 0.0, 1.0],
                [1.0, 0.0, 0.0, 0.011161, 0.0, -0.0, -1.0, 0.15692, 0.0, 1.0, -0.0, 0.529728, 0.0, 0.0, 0.0, 1.0],
                [1.0, 0.0, 0.0, 0.011161, 0.0, -0.0, -1.0, 0.261505, 0.0, 1.0, -0.0, 0.529728, 0.0, 0.0, 0.0, 1.0],
                [1.0, 0.0, 0.0, 0.011161, 0.0, -0.0, -1.0, 0.471651, 0.0, 1.0, -0.0, 0.529728, 0.0, 0.0, 0.0, 1.0],
                [1.0, 0.0, 0.0, 0.01116, 0.0, -0.0, -1.0, 0.716454, 0.0, 1.0, -0.0, 0.529728, 0.0, 0.0, 0.0, 1.0],
                [1.0, 0.0, 0.0, 0.01116, 0.0, -0.0, -1.0, 1.080008, 0.0, 1.0, -0.0, 0.529728, 0.0, 0.0, 0.0, 1.0],
                [1.0, 0.0, 0.0, 0.01116, 0.0, -0.0, -1.0, 1.455619, 0.0, 1.0, -0.0, 0.529728, 0.0, 0.0, 0.0, 1.0],
                [1.0, 0.0, 0.0, 0.01116, 0.0, -0.0, -1.0, 1.767047, 0.0, 1.0, -0.0, 0.529728, 0.0, 0.0, 0.0, 1.0],
                [1.0, 0.0, 0.0, 0.01116, 0.0, -0.0, -1.0, 1.980293, 0.0, 1.0, -0.0, 0.529728, 0.0, 0.0, 0.0, 1.0],
                [1.0, 0.0, 0.0, 0.01116, 0.0, -0.0, -1.0, 2.034437, 0.0, 1.0, -0.0, 0.529728, 0.0, 0.0, 0.0, 1.0]
            ]
        },
        {
            "name": "Thigh_R",
            "time": [0.0, 0.1, 0.1667, 0.3333, 0.5, 0.6667, 0.8333, 1.0, 1.1667, 1.3333],
            "transform": [
                [0.10796, -0.597292, -0.794724, 0.090849, -0.371124, -0.76582, 0.525154, -0.031723, -0.922287, 0.238245, -0.304348, -0.128713, 0.0, 0.0, 0.0, 1.0],
                [0.194584, -0.623716, -0.757044, 0.030438, -0.371365, -0.761187, 0.531678, -0.02647, -0.907869, 0.177683, -0.379741, -0.154978, 0.0, 0.0, 0.0, 1.0],
                [0.251356, -0.637966, -0.727887, 0.061957, -0.371915, -0.757957, 0.535891, -0.031723, -0.893588, 0.136013, -0.427787, -0.1077, 0.0, 0.0, 0.0, 1.0],
                [-0.047374, -0.757671, -0.650915, 0.147057, 0.093723, -0.652143, 0.752279, -0.021742, -0.994471, -0.025367, 0.101906, -0.126086, 0.0, 0.0, 0.0, 1.0],
                [-0.444891, -0.57678, -0.685126, 0.074564, 0.4542, -0.804632, 0.38245, -0.005982, -0.771865, -0.141035, 0.619947, -0.09716, 0.0, 0.0, 0.0, 1.0],
                [-0.259026, -0.563086, -0.784755, 0.056704, 0.353953, -0.811301, 0.465304, -0.013337, -0.898679, -0.157241, 0.409454, -0.112953, 0.0, 0.0, 0.0, 1.0],
                [-0.186962, -0.666874, -0.721335, 0.056914, -0.015194, -0.732232, 0.680886, -0.033089, -0.98225, 0.13826, 0.126767, -0.13239, 0.0, 0.0, 0.0, 1.0],
                [-0.217568, -0.600209, -0.769684, -0.031548, -0.28583, -0.714822, 0.638224, -0.05221, -0.933256, 0.358855, -0.016035, -0.151038, 0.0, 0.0, 0.0, 1.0],
                [0.064765, -0.570957, -0.818421, 0.106083, -0.385123, -0.770905, 0.507332, -0.047482, -0.92059, 0.282336, -0.269817, -0.123459, 0.0, 0.0, 0.0, 1.0],
                [0.107969, -0.597289, -0.794725, 0.124994, -0.371128, -0.765822, 0.525147, -0.021742, -0.922284, 0.238245, -0.304356, -0.105915, 0.0, 0.0, 0.0, 1.0]
            ]
        },
        {
            "name": "Leg_R",
            "time": [0.0, 0.1, 0.1667, 0.3333, 0.5, 0.6667, 0.8333, 1.0, 1.1667, 1.3333],
            "transform": [
                [1.0, 0.0, 0.0, 0.0, -0.0, 0.594019, 0.804451, 0.37472, 0.0, -0.804451, 0.594019, 0.0, 0.0, 0.0, 0.0, 1.0],
                [1.0, 0.0, 0.0, 0.0, -0.0, 0.527898, 0.849307, 0.37472, 0.0, -0.849307, 0.527898, 0.0, 0.0, 0.0, 0.0, 1.0],
                [1.0, 0.0, 0.0, 0.0, -0.0, 0.481925, 0.876212, 0.37472, 0.0, -0.876212, 0.481925, -0.0, 0.0, 0.0, 0.0, 1.0],
                [1.0, 0.0, 0.0, -0.0, -0.0, 0.335659, 0.941983, 0.37472, 0.0, -0.941983, 0.335659, 0.0, 0.0, 0.0, 0.0, 1.0],
                [1.0, -0.0, 0.0, 0.0, -0.0, 0.483787, 0.875186, 0.37472, -0.0, -0.875186, 0.483787, 0.0, 0.0, 0.0, 0.0, 1.0],
                [1.0, 0.0, 0.0, -0.0, -0.0, 0.505083, 0.863071, 0.37472, 0.0, -0.863071, 0.505083, 0.0, 0.0, 0.0, 0.0, 1.0],
                [1.0, 0.0, 0.0, 0.0, -0.0, 0.304198, 0.952609, 0.37472, 0.0, -0.952609, 0.304198, 0.0, 0.0, 0.0, 0.0, 1.0],
                [1.0, 0.0, 0.0, -0.0, -0.0, 0.481801, 0.876281, 0.37472, 0.0, -0.876281, 0.4818, 0.0, 0.0, 0.0, 0.0, 1.0],
                [1.0, 0.0, -0.0, -0.0, -0.0, 0.589662, 0.80765, 0.37472, 0.0, -0.80765, 0.589662, -0.0, 0.0, 0.0, 0.0, 1.0],
                [1.0, 0.0, -0.0, -0.0, -0.0, 0.594019, 0.804451, 0.37472, 0.0, -0.804451, 0.594019, -0.0, 0.0, 0.0, 0.0, 1.0]
            ]
        },
        {
            "name": "Knee_R",
            "time": [0.0, 0.1, 0.1667, 0.3333, 0.5, 0.6667, 0.8333, 1.0, 1.1667, 1.3333],
            "transform": [
                [1.0, 0.0, -1e-06, 0.0, -0.0, 0.0, -1.0, 0.37472, -0.0, 1.0, 0.0, 0.0, 0.0, 0.0, 0.0, 1.0],
                [1.0, 0.0, -0.0, 0.0, -0.0, 0.0, -1.0, 0.37472, -0.0, 1.0, 0.0, 0.0, 0.0, 0.0, 0.0, 1.0],
                [1.0, 0.0, -0.0, 0.0, -0.0, 0.0, -1.0, 0.37472, -0.0, 1.0, 0.0, -0.0, 0.0, 0.0, 0.0, 1.0],
                [1.0, 0.0, -0.0, -0.0, -0.0, 0.0, -1.0, 0.37472, -0.0, 1.0, 0.0, 0.0, 0.0, 0.0, 0.0, 1.0],
                [1.0, 0.0, -0.0, 0.0, -0.0, 0.0, -1.0, 0.37472, -0.0, 1.0, 0.0, 0.0, 0.0, 0.0, 0.0, 1.0],
                [1.0, 0.0, -0.0, -0.0, -0.0, 0.0, -1.0, 0.37472, -0.0, 1.0, 0.0, 0.0, 0.0, 0.0, 0.0, 1.0],
                [1.0, 0.0, -0.0, 0.0, -0.0, 0.0, -1.0, 0.37472, -0.0, 1.0, 0.0, 0.0, 0.0, 0.0, 0.0, 1.0],
                [1.0, 0.0, -1e-06, -0.0, -0.0, 0.0, -1.0, 0.37472, -0.0, 1.0, 0.0, 0.0, 0.0, 0.0, 0.0, 1.0],
                [1.0, 0.0, -1e-06, -0.0, -0.0, 0.0, -1.0, 0.37472, -0.0, 1.0, 0.0, -0.0, 0.0, 0.0, 0.0, 1.0],
                [1.0, 0.0, -0.0, -0.0, -0.0, 0.0, -1.0, 0.37472, -0.0, 1.0, 0.0, -0.0, 0.0, 0.0, 0.0, 1.0]
            ]
        },
        {
            "name": "Thigh_L",
            "time": [0.0, 0.1, 0.1667, 0.3333, 0.5, 0.6667, 0.8333, 1.0, 1.1667, 1.3333],
            "transform": [
                [-0.69943, -0.305979, -0.645891, -0.009438, 0.180303, -0.950032, 0.254811, -0.015964, -0.691585, 0.061767, 0.71965, 0.11293, 0.0, 0.0, 0.0, 1.0],
                [-0.703348, -0.318583, -0.635458, 0.003695, 0.122529, -0.9349, 0.333087, -0.02647, -0.700206, 0.156414, 0.696596, 0.107677, 0.0, 0.0, 0.0, 1.0],
                [-0.706454, -0.326377, -0.628013, -0.006812, 0.083709, -0.919628, 0.383765, -0.031723, -0.702792, 0.218541, 0.676996, 0.089291, 0.0, 0.0, 0.0, 1.0],
                [-0.78039, -0.34537, -0.521259, -0.005236, -0.04021, -0.80418, 0.593024, -0.012286, -0.623999, 0.483749, 0.613687, 0.103999, 0.0, 0.0, 0.0, 1.0],
                [-0.716264, -0.34163, -0.608486, 0.077071, -0.234964, -0.702987, 0.671268, -0.005399, -0.657084, 0.623777, 0.423253, 0.007553, 0.0, 0.0, 0.0, 1.0],
                [-0.590072, -0.253437, -0.766541, -0.043583, -0.48713, -0.64539, 0.588367, -0.036976, -0.643833, 0.720583, 0.25737, 0.084038, 0.0, 0.0, 0.0, 1.0],
                [-0.621128, -0.414246, -0.665282, -0.034233, -0.219056, -0.723288, 0.654881, -0.038131, -0.752473, 0.552499, 0.358512, 0.112194, 0.0, 0.0, 0.0, 1.0],
                [-0.802151, -0.297125, -0.517948, -0.020995, 0.129778, -0.933425, 0.334477, -0.029534, -0.582847, 0.201083, 0.787309, 0.102861, 0.0, 0.0, 0.0, 1.0],
                [-0.760378, -0.280604, -0.585736, -0.034233, 0.144261, -0.952293, 0.268934, -0.05179, -0.633257, 0.119992, 0.764583, 0.110303, 0.0, 0.0, 0.0, 1.0],
                [-0.699698, -0.305825, -0.645673, 0.007372, 0.18017, -0.950071, 0.254759, -0.00283, -0.691348, 0.061924, 0.719863, 0.124801, 0.0, 0.0, 0.0, 1.0]
            ]
        },
        {
            "name": "Leg_L",
            "time": [0.0, 0.1, 0.1667, 0.3333, 0.5, 0.6667, 0.8333, 1.0, 1.1667, 1.3333],
            "transform": [
                [1.0, 0.0, 0.0, 0.0, -0.0, 0.446676, 0.894695, 0.37472, -0.0, -0.894696, 0.446676, 0.0, 0.0, 0.0, 0.0, 1.0],
                [1.0, 0.0, 0.0, 0.0, -0.0, 0.450098, 0.892979, 0.37472, -0.0, -0.892979, 0.450098, -0.0, 0.0, 0.0, 0.0, 1.0],
                [1.0, 0.0, 0.0, -0.0, -0.0, 0.452376, 0.891827, 0.37472, -0.0, -0.891827, 0.452376, -0.0, 0.0, 0.0, 0.0, 1.0],
                [1.0, -0.0, 0.0, 0.0, -0.0, 0.352715, 0.935731, 0.37472, -0.0, -0.93573, 0.352715, -0.0, 0.0, 0.0, 0.0, 1.0],
                [1.0, 0.0, 0.0, -0.0, -0.0, 0.424629, 0.905368, 0.37472, -0.0, -0.905367, 0.424629, 0.0, 0.0, 0.0, 0.0, 1.0],
                [1.0, 0.0, 0.0, -0.0, -0.0, 0.674448, 0.738322, 0.37472, -0.0, -0.738322, 0.674449, 0.0, 0.0, 0.0, 0.0, 1.0],
                [1.0, -0.0, 1e-06, -0.0, -1e-06, -0.023027, 0.999735, 0.37472, -0.0, -0.999735, -0.023027, -0.0, 0.0, 0.0, 0.0, 1.0],
                [1.0, -0.0, 0.0, -0.0, -0.0, 0.165799, 0.98616, 0.37472, -0.0, -0.986159, 0.165799, -0.0, 0.0, 0.0, 0.0, 1.0],
                [1.0, -0.0, 0.0, 0.0, -0.0, 0.393108, 0.919492, 0.37472, -0.0, -0.919492, 0.393108, 0.0, 0.0, 0.0, 0.0, 1.0],
                [1.0, 0.0, 1e-06, 0.0, -1e-06, 0.446676, 0.894696, 0.37472, -0.0, -0.894696, 0.446676, -0.0, 0.0, 0.0, 0.0, 1.0]
            ]
        },
        {
            "name": "Knee_L",
            "time": [0.0, 0.1, 0.1667, 0.3333, 0.5, 0.6667, 0.8333, 1.0, 1.1667, 1.3333],
            "transform": [
                [1.0, 0.0, -0.0, 0.0, -0.0, 0.0, -1.0, 0.37472, -0.0, 1.0, 0.0, 0.0, 0.0, 0.0, 0.0, 1.0],
                [1.0, 0.0, -0.0, 0.0, -0.0, 0.0, -1.0, 0.37472, -0.0, 1.0, 0.0, -0.0, 0.0, 0.0, 0.0, 1.0],
                [1.0, 0.0, -0.0, -0.0, -0.0, 0.0, -1.0, 0.37472, -0.0, 1.0, 0.0, -0.0, 0.0, 0.0, 0.0, 1.0],
                [1.0, 0.0, -0.0, 0.0, -0.0, 0.0, -1.0, 0.37472, -0.0, 1.0, 0.0, -0.0, 0.0, 0.0, 0.0, 1.0],
                [1.0, 0.0, -0.0, -0.0, -0.0, 0.0, -1.0, 0.37472, -0.0, 1.0, 0.0, 0.0, 0.0, 0.0, 0.0, 1.0],
                [1.0, 0.0, -1e-06, -0.0, -1e-06, 0.0, -1.0, 0.37472, -0.0, 1.0, 0.0, 0.0, 0.0, 0.0, 0.0, 1.0],
                [1.0, 0.0, -1e-06, -0.0, -0.0, 0.0, -1.0, 0.37472, -0.0, 1.0, 0.0, -0.0, 0.0, 0.0, 0.0, 1.0],
                [1.0, 0.0, -0.0, -0.0, -0.0, 0.0, -1.0, 0.37472, -0.0, 1.0, 0.0, -0.0, 0.0, 0.0, 0.0, 1.0],
                [1.0, 0.0, -0.0, 0.0, -0.0, 0.0, -1.0, 0.37472, -0.0, 1.0, 0.0, 0.0, 0.0, 0.0, 0.0, 1.0],
                [1.0, 0.0, -0.0, 0.0, -0.0, 0.0, -1.0, 0.37472, -0.0, 1.0, 0.0, -0.0, 0.0, 0.0, 0.0, 1.0]
            ]
        },
        {
            "name": "Torso",
            "time": [0.0, 0.1, 0.1667, 0.3333, 0.5, 0.6667, 0.8333, 1.0, 1.1667, 1.3333],
            "transform": [
                [-0.358939, 0.012169, 0.933282, 0.0, -0.014785, 0.999715, -0.018722, 0.05, -0.933244, -0.020518, -0.358657, 0.0, 0.0, 0.0, 0.0, 1.0],
                [-0.372662, -0.002199, 0.927965, 0.0, -0.008804, 0.99996, -0.001166, 0.05, -0.927925, -0.008604, -0.372667, 0.0, 0.0, 0.0, 0.0, 1.0],
                [-0.381812, -0.01168, 0.924166, 0.0, -0.004961, 0.999931, 0.010588, 0.05, -0.924226, -0.000542, -0.381844, 0.0, 0.0, 0.0, 0.0, 1.0],
                [-0.484937, -0.014767, 0.874425, 0.0, -0.007953, 0.99989, 0.012475, 0.05, -0.874513, -0.000905, -0.485002, 0.0, 0.0, 0.0, 0.0, 1.0],
                [-0.426383, 0.000651, 0.904543, -0.0, -0.020856, 0.999727, -0.010551, 0.05, -0.904302, -0.023364, -0.426253, -0.0, 0.0, 0.0, 0.0, 1.0],
                [-0.36257, 0.000828, 0.931956, 0.0, -0.038481, 0.999134, -0.015859, 0.05, -0.931162, -0.041612, -0.362224, -0.0, 0.0, 0.0, 0.0, 1.0],
                [-0.310321, 0.036073, 0.949947, 0.0, -0.051668, 0.997163, -0.054744, 0.05, -0.949227, -0.06607, -0.307577, -0.0, 0.0, 0.0, 0.0, 1.0],
                [-0.411533, 0.019083, 0.911195, 0.0, -0.045935, 0.998076, -0.041649, 0.05, -0.910237, -0.058996, -0.409864, -0.0, 0.0, 0.0, 0.0, 1.0],
                [-0.402033, 0.010021, 0.91557, 0.0, -0.024021, 0.99948, -0.021487, 0.05, -0.91531, -0.030631, -0.401584, -0.0, 0.0, 0.0, 0.0, 1.0],
                [-0.358939, 0.012169, 0.933282, 0.0, -0.014785, 0.999715, -0.018722, 0.05, -0.933244, -0.020518, -0.358657, -0.0, 0.0, 0.0, 0.0, 1.0]
            ]
        },
        {
            "name": "Chest",
            "time": [0.0, 0.1, 0.1667, 0.3333, 0.5, 0.6667, 0.8333, 1.0, 1.1667, 1.3333],
            "transform": [
                [0.947874, 0.094289, -0.304375, 0.0, 0.001659, 0.953744, 0.300616, 0.3, 0.318641, -0.285451, 0.903873, 0.0, 0.0, 0.0, 0.0, 1.0],
                [0.973317, 0.066857, -0.21951, -0.0, 0.002563, 0.953387, 0.301741, 0.3, 0.229452, -0.294252, 0.927776, 0.0, 0.0, 0.0, 0.0, 1.0],
                [0.985635, 0.048171, -0.161872, -0.0, 0.003103, 0.953134, 0.302532, 0.3, 0.168859, -0.298689, 0.939293, -0.0, 0.0, 0.0, 0.0, 1.0],
                [0.947493, 0.053213, -0.315318, 0.0, 0.045537, 0.953556, 0.297755, 0.3, 0.316517, -0.296479, 0.901064, -0.0, 0.0, 0.0, 0.0, 1.0],
                [0.919009, 0.045878, -0.391557, 0.0, 0.072449, 0.956637, 0.28213, 0.3, 0.387521, -0.287648, 0.875834, 0.0, 0.0, 0.0, 0.0, 1.0],
                [0.979388, 0.002722, -0.20197, 0.0, 0.051042, 0.964122, 0.260505, 0.3, 0.195432, -0.265444, 0.944111, -0.0, 0.0, 0.0, 0.0, 1.0],
                [0.964013, 0.035442, -0.263481, -0.0, 0.03941, 0.961073, 0.273469, 0.3, 0.262917, -0.274012, 0.92509, -0.0, 0.0, 0.0, 0.0, 1.0],
                [0.954859, 0.08259, -0.285347, -0.0, -0.002714, 0.962959, 0.269634, 0.3, 0.297047, -0.256688, 0.919714, -0.0, 0.0, 0.0, 0.0, 1.0],
                [0.962914, 0.087948, -0.255074, -0.0, -0.01176, 0.958165, 0.285975, 0.3, 0.269554, -0.272369, 0.923664, -0.0, 0.0, 0.0, 0.0, 1.0],
                [0.947874, 0.094289, -0.304375, -0.0, 0.001659, 0.953744, 0.300616, 0.3, 0.318641, -0.285451, 0.903873, -0.0, 0.0, 0.0, 0.0, 1.0]
            ]
        },
        {
            "name": "Head",
            "time": [0.0, 0.1, 0.1667, 0.3333, 0.5, 0.6667, 0.8333, 1.0, 1.1667, 1.3333],
            "transform": [
                [0.682569, -0.042127, -0.729607, 0.0, -0.071708, 0.989659, -0.124227, 0.4, 0.727295, 0.137113, 0.672489, -0.0, 0.0, 0.0, 0.0, 1.0],
                [0.608933, -0.029227, -0.792683, 0.0, -0.092394, 0.989905, -0.107476, 0.4, 0.787822, 0.138685, 0.600085, -0.0, 0.0, 0.0, 0.0, 1.0],
                [0.556538, -0.020735, -0.830563, 0.0, -0.105237, 0.989877, -0.095229, 0.4, 0.82413, 0.140405, 0.548723, -0.0, 0.0, 0.0, 0.0, 1.0],
                [0.621235, -0.019671, -0.783377, 0.0, -0.098102, 0.989868, -0.102653, 0.4, 0.777459, 0.140623, 0.613011, -0.0, 0.0, 0.0, 0.0, 1.0],
                [0.738953, -0.04452, -0.672285, 0.0, -0.052665, 0.990945, -0.123509, 0.4, 0.671696, 0.126673, 0.729917, -0.0, 0.0, 0.0, 0.0, 1.0],
                [0.624632, -0.034866, -0.780141, 0.0, -0.032607, 0.996967, -0.070664, 0.4, 0.780239, 0.069577, 0.6216, 0.0, 0.0, 0.0, 0.0, 1.0],
                [0.664123, -0.016203, -0.747448, -0.0, -0.029207, 0.99844, -0.047595, 0.4, 0.747053, 0.05344, 0.662613, -0.0, 0.0, 0.0, 0.0, 1.0],
                [0.568484, 0.019873, -0.822455, -0.0, -0.053588, 0.998479, -0.012914, 0.4, 0.820948, 0.051415, 0.568684, -0.0, 0.0, 0.0, 0.0, 1.0],
                [0.590465, -0.014131, -0.80694, 0.0, -0.072649, 0.994857, -0.070581, 0.4, 0.803787, 0.100299, 0.586401, 0.0, 0.0, 0.0, 0.0, 1.0],
                [0.682569, -0.042127, -0.729606, -0.0, -0.071708, 0.989659, -0.124227, 0.4, 0.727295, 0.137113, 0.672489, -0.0, 0.0, 0.0, 0.0, 1.0]
            ]
        },
        {
            "name": "Shoulder_R",
            "time": [0.0, 0.1, 0.1667, 0.3333, 0.5, 0.6667, 0.8333, 1.0, 1.1667, 1.3333],
            "transform": [
                [0.194149, 0.967651, -0.161116, 0.0, 0.851373, -0.2478, -0.462342, 0.4, -0.487311, -0.047407, -0.87194, -0.0, 0.0, 0.0, 0.0, 1.0],
                [0.320657, 0.945065, -0.063486, 0.0, 0.904753, -0.325438, -0.274797, 0.4, -0.280363, 0.030676, -0.959403, -0.0, 0.0, 0.0, 0.0, 1.0],
                [0.38156, 0.922895, -0.05174, 0.0, 0.911925, -0.384988, -0.142051, 0.4, -0.151018, 0.007018, -0.988505, -0.0, 0.0, 0.0, 0.0, 1.0],
                [0.539304, 0.835484, -0.105438, 0.0, 0.760021, -0.536821, -0.366323, 0.4, -0.362659, 0.117425, -0.924494, -0.0, 0.0, 0.0, 0.0, 1.0],
                [0.38047, 0.913822, -0.142028, 0.0, 0.897659, -0.401855, -0.180894, 0.4, -0.22238, -0.058668, -0.973192, -0.0, 0.0, 0.0, 0.0, 1.0],
                [0.357074, 0.923377, -0.140974, 0.0, 0.886253, -0.382584, -0.261125, 0.4, -0.295051, -0.031697, -0.954955, 0.0, 0.0, 0.0, 0.0, 1.0],
                [0.305918, 0.931932, -0.194722, -0.0, 0.892342, -0.351964, -0.282574, 0.4, -0.331876, -0.087314, -0.939272, -0.0, 0.0, 0.0, 0.0, 1.0],
                [0.341958, 0.891659, -0.296662, -0.0, 0.845199, -0.42982, -0.317638, 0.4, -0.410736, -0.142119, -0.900609, -0.0, 0.0, 0.0, 0.0, 1.0],
                [0.384463, 0.887006, -0.255752, 0.0, 0.840064, -0.45103, -0.301439, 0.4, -0.382731, -0.098955, -0.918544, 0.0, 0.0, 0.0, 0.0, 1.0],
                [0.425604, 0.863198, -0.271571, -0.0, 0.806002, -0.498038, -0.319875, 0.4, -0.411369, -0.082747, -0.907704, -0.0, 0.0, 0.0, 0.0, 1.0]
            ]
        },
        {
            "name": "Arm_R",
            "time": [0.0, 0.1, 0.1667, 0.3333, 0.5, 0.6667, 0.8333, 1.0, 1.1667, 1.3333],
            "transform": [
                [0.326944, -0.422672, 0.845256, -0.0, 0.542458, 0.816322, 0.198383, 0.39386, -0.773852, 0.393655, 0.496175, 0.0, 0.0, 0.0, 0.0, 1.0],
                [0.519792, -0.454793, 0.723173, 0.0, 0.613789, 0.78761, 0.054147, 0.393861, -0.594205, 0.415729, 0.688542, -0.0, 0.0, 0.0, 0.0, 1.0],
                [0.626063, -0.479448, 0.61496, 0.0, 0.637947, 0.768431, -0.050363, 0.393861, -0.448408, 0.423841, 0.78695, 0.0, 0.0, 0.0, 0.0, 1.0],
                [0.719134, -0.331325, 0.610796, 0.0, 0.667147, 0.575029, -0.473557, 0.39386, -0.194324, 0.748039, 0.634567, 0.0, 0.0, 0.0, 0.0, 1.0],
                [0.533835, -0.702593, 0.470513, 0.0, 0.81619, 0.573584, -0.069529, 0.39386, -0.221028, 0.421145, 0.879651, -0.0, 0.0, 0.0, 0.0, 1.0],
                [0.421374, -0.836284, 0.350817, 0.0, 0.832711, 0.510012, 0.215591, 0.39386, -0.359216, 0.201284, 0.911291, 0.0, 0.0, 0.0, 0.0, 1.0],
                [0.536545, -0.5806, 0.612393, -0.0, 0.70827, 0.704358, 0.047245, 0.393861, -0.458774, 0.40839, 0.789142, 0.0, 0.0, 0.0, 0.0, 1.0],
                [0.471954, -0.478452, 0.740503, -0.0, 0.693227, 0.720332, 0.023597, 0.39386, -0.544698, 0.502199, 0.671641, 0.0, 0.0, 0.0, 0.0, 1.0],
                [0.753124, -0.420731, 0.505757, -0.0, 0.467733, 0.883048, 0.038093, 0.393861, -0.462635, 0.207871, 0.861835, -0.0, 0.0, 0.0, 0.0, 1.0],
                [0.30636, -0.492895, 0.81437, -0.0, 0.518689, 0.803784, 0.291362, 0.39386, -0.798189, 0.333142, 0.501908, -0.0, 0.0, 0.0, 0.0, 1.0]
            ]
        },
        {
            "name": "Hand_R",
            "time": [0.0, 0.1, 0.1667, 0.3333, 0.5, 0.6667, 0.8333, 1.0, 1.1667, 1.3333],
            "transform": [
                [1.0, 0.0, 1e-06, 0.0, 1e-06, -0.031334, -0.999512, 0.3, -0.0, 0.999507, -0.031334, -0.0, 0.0, 0.0, 0.0, 1.0],
                [1.0, 0.0, 1e-06, 0.0, 1e-06, -0.209263, -0.977862, 0.3, -0.0, 0.977857, -0.209264, 0.0, 0.0, 0.0, 0.0, 1.0],
                [1.0, 0.0, 1e-06, -0.0, 1e-06, -0.324409, -0.945919, 0.3, -0.0, 0.945915, -0.32441, -0.0, 0.0, 0.0, 0.0, 1.0],
                [1.0, 0.0, 1e-06, -0.0, 1e-06, -0.177672, -0.984092, 0.3, 0.0, 0.984088, -0.177673, 0.0, 0.0, 0.0, 0.0, 1.0],
                [1.0, 0.0, 1e-06, -0.0, 1e-06, 0.020165, -0.999798, 0.3, -0.0, 0.999795, 0.020165, -0.0, 0.0, 0.0, 0.0, 1.0],
                [1.0, 0.0, 1e-06, 0.0, 1e-06, -0.188658, -0.982045, 0.3, -0.0, 0.982042, -0.188658, -0.0, 0.0, 0.0, 0.0, 1.0],
                [1.0, 0.0, 1e-06, -0.0, 1e-06, -0.012921, -0.999918, 0.3, -0.0, 0.999915, -0.012921, -0.0, 0.0, 0.0, 0.0, 1.0],
                [1.0, 0.0, 1e-06, -0.0, 1e-06, -0.160779, -0.986992, 0.3, -0.0, 0.986989, -0.160779, 0.0, 0.0, 0.0, 0.0, 1.0],
                [1.0, 0.0, 1e-06, 0.0, 1e-06, -0.188375, -0.982098, 0.3, -0.0, 0.982096, -0.188376, 0.0, 0.0, 0.0, 0.0, 1.0],
                [0.999999, 0.0, 1e-06, -0.0, 1e-06, -0.031334, -0.999512, 0.3, -0.0, 0.999507, -0.031334, -0.0, 0.0, 0.0, 0.0, 1.0]
            ]
        },
        {
            "name": "Tool_R",
            "time": [0.0, 0.1, 0.1667, 0.3333, 0.5, 0.6667, 0.8333, 1.0, 1.1667, 1.3333],
            "transform": [
                [-0.160058, 0.739458, -0.653898, -0.0, -0.977518, -0.21085, 0.000831, 0.272858, -0.13726, 0.639327, 0.756586, 0.0, 0.0, 0.0, 0.0, 1.0],
                [-0.192236, 0.424525, -0.884775, 0.0, -0.966559, -0.237841, 0.095887, 0.272858, -0.169729, 0.873616, 0.456052, 0.0, 0.0, 0.0, 0.0, 1.0],
                [-0.095171, 0.331378, -0.938688, 0.0, -0.96168, -0.274174, 0.000711, 0.272858, -0.257128, 0.90278, 0.344775, 0.0, 0.0, 0.0, 0.0, 1.0],
                [-0.11885, 0.345575, -0.930836, -0.0, -0.973308, -0.225915, 0.040401, 0.272858, -0.196329, 0.910788, 0.363203, -0.0, 0.0, 0.0, 0.0, 1.0],
                [-0.229577, 0.483775, -0.844546, 0.0, -0.874065, -0.484179, -0.039749, 0.272858, -0.428141, 0.729059, 0.53401, -0.0, 0.0, 0.0, 0.0, 1.0],
                [-0.278352, 0.332374, -0.901139, 0.0, -0.947088, -0.251097, 0.199932, 0.272858, -0.159821, 0.909106, 0.384682, 0.0, 0.0, 0.0, 0.0, 1.0],
                [-0.105497, 0.159827, -0.981493, 0.0, -0.946852, -0.317755, 0.05003, 0.272858, -0.303878, 0.934603, 0.184856, 0.0, 0.0, 0.0, 0.0, 1.0],
                [0.282293, 0.438662, -0.853164, -0.0, -0.943286, -0.035036, -0.330128, 0.272858, -0.174705, 0.897967, 0.403895, 0.0, 0.0, 0.0, 0.0, 1.0],
                [-0.294681, 0.792044, -0.534629, 1e-06, -0.946883, -0.166644, 0.27503, 0.272858, 0.128744, 0.587276, 0.799082, -0.0, 0.0, 0.0, 0.0, 1.0],
                [-0.003168, 0.561099, -0.827744, 1e-06, -0.948466, -0.263968, -0.175306, 0.272858, -0.316862, 0.784528, 0.533023, 0.0, 0.0, 0.0, 0.0, 1.0]
            ]
        },
        {
            "name": "Elbow_R",
            "time": [0.0, 0.1, 0.1667, 0.3333, 0.5, 0.6667, 0.8333, 1.0, 1.1667, 1.3333],
            "transform": [
                [-1.0, 0.0, -0.0, 0.0, 0.0, 0.0, -1.0, 0.3, -0.0, -1.0, -0.0, -0.0, 0.0, 0.0, 0.0, 1.0],
                [-1.0, 0.0, -0.0, 0.0, 0.0, 0.0, -1.0, 0.3, -0.0, -1.0, -0.0, 0.0, 0.0, 0.0, 0.0, 1.0],
                [-1.0, 0.0, 0.0, -0.0, 0.0, 0.0, -1.0, 0.3, -0.0, -1.0, -0.0, -0.0, 0.0, 0.0, 0.0, 1.0],
                [-1.0, 0.0, -0.0, -0.0, 0.0, 0.0, -1.0, 0.3, -0.0, -1.0, -0.0, 0.0, 0.0, 0.0, 0.0, 1.0],
                [-1.0, 0.0, -0.0, -0.0, 0.0, 0.0, -1.0, 0.3, -0.0, -1.0, -0.0, -0.0, 0.0, 0.0, 0.0, 1.0],
                [-1.0, 0.0, -0.0, 0.0, 0.0, 0.0, -1.0, 0.3, -0.0, -1.0, -0.0, -0.0, 0.0, 0.0, 0.0, 1.0],
                [-1.0, 0.0, -0.0, -0.0, 0.0, 0.0, -1.0, 0.3, -0.0, -1.0, -0.0, -0.0, 0.0, 0.0, 0.0, 1.0],
                [-1.0, 0.0, -0.0, -0.0, 0.0, -0.0, -1.0, 0.3, -0.0, -1.0, -0.0, 0.0, 0.0, 0.0, 0.0, 1.0],
                [-1.0, 0.0, -0.0, 0.0, 0.0, 0.0, -1.0, 0.3, -0.0, -1.0, -0.0, 0.0, 0.0, 0.0, 0.0, 1.0],
                [-1.0, 0.0, -0.0, -0.0, 0.0, 0.0, -1.0, 0.3, -0.0, -1.0, 0.0, -0.0, 0.0, 0.0, 0.0, 1.0]
            ]
        },
        {
            "name": "Shoulder_L",
            "time": [0.0, 0.1, 0.1667, 0.3333, 0.5, 0.6667, 0.8333, 1.0, 1.1667, 1.3333],
            "transform": [
                [0.244577, -0.96714, 0.069437, 0.0, -0.953814, -0.252851, -0.162195, 0.4, 0.174423, -0.026561, -0.984311, -0.0, 0.0, 0.0, 0.0, 1.0],
                [0.376683, -0.912341, 0.16045, 0.0, -0.902011, -0.400683, -0.160721, 0.4, 0.210923, -0.084187, -0.973869, -0.0, 0.0, 0.0, 0.0, 1.0],
                [0.459347, -0.87528, 0.151281, 0.0, -0.856361, -0.481612, -0.186275, 0.4, 0.235902, -0.043986, -0.97078, -0.0, 0.0, 0.0, 0.0, 1.0],
                [0.393234, -0.857763, -0.331073, 0.0, -0.872162, -0.461972, 0.16099, 0.4, -0.291038, 0.225443, -0.929769, -0.0, 0.0, 0.0, 0.0, 1.0],
                [0.293718, -0.939836, -0.174465, 0.0, -0.814495, -0.341598, 0.468945, 0.4, -0.50033, 0.004364, -0.865823, -0.0, 0.0, 0.0, 0.0, 1.0],
                [0.199397, -0.964908, 0.170856, 0.0, -0.973956, -0.17594, 0.143029, 0.4, -0.10795, -0.194926, -0.974858, 0.0, 0.0, 0.0, 0.0, 1.0],
                [0.453177, -0.810552, 0.370993, -0.0, -0.860391, -0.288867, 0.419862, 0.4, -0.233153, -0.509471, -0.828298, -0.0, 0.0, 0.0, 0.0, 1.0],
                [0.593013, -0.748788, -0.296061, -0.0, -0.778061, -0.627535, 0.028682, 0.4, -0.207266, 0.213344, -0.954737, -0.0, 0.0, 0.0, 0.0, 1.0],
                [0.419181, -0.889138, 0.183633, 0.0, -0.891763, -0.441188, -0.100566, 0.4, 0.170434, -0.121602, -0.977836, 0.0, 0.0, 0.0, 0.0, 1.0],
                [0.429243, -0.847432, 0.312425, -0.0, -0.902182, -0.38595, 0.192646, 0.4, -0.042674, -0.364556, -0.930202, -0.0, 0.0, 0.0, 0.0, 1.0]
            ]
        },
        {
            "name": "Arm_L",
            "time": [0.0, 0.1, 0.1667, 0.3333, 0.5, 0.6667, 0.8333, 1.0, 1.1667, 1.3333],
            "transform": [
                [0.728285, -0.548794, 0.410397, 0.0, 0.556423, 0.124009, -0.821594, 0.39386, 0.399993, 0.826708, 0.395675, 0.0, 0.0, 0.0, 0.0, 1.0],
                [0.92966, -0.245881, 0.274364, 0.0, 0.348255, 0.343497, -0.872198, 0.39386, 0.120214, 0.906395, 0.404965, 0.0, 0.0, 0.0, 0.0, 1.0],
                [0.92799, 0.059778, -0.367779, -0.0, -0.291098, 0.732445, -0.615456, 0.39386, 0.232587, 0.678196, 0.697103, -0.0, 0.0, 0.0, 0.0, 1.0],
                [0.728496, -0.458105, 0.509346, -0.0, 0.576479, 0.811624, -0.094538, 0.39386, -0.370089, 0.362497, 0.855354, -0.0, 0.0, 0.0, 0.0, 1.0],
                [0.612543, -0.608715, 0.504239, 0.0, 0.737924, 0.669018, -0.088782, 0.393861, -0.283302, 0.426473, 0.858989, -0.0, 0.0, 0.0, 0.0, 1.0],
                [0.875505, 0.054755, 0.480097, -0.0, 0.388645, 0.510602, -0.766968, 0.39386, -0.287134, 0.858071, 0.425755, -0.0, 0.0, 0.0, 0.0, 1.0],
                [0.433236, 0.367586, 0.822914, 0.0, 0.192394, 0.854285, -0.482888, 0.39386, -0.880506, 0.367527, 0.299386, 0.0, 0.0, 0.0, 0.0, 1.0],
                [0.761443, -0.572058, 0.304882, 0.0, 0.564367, 0.816408, 0.122343, 0.39386, -0.318896, 0.078908, 0.9445, 0.0, 0.0, 0.0, 0.0, 1.0],
                [0.33071, -0.909779, 0.250863, -0.0, 0.781488, 0.114982, -0.613234, 0.39386, 0.529063, 0.398848, 0.749007, 0.0, 0.0, 0.0, 0.0, 1.0],
                [0.709571, -0.441773, 0.54895, -0.0, 0.663986, 0.679981, -0.311043, 0.39386, -0.235865, 0.585201, 0.775827, 0.0, 0.0, 0.0, 0.0, 1.0]
            ]
        },
        {
            "name": "Hand_L",
            "time": [0.0, 0.1, 0.1667, 0.3333, 0.5, 0.6667, 0.8333, 1.0, 1.1667, 1.3333],
            "transform": [
                [1.000001, 0.0, -2e-06, 0.0, -1e-06, 0.750465, -0.660909, 0.3, 1e-06, 0.66091, 0.750465, -0.0, 0.0, 0.0, 0.0, 1.0],
                [0.99707, 0.073765, 0.020343, 0.0, -0.04752, 0.805286, -0.590978, 0.3, -0.059975, 0.588278, 0.806431, -0.0, 0.0, 0.0, 0.0, 1.0],
                [0.99189, 0.127114, -2e-06, -0.0, -0.074404, 0.580567, -0.810805, 0.3, -0.103063, 0.804228, 0.585316, 0.0, 0.0, 0.0, 0.0, 1.0],
                [1.000001, -0.0, -1e-06, -0.0, -1e-06, 0.198275, -0.980145, 0.3, 1e-06, 0.980146, 0.198275, 0.0, 0.0, 0.0, 0.0, 1.0],
                [1.000001, -1e-06, -2e-06, 0.0, -2e-06, 0.164617, -0.986357, 0.3, 1e-06, 0.986357, 0.164617, 0.0, 0.0, 0.0, 0.0, 1.0],
                [1.0, 1e-06, -1e-06, -0.0, -1e-06, 0.786039, -0.618177, 0.3, 0.0, 0.618176, 0.786039, -0.0, 0.0, 0.0, 0.0, 1.0],
                [1.000001, 0.0, -1e-06, -0.0, -1e-06, 0.631396, -0.77546, 0.3, 1e-06, 0.77546, 0.631396, -0.0, 0.0, 0.0, 0.0, 1.0],
                [1.000001, 0.0, -2e-06, 0.0, -2e-06, 0.175637, -0.984455, 0.3, 0.0, 0.984454, 0.175637, 0.0, 0.0, 0.0, 0.0, 1.0],
                [0.999514, 0.031198, 0.00018, 0.0, -0.002966, 0.100764, -0.994906, 0.3, -0.031057, 0.994421, 0.100807, -0.0, 0.0, 0.0, 0.0, 1.0],
                [1.000001, 0.0, -1e-06, 0.0, -1e-06, 0.600826, -0.79938, 0.3, 0.0, 0.799379, 0.600826, -0.0, 0.0, 0.0, 0.0, 1.0]
            ]
        },
        {
            "name": "Tool_L",
            "time": [0.0, 0.1, 0.1667, 0.3333, 0.5, 0.6667, 0.8333, 1.0, 1.1667, 1.3333],
            "transform": [
                [-0.429368, 0.152774, -0.890112, -0.0, 0.060607, -0.978492, -0.197177, 0.272858, -0.901097, -0.138609, 0.410872, -0.0, 0.0, 0.0, 0.0, 1.0],
                [-0.562568, 0.095138, -0.821257, -0.0, 0.142402, -0.96736, -0.209608, 0.272858, -0.814398, -0.234868, 0.530655, 0.0, 0.0, 0.0, 0.0, 1.0],
                [-0.641491, 0.048888, -0.76557, 0.0, 0.194676, -0.954924, -0.224101, 0.272858, -0.742022, -0.292797, 0.603055, 0.0, 0.0, 0.0, 0.0, 1.0],
                [-0.262114, 0.280208, -0.923457, -0.0, 0.271661, -0.896796, -0.349222, 0.272858, -0.926015, -0.342403, 0.15894, -0.0, 0.0, 0.0, 0.0, 1.0],
                [-0.531753, 0.001581, -0.846896, 0.0, 0.309241, -0.930587, -0.195903, 0.272858, -0.788425, -0.366067, 0.494351, 0.0, 0.0, 0.0, 0.0, 1.0],
                [-0.324331, 0.364135, -0.873048, 0.0, 0.265534, -0.850785, -0.453492, 0.272858, -0.907912, -0.378905, 0.179245, -0.0, 0.0, 0.0, 0.0, 1.0],
                [-0.307986, 0.185306, -0.933168, -0.0, 0.501608, -0.801819, -0.324773, 0.272858, -0.808418, -0.568109, 0.153997, 0.0, 0.0, 0.0, 0.0, 1.0],
                [-0.641536, 0.156441, -0.75097, 0.0, 0.000106, -0.978965, -0.204027, 0.272858, -0.767096, -0.13097, 0.628022, 0.0, 0.0, 0.0, 0.0, 1.0],
                [-0.212026, 0.274743, -0.937847, 0.0, -0.036114, -0.961215, -0.273423, 0.272858, -0.976599, -0.024103, 0.213724, 0.0, 0.0, 0.0, 0.0, 1.0],
                [-0.429368, 0.152774, -0.890112, 0.0, 0.060608, -0.978492, -0.197177, 0.272858, -0.901097, -0.13861, 0.410871, -0.0, 0.0, 0.0, 0.0, 1.0]
            ]
        },
        {
            "name": "Elbow_L",
            "time": [0.0, 0.1, 0.1667, 0.3333, 0.5, 0.6667, 0.8333, 1.0, 1.1667, 1.3333],
            "transform": [
                [-1.0, 0.0, -0.0, 0.0, 0.0, -0.0, -1.0, 0.3, -0.0, -1.0, 0.0, -0.0, 0.0, 0.0, 0.0, 1.0],
                [-1.0, 0.0, 0.0, 0.0, 0.0, -0.0, -1.0, 0.3, -0.0, -1.0, 0.0, -0.0, 0.0, 0.0, 0.0, 1.0],
                [-1.0, 0.0, -0.0, -0.0, -0.0, -0.0, -1.0, 0.3, -0.0, -1.0, 0.0, 0.0, 0.0, 0.0, 0.0, 1.0],
                [-1.0, 0.0, -0.0, -0.0, 0.0, -0.0, -1.0, 0.3, -0.0, -1.0, 0.0, 0.0, 0.0, 0.0, 0.0, 1.0],
                [-1.0, 0.0, -0.0, 0.0, 0.0, -0.0, -1.0, 0.3, -0.0, -1.0, 0.0, 0.0, 0.0, 0.0, 0.0, 1.0],
                [-1.0, 0.0, -0.0, -0.0, -0.0, -0.0, -1.0, 0.3, -0.0, -1.0, 0.0, -0.0, 0.0, 0.0, 0.0, 1.0],
                [-1.0, 0.0, -0.0, -0.0, -0.0, -0.0, -1.0, 0.3, -0.0, -1.0, 0.0, -0.0, 0.0, 0.0, 0.0, 1.0],
                [-1.0, 0.0, -0.0, 0.0, 0.0, -0.0, -1.0, 0.3, -0.0, -1.0, 0.0, 0.0, 0.0, 0.0, 0.0, 1.0],
                [-1.0, 0.0, -0.0, 0.0, 0.0, -0.0, -1.0, 0.3, -0.0, -1.0, 0.0, -0.0, 0.0, 0.0, 0.0, 1.0],
                [-1.0, 0.0, -0.0, 0.0, 0.0, -0.0, -1.0, 0.3, -0.0, -1.0, -0.0, -0.0, 0.0, 0.0, 0.0, 1.0]
            ]
        }
    ]
}