{
    "animation": [
        {
            "name": "Root",
            "time": [0.0, 0.0333, 0.0667, 0.1, 0.1333, 0.1667, 0.2, 0.2333, 0.2667, 0.3, 0.3333, 0.3667, 0.4, 0.4333, 0.4667, 0.5, 0.5333, 0.5667, 0.6, 0.6333, 0.6667, 0.7, 0.7333, 0.7667, 0.8, 0.8333, 0.8667, 0.9, 0.9333, 0.9667, 1.0, 1.0333, 1.0667, 1.1, 1.1333, 1.1667, 1.2, 1.2333, 1.2667, 1.3, 1.3333, 1.3667, 1.4, 1.4333, 1.4667, 1.5, 1.5333, 1.5667, 1.6, 1.6333, 1.6667, 1.7, 1.7333, 1.7667, 1.8, 1.8333, 1.8667, 1.9, 1.9333, 1.9667, 2.0, 2.0333, 2.0667, 2.1, 2.1333, 2.1667, 2.2, 2.2333, 2.2667, 2.3, 2.3333, 2.3667, 2.4, 2.4333, 2.4667, 2.5, 2.5333, 2.5667, 2.6, 2.6333, 2.6667, 2.7, 2.7333, 2.7667, 2.8, 2.8333, 2.8667, 2.9, 2.9333, 2.9667, 3.0],
            "transform": [
                [1.0, -0.0, 0.0, 0.011161, 0.0, -0.0, -1.0, 4.1e-05, 0.0, 1.0, -0.0, 0.370913, 0.0, 0.0, 0.0, 1.0],
                [1.0, -0.0, 0.0, 0.010302, 0.0, -0.0, -1.0, 4.1e-05, 0.0, 1.0, -0.0, 0.370913, 0.0, 0.0, 0.0, 1.0],
                [1.0, -0.0, 0.0, 0.009367, 0.0, -0.0, -1.0, 4.1e-05, 0.0, 1.0, -0.0, 0.370913, 0.0, 0.0, 0.0, 1.0],
                [1.0, -0.0, 0.0, 0.008367, 0.0, -0.0, -1.0, 4.1e-05, 0.0, 1.0, -0.0, 0.370913, 0.0, 0.0, 0.0, 1.0],
                [1.0, -0.0, 0.0, 0.007313, 0.0, -0.0, -1.0, 4.1e-05, 0.0, 1.0, -0.0, 0.370913, 0.0, 0.0, 0.0, 1.0],
                [1.0, -0.0, 0.0, 0.006214, 0.0, -0.0, -1.0, 4.1e-05, 0.0, 1.0, -0.0, 0.370913, 0.0, 0.0, 0.0, 1.0],
                [1.0, -0.0, 0.0, 0.005083, 0.0, -0.0, -1.0, 4.1e-05, 0.0, 1.0, -0.0, 0.370913, 0.0, 0.0, 0.0, 1.0],
                [1.0, -0.0, 0.0, 0.003931, 0.0, -0.0, -1.0, 4.1e-05, 0.0, 1.0, -0.0, 0.370913, 0.0, 0.0, 0.0, 1.0],
                [1.0, -0.0, 0.0, 0.002767, 0.0, -0.0, -1.0, 4.1e-05, 0.0, 1.0, -0.0, 0.370913, 0.0, 0.0, 0.0, 1.0],
                [1.0, -0.0, 0.0, 0.001603, 0.0, -0.0, -1.0, 4.1e-05, 0.0, 1.0, -0.0, 0.370913, 0.0, 0.0, 0.0, 1.0],
                [1.0, -0.0, 0.0, 0.00045, 0.0, -0.0, -1.0, 4.1e-05, 0.0, 1.0, -0.0, 0.370913, 0.0, 0.0, 0.0, 1.0],
                [1.0, -0.0, 0.0, -0.000681, 0.0, -0.0, -1.0, 4.1e-05, 0.0, 1.0, -0.0, 0.370913, 0.0, 0.0, 0.0, 1.0],
                [1.0, -0.0, 0.0, -0.001779, 0.0, -0.0, -1.0, 4.1e-05, 0.0, 1.0, -0.0, 0.370913, 0.0, 0.0, 0.0, 1.0],
                [1.0, -0.0, 0.0, -0.002834, 0.0, -0.0, -1.0, 4.1e-05, 0.0, 1.0, -0.0, 0.370913, 0.0, 0.0, 0.0, 1.0],
                [1.0, -0.0, 0.0, -0.003834, 0.0, -0.0, -1.0, 4.1e-05, 0.0, 1.0, -0.0, 0.370913, 0.0, 0.0, 0.0, 1.0],
                [1.0, -0.0, 0.0, -0.004769, 0.0, -0.0, -1.0, 4.1e-05, 0.0, 1.0, -0.0, 0.370913, 0.0, 0.0, 0.0, 1.0],
                [1.0, -0.0, 0.0, -0.005627, 0.0, -0.0, -1.0, 4.1e-05, 0.0, 1.0, -0.0, 0.370913, 0.0, 0.0, 0.0, 1.0],
                [1.0, -0.0, 0.0, -0.006398, 0.0, -0.0, -1.0, 4.1e-05, 0.0, 1.0, -0.0, 0.370913, 0.0, 0.0, 0.0, 1.0],
                [1.0, -0.0, 0.0, -0.007071, 0.0, -0.0, -1.0, 4.1e-05, 0.0, 1.0, -0.0, 0.370913, 0.0, 0.0, 0.0, 1.0],
                [1.0, -0.0, 0.0, -0.007635, 0.0, -0.0, -1.0, 4.1e-05, 0.0, 1.0, -0.0, 0.370913, 0.0, 0.0, 0.0, 1.0],
                [1.0, -0.0, 0.0, -0.008079, 0.0, -0.0, -1.0, 4.1e-05, 0.0, 1.0, -0.0, 0.370913, 0.0, 0.0, 0.0, 1.0],
                [1.0, -0.0, 0.0, -0.008393, 0.0, -0.0, -1.0, 4.1e-05, 0.0, 1.0, -0.0, 0.370913, 0.0, 0.0, 0.0, 1.0],
                [1.0, -0.0, 0.0, -0.008564, 0.0, -0.0, -1.0, 4.1e-05, 0.0, 1.0, -0.0, 0.370913, 0.0, 0.0, 0.0, 1.0],
                [1.0, -0.0, 0.0, -0.008583, 0.0, -0.0, -1.0, 4.1e-05, 0.0, 1.0, -0.0, 0.370913, 0.0, 0.0, 0.0, 1.0],
                [1.0, -0.0, 0.0, -0.008439, 0.0, -0.0, -1.0, 4.1e-05, 0.0, 1.0, -0.0, 0.370913, 0.0, 0.0, 0.0, 1.0],
                [1.0, -0.0, 0.0, -0.008173, 0.0, -0.0, -1.0, 4.1e-05, 0.0, 1.0, -0.0, 0.370913, 0.0, 0.0, 0.0, 1.0],
                [1.0, -0.0, 0.0, -0.00784, 0.0, -0.0, -1.0, 4.1e-05, 0.0, 1.0, -0.0, 0.370913, 0.0, 0.0, 0.0, 1.0],
                [1.0, -0.0, 0.0, -0.007441, 0.0, -0.0, -1.0, 4.1e-05, 0.0, 1.0, -0.0, 0.370913, 0.0, 0.0, 0.0, 1.0],
                [1.0, -0.0, 0.0, -0.00698, 0.0, -0.0, -1.0, 4.1e-05, 0.0, 1.0, -0.0, 0.370913, 0.0, 0.0, 0.0, 1.0],
                [1.0, -0.0, 0.0, -0.00646, 0.0, -0.0, -1.0, 4.1e-05, 0.0, 1.0, -0.0, 0.370913, 0.0, 0.0, 0.0, 1.0],
                [1.0, -0.0, 0.0, -0.005884, 0.0, -0.0, -1.0, 4.1e-05, 0.0, 1.0, -0.0, 0.370913, 0.0, 0.0, 0.0, 1.0],
                [1.0, -0.0, 0.0, -0.005255, 0.0, -0.0, -1.0, 4.1e-05, 0.0, 1.0, -0.0, 0.370913, 0.0, 0.0, 0.0, 1.0],
                [1.0, -0.0, 0.0, -0.004577, 0.0, -0.0, -1.0, 4.1e-05, 0.0, 1.0, -0.0, 0.370913, 0.0, 0.0, 0.0, 1.0],
                [1.0, -0.0, 0.0, -0.003852, 0.0, -0.0, -1.0, 4.1e-05, 0.0, 1.0, -0.0, 0.370913, 0.0, 0.0, 0.0, 1.0],
                [1.0, -0.0, 0.0, -0.003083, 0.0, -0.0, -1.0, 4.1e-05, 0.0, 1.0, -0.0, 0.370913, 0.0, 0.0, 0.0, 1.0],
                [1.0, -0.0, 0.0, -0.002275, 0.0, -0.0, -1.0, 4.1e-05, 0.0, 1.0, -0.0, 0.370913, 0.0, 0.0, 0.0, 1.0],
                [1.0, -0.0, 0.0, -0.001429, 0.0, -0.0, -1.0, 4.1e-05, 0.0, 1.0, -0.0, 0.370913, 0.0, 0.0, 0.0, 1.0],
                [1.0, -0.0, 0.0, -0.000548, 0.0, -0.0, -1.0, 4.1e-05, 0.0, 1.0, -0.0, 0.370913, 0.0, 0.0, 0.0, 1.0],
                [1.0, -0.0, 0.0, 0.000363, 0.0, -0.0, -1.0, 4.1e-05, 0.0, 1.0, -0.0, 0.370913, 0.0, 0.0, 0.0, 1.0],
                [1.0, -0.0, 0.0, 0.001302, 0.0, -0.0, -1.0, 4.1e-05, 0.0, 1.0, -0.0, 0.370913, 0.0, 0.0, 0.0, 1.0],
                [1.0, -0.0, 0.0, 0.002266, 0.0, -0.0, -1.0, 4.1e-05, 0.0, 1.0, -0.0, 0.370913, 0.0, 0.0, 0.0, 1.0],
                [1.0, -0.0, 0.0, 0.003252, 0.0, -0.0, -1.0, 4.1e-05, 0.0, 1.0, -0.0, 0.370913, 0.0, 0.0, 0.0, 1.0],
                [1.0, -0.0, 0.0, 0.004256, 0.0, -0.0, -1.0, 4.1e-05, 0.0, 1.0, -0.0, 0.370913, 0.0, 0.0, 0.0, 1.0],
                [1.0, -0.0, 0.0, 0.005276, 0.0, -0.0, -1.0, 4.1e-05, 0.0, 1.0, -0.0, 0.370913, 0.0, 0.0, 0.0, 1.0],
                [1.0, -0.0, 0.0, 0.006308, 0.0, -0.0, -1.0, 4.1e-05, 0.0, 1.0, -0.0, 0.370913, 0.0, 0.0, 0.0, 1.0],
                [1.0, -0.0, 0.0, 0.007349, 0.0, -0.0, -1.0, 4.1e-05, 0.0, 1.0, -0.0, 0.370913, 0.0, 0.0, 0.0, 1.0],
                [1.0, -0.0, 0.0, 0.008396, 0.0, -0.0, -1.0, 4.1e-05, 0.0, 1.0, -0.0, 0.370913, 0.0, 0.0, 0.0, 1.0],
                [1.0, -0.0, 0.0, 0.009447, 0.0, -0.0, -1.0, 4.1e-05, 0.0, 1.0, -0.0, 0.370913, 0.0, 0.0, 0.0, 1.0],
                [1.0, -0.0, 0.0, 0.010498, 0.0, -0.0, -1.0, 4.1e-05, 0.0, 1.0, -0.0, 0.370913, 0.0, 0.0, 0.0, 1.0],
                [1.0, -0.0, 0.0, 0.011545, 0.0, -0.0, -1.0, 4.1e-05, 0.0, 1.0, -0.0, 0.370913, 0.0, 0.0, 0.0, 1.0],
                [1.0, -0.0, 0.0, 0.012586, 0.0, -0.0, -1.0, 4.1e-05, 0.0, 1.0, -0.0, 0.370913, 0.0, 0.0, 0.0, 1.0],
                [1.0, -0.0, 0.0, 0.013617, 0.0, -0.0, -1.0, 4.1e-05, 0.0, 1.0, -0.0, 0.370913, 0.0, 0.0, 0.0, 1.0],
                [1.0, -0.0, 0.0, 0.014637, 0.0, -0.0, -1.0, 4.1e-05, 0.0, 1.0, -0.0, 0.370913, 0.0, 0.0, 0.0, 1.0],
                [1.0, -0.0, 0.0, 0.01564, 0.0, -0.0, -1.0, 4.1e-05, 0.0, 1.0, -0.0, 0.370913, 0.0, 0.0, 0.0, 1.0],
                [1.0, -0.0, 0.0, 0.016625, 0.0, -0.0, -1.0, 4.1e-05, 0.0, 1.0, -0.0, 0.370913, 0.0, 0.0, 0.0, 1.0],
                [1.0, -0.0, 0.0, 0.017588, 0.0, -0.0, -1.0, 4.1e-05, 0.0, 1.0, -0.0, 0.370913, 0.0, 0.0, 0.0, 1.0],
                [1.0, -0.0, 0.0, 0.018526, 0.0, -0.0, -1.0, 4.1e-05, 0.0, 1.0, -0.0, 0.370913, 0.0, 0.0, 0.0, 1.0],
                [1.0, -0.0, 0.0, 0.019436, 0.0, -0.0, -1.0, 4.1e-05, 0.0, 1.0, -0.0, 0.370913, 0.0, 0.0, 0.0, 1.0],
                [1.0, -0.0, 0.0, 0.020314, 0.0, -0.0, -1.0, 4.1e-05, 0.0, 1.0, -0.0, 0.370913, 0.0, 0.0, 0.0, 1.0],
                [1.0, -0.0, 0.0, 0.021159, 0.0, -0.0, -1.0, 4.1e-05, 0.0, 1.0, -0.0, 0.370913, 0.0, 0.0, 0.0, 1.0],
                [1.0, -0.0, 0.0, 0.021966, 0.0, -0.0, -1.0, 4.1e-05, 0.0, 1.0, -0.0, 0.370913, 0.0, 0.0, 0.0, 1.0],
                [1.0, -0.0, 0.0, 0.022733, 0.0, -0.0, -1.0, 4.1e-05, 0.0, 1.0, -0.0, 0.370913, 0.0, 0.0, 0.0, 1.0],
                [1.0, -0.0, 0.0, 0.023456, 0.0, -0.0, -1.0, 4.1e-05, 0.0, 1.0, -0.0, 0.370913, 0.0, 0.0, 0.0, 1.0],
                [1.0, -0.0, 0.0, 0.024132, 0.0, -0.0, -1.0, 4.1e-05, 0.0, 1.0, -0.0, 0.370913, 0.0, 0.0, 0.0, 1.0],
                [1.0, -0.0, 0.0, 0.024758, 0.0, -0.0, -1.0, 4.1e-05, 0.0, 1.0, -0.0, 0.370913, 0.0, 0.0, 0.0, 1.0],
                [1.0, -0.0, 0.0, 0.025332, 0.0, -0.0, -1.0, 4.1e-05, 0.0, 1.0, -0.0, 0.370913, 0.0, 0.0, 0.0, 1.0],
                [1.0, -0.0, 0.0, 0.025849, 0.0, -0.0, -1.0, 4.1e-05, 0.0, 1.0, -0.0, 0.370913, 0.0, 0.0, 0.0, 1.0],
                [1.0, -0.0, 0.0, 0.026308, 0.0, -0.0, -1.0, 4.1e-05, 0.0, 1.0, -0.0, 0.370913, 0.0, 0.0, 0.0, 1.0],
                [1.0, -0.0, 0.0, 0.026704, 0.0, -0.0, -1.0, 4.1e-05, 0.0, 1.0, -0.0, 0.370913, 0.0, 0.0, 0.0, 1.0],
                [1.0, -0.0, 0.0, 0.027034, 0.0, -0.0, -1.0, 4.1e-05, 0.0, 1.0, -0.0, 0.370913, 0.0, 0.0, 0.0, 1.0],
                [1.0, -0.0, 0.0, 0.027233, 0.0, -0.0, -1.0, 4.1e-05, 0.0, 1.0, -0.0, 0.370913, 0.0, 0.0, 0.0, 1.0],
                [1.0, -0.0, 0.0, 0.027246, 0.0, -0.0, -1.0, 4.1e-05, 0.0, 1.0, -0.0, 0.370913, 0.0, 0.0, 0.0, 1.0],
                [1.0, -0.0, 0.0, 0.027087, 0.0, -0.0, -1.0, 4.1e-05, 0.0, 1.0, -0.0, 0.370913, 0.0, 0.0, 0.0, 1.0],
                [1.0, -0.0, 0.0, 0.026771, 0.0, -0.0, -1.0, 4.1e-05, 0.0, 1.0, -0.0, 0.370913, 0.0, 0.0, 0.0, 1.0],
                [1.0, -0.0, 0.0, 0.026311, 0.0, -0.0, -1.0, 4.1e-05, 0.0, 1.0, -0.0, 0.370913, 0.0, 0.0, 0.0, 1.0],
                [1.0, -0.0, 0.0, 0.025722, 0.0, -0.0, -1.0, 4.1e-05, 0.0, 1.0, -0.0, 0.370913, 0.0, 0.0, 0.0, 1.0],
                [1.0, -0.0, 0.0, 0.025019, 0.0, -0.0, -1.0, 4.1e-05, 0.0, 1.0, -0.0, 0.370913, 0.0, 0.0, 0.0, 1.0],
                [1.0, -0.0, 0.0, 0.024215, 0.0, -0.0, -1.0, 4.1e-05, 0.0, 1.0, -0.0, 0.370913, 0.0, 0.0, 0.0, 1.0],
                [1.0, -0.0, 0.0, 0.023325, 0.0, -0.0, -1.0, 4.1e-05, 0.0, 1.0, -0.0, 0.370913, 0.0, 0.0, 0.0, 1.0],
                [1.0, -0.0, 0.0, 0.022364, 0.0, -0.0, -1.0, 4.1e-05, 0.0, 1.0, -0.0, 0.370913, 0.0, 0.0, 0.0, 1.0],
                [1.0, -0.0, 0.0, 0.021346, 0.0, -0.0, -1.0, 4.1e-05, 0.0, 1.0, -0.0, 0.370913, 0.0, 0.0, 0.0, 1.0],
                [1.0, -0.0, 0.0, 0.020284, 0.0, -0.0, -1.0, 4.1e-05, 0.0, 1.0, -0.0, 0.370913, 0.0, 0.0, 0.0, 1.0],
                [1.0, -0.0, 0.0, 0.019194, 0.0, -0.0, -1.0, 4.1e-05, 0.0, 1.0, -0.0, 0.370913, 0.0, 0.0, 0.0, 1.0],
                [1.0, -0.0, 0.0, 0.01809, 0.0, -0.0, -1.0, 4.1e-05, 0.0, 1.0, -0.0, 0.370913, 0.0, 0.0, 0.0, 1.0],
                [1.0, -0.0, 0.0, 0.016985, 0.0, -0.0, -1.0, 4.1e-05, 0.0, 1.0, -0.0, 0.370913, 0.0, 0.0, 0.0, 1.0],
                [1.0, -0.0, 0.0, 0.015895, 0.0, -0.0, -1.0, 4.1e-05, 0.0, 1.0, -0.0, 0.370913, 0.0, 0.0, 0.0, 1.0],
                [1.0, -0.0, 0.0, 0.014834, 0.0, -0.0, -1.0, 4.1e-05, 0.0, 1.0, -0.0, 0.370913, 0.0, 0.0, 0.0, 1.0],
                [1.0, -0.0, 0.0, 0.013815, 0.0, -0.0, -1.0, 4.1e-05, 0.0, 1.0, -0.0, 0.370913, 0.0, 0.0, 0.0, 1.0],
                [1.0, -0.0, 0.0, 0.012854, 0.0, -0.0, -1.0, 4.1e-05, 0.0, 1.0, -0.0, 0.370913, 0.0, 0.0, 0.0, 1.0],
                [1.0, -0.0, 0.0, 0.011964, 0.0, -0.0, -1.0, 4.1e-05, 0.0, 1.0, -0.0, 0.370913, 0.0, 0.0, 0.0, 1.0],
                [1.0, -0.0, 0.0, 0.011161, 0.0, -0.0, -1.0, 4.1e-05, 0.0, 1.0, -0.0, 0.370913, 0.0, 0.0, 0.0, 1.0]
            ]
        },
        {
            "name": "Thigh_R",
            "time": [0.0, 0.0333, 0.0667, 0.1, 0.1333, 0.1667, 0.2, 0.2333, 0.2667, 0.3, 0.3333, 0.3667, 0.4, 0.4333, 0.4667, 0.5, 0.5333, 0.5667, 0.6, 0.6333, 0.6667, 0.7, 0.7333, 0.7667, 0.8, 0.8333, 0.8667, 0.9, 0.9333, 0.9667, 1.0, 1.0333, 1.0667, 1.1, 1.1333, 1.1667, 1.2, 1.2333, 1.2667, 1.3, 1.3333, 1.3667, 1.4, 1.4333, 1.4667, 1.5, 1.5333, 1.5667, 1.6, 1.6333, 1.6667, 1.7, 1.7333, 1.7667, 1.8, 1.8333, 1.8667, 1.9, 1.9333, 1.9667, 2.0, 2.0333, 2.0667, 2.1, 2.1333, 2.1667, 2.2, 2.2333, 2.2667, 2.3, 2.3333, 2.3667, 2.4, 2.4333, 2.4667, 2.5, 2.5333, 2.5667, 2.6, 2.6333, 2.6667, 2.7, 2.7333, 2.7667, 2.8, 2.8333, 2.8667, 2.9, 2.9333, 2.9667, 3.0],
            "transform": [
                [-0.303324, 0.874287, 0.378968, 0.124994, 0.275089, -0.300428, 0.913274, -0.002831, 0.912316, 0.381267, -0.14938, -1.2e-05, 0.0, 0.0, 0.0, 1.0],
                [-0.302178, 0.874665, 0.37901, 0.124994, 0.27577, -0.300384, 0.913083, -0.002831, 0.912491, 0.380433, -0.150437, -1.2e-05, 0.0, 0.0, 0.0, 1.0],
                [-0.301016, 0.875078, 0.378983, 0.124994, 0.276505, -0.300251, 0.912904, -0.002831, 0.912653, 0.379589, -0.151583, -1.2e-05, 0.0, 0.0, 0.0, 1.0],
                [-0.299846, 0.875464, 0.379019, 0.124994, 0.277331, -0.300148, 0.912688, -0.002831, 0.912787, 0.378779, -0.152795, -1.2e-05, 0.0, 0.0, 0.0, 1.0],
                [-0.298658, 0.875872, 0.379014, 0.124994, 0.278204, -0.299989, 0.912474, -0.002831, 0.912911, 0.377961, -0.154077, -1.2e-05, 0.0, 0.0, 0.0, 1.0],
                [-0.297446, 0.876261, 0.379068, 0.124994, 0.279126, -0.299879, 0.912229, -0.002831, 0.913025, 0.377147, -0.155389, -1.2e-05, 0.0, 0.0, 0.0, 1.0],
                [-0.296218, 0.876636, 0.379162, 0.124994, 0.280093, -0.299796, 0.91196, -0.002831, 0.913128, 0.376339, -0.156734, -1.2e-05, 0.0, 0.0, 0.0, 1.0],
                [-0.294798, 0.877096, 0.379205, 0.124994, 0.281006, -0.299719, 0.911704, -0.002831, 0.913308, 0.375327, -0.158112, -1.2e-05, 0.0, 0.0, 0.0, 1.0],
                [-0.29336, 0.877535, 0.379304, 0.124994, 0.281953, -0.299693, 0.91142, -0.002831, 0.913478, 0.37432, -0.159506, -1.2e-05, 0.0, 0.0, 0.0, 1.0],
                [-0.291894, 0.877974, 0.379419, 0.124994, 0.282887, -0.299697, 0.911129, -0.002831, 0.913659, 0.373286, -0.160888, -1.2e-05, 0.0, 0.0, 0.0, 1.0],
                [-0.290434, 0.878421, 0.379504, 0.124994, 0.2838, -0.299681, 0.910851, -0.002831, 0.913841, 0.372245, -0.162259, -1.2e-05, 0.0, 0.0, 0.0, 1.0],
                [-0.289002, 0.87887, 0.379559, 0.124994, 0.284671, -0.299648, 0.910589, -0.002831, 0.914025, 0.371211, -0.16359, -1.2e-05, 0.0, 0.0, 0.0, 1.0],
                [-0.285334, 0.880033, 0.379639, 0.124994, 0.285712, -0.299994, 0.910149, -0.002831, 0.914852, 0.368163, -0.165838, -1.2e-05, 0.0, 0.0, 0.0, 1.0],
                [-0.284498, 0.880258, 0.379745, 0.124994, 0.286635, -0.299889, 0.909894, -0.002831, 0.914823, 0.367711, -0.166994, -1.2e-05, 0.0, 0.0, 0.0, 1.0],
                [-0.283687, 0.88051, 0.379768, 0.124994, 0.287477, -0.299729, 0.909681, -0.002831, 0.914811, 0.367239, -0.168097, -1.2e-05, 0.0, 0.0, 0.0, 1.0],
                [-0.282891, 0.88076, 0.379783, 0.124994, 0.288234, -0.299591, 0.909487, -0.002831, 0.914819, 0.366752, -0.169113, -1.2e-05, 0.0, 0.0, 0.0, 1.0],
                [-0.282125, 0.880995, 0.379807, 0.124994, 0.288905, -0.299494, 0.909306, -0.002831, 0.914844, 0.366266, -0.170029, -1.2e-05, 0.0, 0.0, 0.0, 1.0],
                [-0.281443, 0.881216, 0.379801, 0.124994, 0.289504, -0.29938, 0.909153, -0.002831, 0.914865, 0.365828, -0.170857, -1.2e-05, 0.0, 0.0, 0.0, 1.0],
                [-0.28052, 0.881567, 0.379669, 0.124994, 0.290557, -0.299001, 0.908942, -0.002831, 0.914815, 0.365291, -0.17227, -1.2e-05, 0.0, 0.0, 0.0, 1.0],
                [-0.279656, 0.881935, 0.379451, 0.124994, 0.291441, -0.298592, 0.908793, -0.002831, 0.914798, 0.364737, -0.173529, -1.2e-05, 0.0, 0.0, 0.0, 1.0],
                [-0.279972, 0.881908, 0.379282, 0.124994, 0.292168, -0.298066, 0.908732, -0.002831, 0.914469, 0.365233, -0.174216, -1.2e-05, 0.0, 0.0, 0.0, 1.0],
                [-0.280387, 0.881857, 0.379092, 0.124994, 0.29274, -0.29756, 0.908714, -0.002831, 0.914159, 0.365766, -0.174723, -1.2e-05, 0.0, 0.0, 0.0, 1.0],
                [-0.283203, 0.881061, 0.378851, 0.124994, 0.292923, -0.296683, 0.908942, -0.002831, 0.913232, 0.368388, -0.174061, -1.2e-05, 0.0, 0.0, 0.0, 1.0],
                [-0.281371, 0.881772, 0.378561, 0.124994, 0.293399, -0.296555, 0.90883, -0.002831, 0.913645, 0.366788, -0.175269, -1.2e-05, 0.0, 0.0, 0.0, 1.0],
                [-0.28194, 0.881728, 0.378238, 0.124994, 0.293475, -0.296079, 0.908961, -0.002831, 0.913445, 0.367276, -0.175289, -1.2e-05, 0.0, 0.0, 0.0, 1.0],
                [-0.282571, 0.881689, 0.377859, 0.124994, 0.293415, -0.295587, 0.909141, -0.002831, 0.91327, 0.367766, -0.175177, -1.2e-05, 0.0, 0.0, 0.0, 1.0],
                [-0.283256, 0.88162, 0.377508, 0.124994, 0.293285, -0.295142, 0.909327, -0.002831, 0.913099, 0.36829, -0.174965, -1.2e-05, 0.0, 0.0, 0.0, 1.0],
                [-0.283998, 0.881576, 0.377053, 0.124994, 0.293066, -0.294614, 0.909568, -0.002831, 0.912939, 0.368816, -0.17469, -1.2e-05, 0.0, 0.0, 0.0, 1.0],
                [-0.284781, 0.881517, 0.3766, 0.124994, 0.292783, -0.294107, 0.909823, -0.002831, 0.912786, 0.369363, -0.174337, -1.2e-05, 0.0, 0.0, 0.0, 1.0],
                [-0.286617, 0.88113, 0.376112, 0.124994, 0.292803, -0.293233, 0.910099, -0.002831, 0.912205, 0.370976, -0.173952, -1.2e-05, 0.0, 0.0, 0.0, 1.0],
                [-0.28848, 0.88078, 0.375507, 0.124994, 0.292747, -0.292264, 0.910429, -0.002831, 0.911635, 0.372569, -0.173534, -1.2e-05, 0.0, 0.0, 0.0, 1.0],
                [-0.290352, 0.880406, 0.37494, 0.124994, 0.292681, -0.291337, 0.910747, -0.002831, 0.911062, 0.374175, -0.173088, -1.2e-05, 0.0, 0.0, 0.0, 1.0],
                [-0.292453, 0.879974, 0.374322, 0.124994, 0.29266, -0.290293, 0.911088, -0.002831, 0.910397, 0.375999, -0.172636, -1.2e-05, 0.0, 0.0, 0.0, 1.0],
                [-0.294616, 0.879514, 0.373707, 0.124994, 0.29262, -0.289248, 0.911432, -0.002831, 0.909711, 0.377876, -0.172147, -1.2e-05, 0.0, 0.0, 0.0, 1.0],
                [-0.296766, 0.879079, 0.373028, 0.124994, 0.292549, -0.288153, 0.911802, -0.002831, 0.909035, 0.379721, -0.17166, -1.2e-05, 0.0, 0.0, 0.0, 1.0],
                [-0.299028, 0.878598, 0.372355, 0.124994, 0.292478, -0.287042, 0.912175, -0.002831, 0.908317, 0.381671, -0.171137, -1.2e-05, 0.0, 0.0, 0.0, 1.0],
                [-0.301234, 0.878128, 0.371683, 0.124994, 0.292428, -0.285933, 0.91254, -0.002831, 0.907604, 0.383578, -0.170656, -1.2e-05, 0.0, 0.0, 0.0, 1.0],
                [-0.303398, 0.877679, 0.370983, 0.124994, 0.292352, -0.284815, 0.912914, -0.002831, 0.906907, 0.385433, -0.170179, -1.2e-05, 0.0, 0.0, 0.0, 1.0],
                [-0.306279, 0.876921, 0.370409, 0.124994, 0.292322, -0.283669, 0.91328, -0.002831, 0.905948, 0.387996, -0.169461, -1.2e-05, 0.0, 0.0, 0.0, 1.0],
                [-0.309106, 0.876253, 0.36964, 0.124994, 0.292172, -0.282381, 0.913726, -0.002831, 0.905036, 0.390437, -0.168731, -1.2e-05, 0.0, 0.0, 0.0, 1.0],
                [-0.311818, 0.875482, 0.369188, 0.124994, 0.292224, -0.28136, 0.914025, -0.002831, 0.904088, 0.392895, -0.168104, -1.2e-05, 0.0, 0.0, 0.0, 1.0],
                [-0.314589, 0.875327, 0.367201, 0.124994, 0.291517, -0.279055, 0.914957, -0.002831, 0.903356, 0.39488, -0.167385, -1.2e-05, 0.0, 0.0, 0.0, 1.0],
                [-0.3172, 0.875049, 0.365613, 0.124994, 0.290895, -0.277163, 0.91573, -0.002831, 0.902643, 0.396825, -0.166631, -1.2e-05, 0.0, 0.0, 0.0, 1.0],
                [-0.319631, 0.874624, 0.364512, 0.124994, 0.290601, -0.275669, 0.916274, -0.002831, 0.90188, 0.398797, -0.166054, -1.2e-05, 0.0, 0.0, 0.0, 1.0],
                [-0.321781, 0.874107, 0.36386, 0.124994, 0.290574, -0.274584, 0.916608, -0.002831, 0.901124, 0.400675, -0.165637, -1.2e-05, 0.0, 0.0, 0.0, 1.0],
                [-0.323747, 0.873447, 0.3637, 0.124994, 0.290891, -0.273895, 0.916714, -0.002831, 0.900317, 0.40258, -0.165405, -1.2e-05, 0.0, 0.0, 0.0, 1.0],
                [-0.325488, 0.872625, 0.36412, 0.124994, 0.29164, -0.273664, 0.916545, -0.002831, 0.899447, 0.404516, -0.165418, -1.2e-05, 0.0, 0.0, 0.0, 1.0],
                [-0.328812, 0.871056, 0.364889, 0.124994, 0.292308, -0.273529, 0.916372, -0.002831, 0.89802, 0.407973, -0.164677, -1.2e-05, 0.0, 0.0, 0.0, 1.0],
                [-0.329481, 0.871039, 0.364326, 0.124994, 0.292737, -0.272613, 0.916508, -0.002831, 0.897634, 0.408623, -0.165165, -1.2e-05, 0.0, 0.0, 0.0, 1.0],
                [-0.330122, 0.87103, 0.363766, 0.124994, 0.293166, -0.271704, 0.916641, -0.002831, 0.897259, 0.409247, -0.165661, -1.2e-05, 0.0, 0.0, 0.0, 1.0],
                [-0.331549, 0.870733, 0.363179, 0.124994, 0.293336, -0.270731, 0.916875, -0.002831, 0.896677, 0.410521, -0.165657, -1.2e-05, 0.0, 0.0, 0.0, 1.0],
                [-0.332933, 0.870432, 0.362635, 0.124994, 0.29353, -0.269799, 0.917087, -0.002831, 0.8961, 0.411773, -0.165672, -1.2e-05, 0.0, 0.0, 0.0, 1.0],
                [-0.334295, 0.87013, 0.362106, 0.124994, 0.293731, -0.268883, 0.917291, -0.002831, 0.895527, 0.413007, -0.165698, -1.2e-05, 0.0, 0.0, 0.0, 1.0],
                [-0.337714, 0.869035, 0.361564, 0.124994, 0.293536, -0.267736, 0.91769, -0.002831, 0.894308, 0.416048, -0.164675, -1.2e-05, 0.0, 0.0, 0.0, 1.0],
                [-0.337696, 0.869229, 0.361112, 0.124994, 0.293789, -0.267145, 0.917781, -0.002831, 0.894231, 0.416021, -0.165156, -1.2e-05, 0.0, 0.0, 0.0, 1.0],
                [-0.337686, 0.869463, 0.360559, 0.124994, 0.293979, -0.266474, 0.917915, -0.002831, 0.894173, 0.415963, -0.165619, -1.2e-05, 0.0, 0.0, 0.0, 1.0],
                [-0.33921, 0.869051, 0.360119, 0.124994, 0.294053, -0.265677, 0.918122, -0.002831, 0.893571, 0.41733, -0.165427, -1.2e-05, 0.0, 0.0, 0.0, 1.0],
                [-0.340814, 0.868592, 0.359715, 0.124994, 0.29397, -0.264975, 0.918352, -0.002831, 0.892988, 0.418732, -0.165033, -1.2e-05, 0.0, 0.0, 0.0, 1.0],
                [-0.342389, 0.868113, 0.359375, 0.124994, 0.293925, -0.26433, 0.918552, -0.002831, 0.8924, 0.420131, -0.164656, -1.2e-05, 0.0, 0.0, 0.0, 1.0],
                [-0.343895, 0.867637, 0.359086, 0.124994, 0.294009, -0.263689, 0.918709, -0.002831, 0.891793, 0.421514, -0.164412, -1.2e-05, 0.0, 0.0, 0.0, 1.0],
                [-0.343143, 0.86807, 0.358758, 0.124994, 0.294293, -0.263355, 0.918714, -0.002831, 0.891989, 0.42083, -0.165099, -1.2e-05, 0.0, 0.0, 0.0, 1.0],
                [-0.344534, 0.867613, 0.358529, 0.124994, 0.294409, -0.262786, 0.91884, -0.002831, 0.891414, 0.422126, -0.164895, -1.2e-05, 0.0, 0.0, 0.0, 1.0],
                [-0.34451, 0.867658, 0.358444, 0.124994, 0.2941, -0.262847, 0.918921, -0.002831, 0.891526, 0.421996, -0.164625, -1.2e-05, 0.0, 0.0, 0.0, 1.0],
                [-0.344461, 0.867682, 0.358432, 0.124994, 0.293805, -0.262984, 0.918976, -0.002831, 0.891641, 0.421861, -0.164342, -1.2e-05, 0.0, 0.0, 0.0, 1.0],
                [-0.344406, 0.86772, 0.358395, 0.124994, 0.293512, -0.263093, 0.919039, -0.002831, 0.89176, 0.421716, -0.164075, -1.2e-05, 0.0, 0.0, 0.0, 1.0],
                [-0.34434, 0.867762, 0.358356, 0.124994, 0.293264, -0.263182, 0.919093, -0.002831, 0.891867, 0.421573, -0.163859, -1.2e-05, 0.0, 0.0, 0.0, 1.0],
                [-0.344277, 0.867768, 0.358402, 0.124994, 0.293075, -0.263332, 0.91911, -0.002831, 0.891954, 0.421466, -0.163662, -1.2e-05, 0.0, 0.0, 0.0, 1.0],
                [-0.343514, 0.86804, 0.358474, 0.124994, 0.292905, -0.263638, 0.919077, -0.002831, 0.892303, 0.420715, -0.16369, -1.2e-05, 0.0, 0.0, 0.0, 1.0],
                [-0.342736, 0.868314, 0.358557, 0.124994, 0.292752, -0.263948, 0.919036, -0.002831, 0.892652, 0.419955, -0.163736, -1.2e-05, 0.0, 0.0, 0.0, 1.0],
                [-0.341936, 0.86857, 0.3587, 0.124994, 0.292653, -0.264302, 0.918966, -0.002831, 0.892992, 0.419202, -0.163815, -1.2e-05, 0.0, 0.0, 0.0, 1.0],
                [-0.341185, 0.868779, 0.358909, 0.124994, 0.292528, -0.264727, 0.918883, -0.002831, 0.89332, 0.4185, -0.163821, -1.2e-05, 0.0, 0.0, 0.0, 1.0],
                [-0.340487, 0.868924, 0.35922, 0.124994, 0.292268, -0.265313, 0.918797, -0.002831, 0.893671, 0.417827, -0.163623, -1.2e-05, 0.0, 0.0, 0.0, 1.0],
                [-0.33977, 0.869004, 0.359705, 0.124994, 0.292097, -0.266045, 0.91864, -0.002831, 0.894001, 0.417194, -0.16344, -1.2e-05, 0.0, 0.0, 0.0, 1.0],
                [-0.339044, 0.869055, 0.360266, 0.124994, 0.291969, -0.266837, 0.918451, -0.002831, 0.894317, 0.416581, -0.163268, -1.2e-05, 0.0, 0.0, 0.0, 1.0],
                [-0.338697, 0.868935, 0.360881, 0.124994, 0.291685, -0.267686, 0.918294, -0.002831, 0.894541, 0.416287, -0.162791, -1.2e-05, 0.0, 0.0, 0.0, 1.0],
                [-0.338363, 0.868763, 0.36161, 0.124994, 0.291391, -0.268658, 0.918104, -0.002831, 0.894764, 0.416022, -0.162246, -1.2e-05, 0.0, 0.0, 0.0, 1.0],
                [-0.338048, 0.868563, 0.362385, 0.124994, 0.291066, -0.269687, 0.917905, -0.002831, 0.894989, 0.415773, -0.161642, -1.2e-05, 0.0, 0.0, 0.0, 1.0],
                [-0.33572, 0.869031, 0.363423, 0.124994, 0.290075, -0.271686, 0.917629, -0.002831, 0.896186, 0.413486, -0.160874, -1.2e-05, 0.0, 0.0, 0.0, 1.0],
                [-0.333417, 0.869462, 0.364513, 0.124994, 0.289046, -0.273744, 0.917342, -0.002831, 0.897377, 0.411219, -0.160044, -1.2e-05, 0.0, 0.0, 0.0, 1.0],
                [-0.330858, 0.869937, 0.365709, 0.124994, 0.287946, -0.275987, 0.917016, -0.002831, 0.898677, 0.408706, -0.159182, -1.2e-05, 0.0, 0.0, 0.0, 1.0],
                [-0.328305, 0.870399, 0.366909, 0.124994, 0.286824, -0.278235, 0.916688, -0.002831, 0.899971, 0.406191, -0.158306, -1.2e-05, 0.0, 0.0, 0.0, 1.0],
                [-0.325637, 0.870891, 0.368116, 0.124994, 0.285603, -0.280546, 0.916365, -0.002831, 0.901328, 0.403537, -0.157373, -1.2e-05, 0.0, 0.0, 0.0, 1.0],
                [-0.322932, 0.871361, 0.369386, 0.124994, 0.284397, -0.282915, 0.916012, -0.002831, 0.902682, 0.400861, -0.15645, -1.2e-05, 0.0, 0.0, 0.0, 1.0],
                [-0.320236, 0.871815, 0.370657, 0.124994, 0.283166, -0.285284, 0.915658, -0.002831, 0.904027, 0.398184, -0.155511, -1.2e-05, 0.0, 0.0, 0.0, 1.0],
                [-0.317537, 0.872273, 0.371901, 0.124994, 0.281932, -0.287617, 0.915309, -0.002831, 0.905365, 0.395495, -0.154593, -1.2e-05, 0.0, 0.0, 0.0, 1.0],
                [-0.314926, 0.872654, 0.373224, 0.124994, 0.280742, -0.289988, 0.914927, -0.002831, 0.906645, 0.392914, -0.153665, -1.2e-05, 0.0, 0.0, 0.0, 1.0],
                [-0.312301, 0.873074, 0.374445, 0.124994, 0.279499, -0.292268, 0.914582, -0.002831, 0.907936, 0.390282, -0.152748, -1.2e-05, 0.0, 0.0, 0.0, 1.0],
                [-0.309885, 0.873418, 0.37565, 0.124994, 0.278346, -0.294448, 0.914234, -0.002831, 0.909118, 0.387868, -0.151868, -1.2e-05, 0.0, 0.0, 0.0, 1.0],
                [-0.30747, 0.873765, 0.376823, 0.124994, 0.277194, -0.296587, 0.913893, -0.002831, 0.910289, 0.385447, -0.151011, -1.2e-05, 0.0, 0.0, 0.0, 1.0],
                [-0.305386, 0.874011, 0.377946, 0.124994, 0.276152, -0.29856, 0.913566, -0.002831, 0.911306, 0.383361, -0.150184, -1.2e-05, 0.0, 0.0, 0.0, 1.0],
                [-0.303322, 0.874287, 0.378969, 0.124994, 0.27509, -0.300428, 0.913273, -0.002831, 0.912317, 0.381266, -0.149381, -1.2e-05, 0.0, 0.0, 0.0, 1.0]
            ]
        },
        {
            "name": "Leg_R",
            "time": [0.0, 0.0333, 0.0667, 0.1, 0.1333, 0.1667, 0.2, 0.2333, 0.2667, 0.3, 0.3333, 0.3667, 0.4, 0.4333, 0.4667, 0.5, 0.5333, 0.5667, 0.6, 0.6333, 0.6667, 0.7, 0.7333, 0.7667, 0.8, 0.8333, 0.8667, 0.9, 0.9333, 0.9667, 1.0, 1.0333, 1.0667, 1.1, 1.1333, 1.1667, 1.2, 1.2333, 1.2667, 1.3, 1.3333, 1.3667, 1.4, 1.4333, 1.4667, 1.5, 1.5333, 1.5667, 1.6, 1.6333, 1.6667, 1.7, 1.7333, 1.7667, 1.8, 1.8333, 1.8667, 1.9, 1.9333, 1.9667, 2.0, 2.0333, 2.0667, 2.1, 2.1333, 2.1667, 2.2, 2.2333, 2.2667, 2.3, 2.3333, 2.3667, 2.4, 2.4333, 2.4667, 2.5, 2.5333, 2.5667, 2.6, 2.6333, 2.6667, 2.7, 2.7333, 2.7667, 2.8, 2.8333, 2.8667, 2.9, 2.9333, 2.9667, 3.0],
            "transform": [
                [0.999999, -0.0, 0.0, -0.0, -0.0, -0.041795, 0.999127, 0.37472, -0.0, -0.999126, -0.041795, -0.0, 0.0, 0.0, 0.0, 1.0],
                [0.999999, -0.0, -0.0, -0.0, 0.0, -0.040592, 0.999176, 0.37472, -0.0, -0.999176, -0.040592, 0.0, 0.0, 0.0, 0.0, 1.0],
                [1.0, -0.0, 0.0, -0.0, -0.0, -0.039389, 0.999224, 0.37472, -0.0, -0.999224, -0.039389, 0.0, 0.0, 0.0, 0.0, 1.0],
                [1.0, -0.0, 0.0, -0.0, -0.0, -0.038186, 0.999271, 0.37472, -0.0, -0.999271, -0.038186, 0.0, 0.0, 0.0, 0.0, 1.0],
                [1.0, -0.0, 0.0, -0.0, -0.0, -0.036663, 0.999328, 0.37472, -0.0, -0.999328, -0.036663, 0.0, 0.0, 0.0, 0.0, 1.0],
                [1.0, -0.0, 0.0, 0.0, -0.0, -0.03514, 0.999382, 0.37472, -0.0, -0.999382, -0.03514, -0.0, 0.0, 0.0, 0.0, 1.0],
                [1.0, -0.0, 0.0, 0.0, -0.0, -0.033617, 0.999435, 0.37472, -0.0, -0.999435, -0.033617, 0.0, 0.0, 0.0, 0.0, 1.0],
                [1.0, -0.0, 0.0, 0.0, -0.0, -0.031995, 0.999489, 0.37472, -0.0, -0.999488, -0.031995, 0.0, 0.0, 0.0, 0.0, 1.0],
                [1.0, -0.0, 0.0, 0.0, -0.0, -0.030373, 0.999539, 0.37472, -0.0, -0.999538, -0.030373, -0.0, 0.0, 0.0, 0.0, 1.0],
                [1.0, -0.0, 0.0, 0.0, -0.0, -0.02871, 0.999588, 0.37472, -0.0, -0.999588, -0.02871, -0.0, 0.0, 0.0, 0.0, 1.0],
                [1.0, -0.0, 0.0, 0.0, -0.0, -0.027046, 0.999635, 0.37472, -0.0, -0.999634, -0.027046, 0.0, 0.0, 0.0, 0.0, 1.0],
                [1.0, -0.0, 0.0, -0.0, -0.0, -0.025429, 0.999677, 0.37472, -0.0, -0.999677, -0.025429, 0.0, 0.0, 0.0, 0.0, 1.0],
                [1.0, -0.0, 0.0, 0.0, -0.0, -0.023812, 0.999716, 0.37472, -0.0, -0.999716, -0.023812, 0.0, 0.0, 0.0, 0.0, 1.0],
                [1.0, -0.0, 0.0, 0.0, -0.0, -0.022387, 0.99975, 0.37472, -0.0, -0.99975, -0.022387, 0.0, 0.0, 0.0, 0.0, 1.0],
                [1.0, -0.0, 0.0, -0.0, -0.0, -0.020962, 0.999781, 0.37472, -0.0, -0.99978, -0.020962, 0.0, 0.0, 0.0, 0.0, 1.0],
                [1.0, -0.0, 0.0, 0.0, -0.0, -0.019537, 0.999809, 0.37472, -0.0, -0.999809, -0.019537, -0.0, 0.0, 0.0, 0.0, 1.0],
                [0.999999, -0.0, 0.0, 0.0, -0.0, -0.018579, 0.999828, 0.37472, -0.0, -0.999827, -0.018579, 0.0, 0.0, 0.0, 0.0, 1.0],
                [1.0, -0.0, 0.0, 0.0, -0.0, -0.017621, 0.999845, 0.37472, -0.0, -0.999845, -0.017621, 0.0, 0.0, 0.0, 0.0, 1.0],
                [1.0, -0.0, 0.0, 0.0, -0.0, -0.016663, 0.999862, 0.37472, -0.0, -0.999861, -0.016663, 0.0, 0.0, 0.0, 0.0, 1.0],
                [1.0, -0.0, 0.0, 0.0, -0.0, -0.015705, 0.999877, 0.37472, -0.0, -0.999876, -0.015705, -0.0, 0.0, 0.0, 0.0, 1.0],
                [1.0, -0.0, 0.0, 0.0, -0.0, -0.016111, 0.99987, 0.37472, -0.0, -0.99987, -0.016111, -0.0, 0.0, 0.0, 0.0, 1.0],
                [1.0, -0.0, 0.0, -0.0, -0.0, -0.016518, 0.999864, 0.37472, -0.0, -0.999863, -0.016518, 0.0, 0.0, 0.0, 0.0, 1.0],
                [1.0, -0.0, 0.0, -0.0, -0.0, -0.016924, 0.999858, 0.37472, -0.0, -0.999856, -0.016924, 0.0, 0.0, 0.0, 0.0, 1.0],
                [1.0, -0.0, 0.0, 0.0, -0.0, -0.017331, 0.99985, 0.37472, -0.0, -0.99985, -0.017331, -0.0, 0.0, 0.0, 0.0, 1.0],
                [1.0, -0.0, 0.0, -0.0, -0.0, -0.017737, 0.999843, 0.37472, -0.0, -0.999843, -0.017737, -0.0, 0.0, 0.0, 0.0, 1.0],
                [1.0, -0.0, 0.0, 0.0, -0.0, -0.018143, 0.999836, 0.37472, -0.0, -0.999835, -0.018143, 0.0, 0.0, 0.0, 0.0, 1.0],
                [1.0, -0.0, 0.0, 0.0, -0.0, -0.01855, 0.999828, 0.37472, -0.0, -0.999828, -0.01855, -0.0, 0.0, 0.0, 0.0, 1.0],
                [1.0, -0.0, 0.0, 0.0, -0.0, -0.018956, 0.999821, 0.37472, -0.0, -0.999821, -0.018956, -0.0, 0.0, 0.0, 0.0, 1.0],
                [1.0, -0.0, 0.0, 0.0, -0.0, -0.019362, 0.999813, 0.37472, -0.0, -0.999813, -0.019362, 0.0, 0.0, 0.0, 0.0, 1.0],
                [1.0, -0.0, -0.0, 0.0, 0.0, -0.0207, 0.999786, 0.37472, -0.0, -0.999786, -0.0207, -0.0, 0.0, 0.0, 0.0, 1.0],
                [0.999999, -0.0, 0.0, -0.0, -0.0, -0.022037, 0.999758, 0.37472, -0.0, -0.999757, -0.022037, -0.0, 0.0, 0.0, 0.0, 1.0],
                [1.0, -0.0, 0.0, 0.0, -0.0, -0.023375, 0.999727, 0.37472, -0.0, -0.999727, -0.023375, -0.0, 0.0, 0.0, 0.0, 1.0],
                [1.0, -0.0, 0.0, 0.0, -0.0, -0.025007, 0.999688, 0.37472, -0.0, -0.999687, -0.025007, 0.0, 0.0, 0.0, 0.0, 1.0],
                [1.0, -0.0, 0.0, 0.0, -0.0, -0.026639, 0.999646, 0.37472, -0.0, -0.999645, -0.026639, -0.0, 0.0, 0.0, 0.0, 1.0],
                [1.0, -0.0, 0.0, 0.0, -0.0, -0.028271, 0.9996, 0.37472, -0.0, -0.999601, -0.028271, 0.0, 0.0, 0.0, 0.0, 1.0],
                [1.0, -0.0, 0.0, -0.0, -0.0, -0.030067, 0.999548, 0.37472, -0.0, -0.999548, -0.030067, -0.0, 0.0, 0.0, 0.0, 1.0],
                [1.0, -0.0, 0.0, 0.0, -0.0, -0.031864, 0.999493, 0.37472, -0.0, -0.999492, -0.031864, 0.0, 0.0, 0.0, 0.0, 1.0],
                [1.0, -0.0, 0.0, 0.0, -0.0, -0.033838, 0.999427, 0.37472, -0.0, -0.999427, -0.033838, 0.0, 0.0, 0.0, 0.0, 1.0],
                [1.0, -0.0, 0.0, 0.0, -0.0, -0.035812, 0.999359, 0.37472, -0.0, -0.999359, -0.035812, 0.0, 0.0, 0.0, 0.0, 1.0],
                [1.0, -0.0, 0.0, 0.0, -0.0, -0.037835, 0.999284, 0.37472, -0.0, -0.999285, -0.037835, 0.0, 0.0, 0.0, 0.0, 1.0],
                [1.0, -0.0, 0.0, 0.0, -0.0, -0.039858, 0.999206, 0.37472, -0.0, -0.999206, -0.039858, 0.0, 0.0, 0.0, 0.0, 1.0],
                [1.0, -0.0, 0.0, 0.0, -0.0, -0.041973, 0.999119, 0.37472, -0.0, -0.999119, -0.041972, -0.0, 0.0, 0.0, 0.0, 1.0],
                [1.0, -0.0, 0.0, -0.0, -0.0, -0.044087, 0.999028, 0.37472, -0.0, -0.999028, -0.044087, -0.0, 0.0, 0.0, 0.0, 1.0],
                [1.0, -0.0, 0.0, -0.0, -0.0, -0.046295, 0.998928, 0.37472, -0.0, -0.998928, -0.046295, 0.0, 0.0, 0.0, 0.0, 1.0],
                [1.0, -0.0, 0.0, 0.0, -0.0, -0.048502, 0.998823, 0.37472, -0.0, -0.998823, -0.048502, -0.0, 0.0, 0.0, 0.0, 1.0],
                [1.0, -0.0, 0.0, 0.0, -0.0, -0.050714, 0.998714, 0.37472, -0.0, -0.998713, -0.050714, 0.0, 0.0, 0.0, 0.0, 1.0],
                [1.0, -0.0, 0.0, -0.0, -0.0, -0.052926, 0.998599, 0.37472, -0.0, -0.998598, -0.052926, 0.0, 0.0, 0.0, 0.0, 1.0],
                [1.0, -0.0, 0.0, 0.0, -0.0, -0.055142, 0.998479, 0.37472, -0.0, -0.998478, -0.055142, 0.0, 0.0, 0.0, 0.0, 1.0],
                [1.0, -0.0, 0.0, 0.0, -0.0, -0.057359, 0.998354, 0.37472, -0.0, -0.998353, -0.057359, 0.0, 0.0, 0.0, 0.0, 1.0],
                [1.0, -0.0, 0.0, -0.0, -0.0, -0.059536, 0.998227, 0.37472, -0.0, -0.998226, -0.059536, -0.0, 0.0, 0.0, 0.0, 1.0],
                [1.0, -0.0, 0.0, 0.0, -0.0, -0.061713, 0.998095, 0.37472, -0.0, -0.998094, -0.061713, 0.0, 0.0, 0.0, 0.0, 1.0],
                [1.0, -0.0, 0.0, 0.0, -0.0, -0.063805, 0.997963, 0.37472, -0.0, -0.997962, -0.063805, -0.0, 0.0, 0.0, 0.0, 1.0],
                [1.0, -0.0, 0.0, -0.0, -0.0, -0.065898, 0.997826, 0.37472, -0.0, -0.997827, -0.065898, -0.0, 0.0, 0.0, 0.0, 1.0],
                [1.0, -0.0, 0.0, -0.0, -0.0, -0.067904, 0.997692, 0.37472, -0.0, -0.997691, -0.067904, -0.0, 0.0, 0.0, 0.0, 1.0],
                [1.0, -0.0, 0.0, 0.0, -0.0, -0.069911, 0.997553, 0.37472, -0.0, -0.997553, -0.069911, -0.0, 0.0, 0.0, 0.0, 1.0],
                [1.0, -0.0, 0.0, -0.0, -0.0, -0.071833, 0.997417, 0.37472, -0.0, -0.997416, -0.071833, 0.0, 0.0, 0.0, 0.0, 1.0],
                [1.0, -0.0, 0.0, 0.0, -0.0, -0.073754, 0.997277, 0.37472, -0.0, -0.997276, -0.073754, 0.0, 0.0, 0.0, 0.0, 1.0],
                [1.0, -0.0, 0.0, 0.0, -0.0, -0.075545, 0.997143, 0.37472, -0.0, -0.997142, -0.075545, -0.0, 0.0, 0.0, 0.0, 1.0],
                [1.0, -0.0, 0.0, 0.0, -0.0, -0.077335, 0.997006, 0.37472, -0.0, -0.997005, -0.077335, -0.0, 0.0, 0.0, 0.0, 1.0],
                [1.0, -0.0, 0.0, -0.0, -0.0, -0.07892, 0.996882, 0.37472, -0.0, -0.996881, -0.07892, 0.0, 0.0, 0.0, 0.0, 1.0],
                [1.0, -0.0, 0.0, -0.0, -0.0, -0.080504, 0.996755, 0.37472, -0.0, -0.996754, -0.080504, 0.0, 0.0, 0.0, 0.0, 1.0],
                [1.0, -0.0, 0.0, 0.0, -0.0, -0.082089, 0.996625, 0.37472, -0.0, -0.996625, -0.082089, 0.0, 0.0, 0.0, 0.0, 1.0],
                [1.0, -0.0, 0.0, 0.0, -0.0, -0.083347, 0.996521, 0.37472, -0.0, -0.99652, -0.083347, -0.0, 0.0, 0.0, 0.0, 1.0],
                [1.0, -0.0, 0.0, -0.0, -0.0, -0.084605, 0.996415, 0.37472, -0.0, -0.996414, -0.084605, 0.0, 0.0, 0.0, 0.0, 1.0],
                [1.0, -0.0, 0.0, -0.0, -0.0, -0.085863, 0.996307, 0.37472, -0.0, -0.996306, -0.085863, -0.0, 0.0, 0.0, 0.0, 1.0],
                [1.0, -0.0, 0.0, 0.0, -0.0, -0.086741, 0.996231, 0.37472, -0.0, -0.996231, -0.086741, 0.0, 0.0, 0.0, 0.0, 1.0],
                [1.0, -0.0, 0.0, 0.0, -0.0, -0.087619, 0.996154, 0.37472, -0.0, -0.996154, -0.087619, -0.0, 0.0, 0.0, 0.0, 1.0],
                [1.0, -0.0, 0.0, 0.0, -0.0, -0.088496, 0.996077, 0.37472, -0.0, -0.996076, -0.088496, -0.0, 0.0, 0.0, 0.0, 1.0],
                [1.0, -0.0, 0.0, -0.0, -0.0, -0.089374, 0.995999, 0.37472, -0.0, -0.995998, -0.089374, 0.0, 0.0, 0.0, 0.0, 1.0],
                [1.0, -0.0, 0.0, -0.0, -0.0, -0.088732, 0.996057, 0.37472, -0.0, -0.996055, -0.088732, 0.0, 0.0, 0.0, 0.0, 1.0],
                [1.0, -0.0, 0.0, -0.0, -0.0, -0.088089, 0.996113, 0.37472, -0.0, -0.996112, -0.088089, -0.0, 0.0, 0.0, 0.0, 1.0],
                [1.0, -0.0, 0.0, 0.0, -0.0, -0.087446, 0.99617, 0.37472, -0.0, -0.996169, -0.087446, 0.0, 0.0, 0.0, 0.0, 1.0],
                [1.0, -0.0, 0.0, -0.0, -0.0, -0.086803, 0.996226, 0.37472, -0.0, -0.996225, -0.086803, 0.0, 0.0, 0.0, 0.0, 1.0],
                [1.0, -0.0, 0.0, 0.0, -0.0, -0.08616, 0.996282, 0.37472, -0.0, -0.996281, -0.08616, 0.0, 0.0, 0.0, 0.0, 1.0],
                [1.0, -0.0, 0.0, 0.0, -0.0, -0.085517, 0.996337, 0.37472, -0.0, -0.996336, -0.085518, 0.0, 0.0, 0.0, 0.0, 1.0],
                [1.0, -0.0, 0.0, 0.0, -0.0, -0.084875, 0.996392, 0.37472, -1e-06, -0.996392, -0.084875, -0.0, 0.0, 0.0, 0.0, 1.0],
                [1.0, -0.0, 0.0, 0.0, -0.0, -0.082674, 0.996577, 0.37472, -0.0, -0.996577, -0.082674, 0.0, 0.0, 0.0, 0.0, 1.0],
                [1.0, -0.0, 0.0, -0.0, -0.0, -0.080473, 0.996757, 0.37472, -0.0, -0.996756, -0.080473, -0.0, 0.0, 0.0, 0.0, 1.0],
                [1.0, -0.0, 0.0, 0.0, -0.0, -0.07783, 0.996967, 0.37472, -0.0, -0.996967, -0.07783, -0.0, 0.0, 0.0, 0.0, 1.0],
                [0.999999, -0.0, 0.0, 0.0, -0.0, -0.075185, 0.997171, 0.37472, -0.0, -0.997169, -0.075186, -0.0, 0.0, 0.0, 0.0, 1.0],
                [1.0, -0.0, 0.0, 0.0, -0.0, -0.072191, 0.997391, 0.37472, -0.0, -0.997391, -0.072191, 0.0, 0.0, 0.0, 0.0, 1.0],
                [1.0, -0.0, 0.0, -0.0, -0.0, -0.069197, 0.997604, 0.37472, -0.0, -0.997603, -0.069197, -0.0, 0.0, 0.0, 0.0, 1.0],
                [1.0, -0.0, 0.0, -0.0, -0.0, -0.066034, 0.997817, 0.37472, -0.0, -0.997817, -0.066034, 0.0, 0.0, 0.0, 0.0, 1.0],
                [0.999999, -0.0, 0.0, 0.0, -0.0, -0.06287, 0.998023, 0.37472, -0.0, -0.998021, -0.06287, -0.0, 0.0, 0.0, 0.0, 1.0],
                [0.999999, -0.0, 0.0, 0.0, -0.0, -0.059579, 0.998224, 0.37472, -1e-06, -0.998224, -0.059579, 0.0, 0.0, 0.0, 0.0, 1.0],
                [1.0, -0.0, 0.0, -0.0, -0.0, -0.056385, 0.998409, 0.37472, -0.0, -0.998409, -0.056385, -0.0, 0.0, 0.0, 0.0, 1.0],
                [0.999999, -0.0, 0.0, 0.0, -0.0, -0.053191, 0.998585, 0.37472, -0.0, -0.998584, -0.053191, 0.0, 0.0, 0.0, 0.0, 1.0],
                [1.0, -0.0, 0.0, 0.0, -0.0, -0.050184, 0.99874, 0.37472, -0.0, -0.99874, -0.050184, 0.0, 0.0, 0.0, 0.0, 1.0],
                [1.0, -0.0, 0.0, 0.0, -0.0, -0.047176, 0.998887, 0.37472, -0.0, -0.998886, -0.047176, 0.0, 0.0, 0.0, 0.0, 1.0],
                [1.0, -0.0, 0.0, -0.0, -0.0, -0.044486, 0.999011, 0.37472, -0.0, -0.99901, -0.044486, -0.0, 0.0, 0.0, 0.0, 1.0],
                [1.0, -0.0, 0.0, 0.0, -0.0, -0.041795, 0.999127, 0.37472, -0.0, -0.999126, -0.041795, -0.0, 0.0, 0.0, 0.0, 1.0]
            ]
        },
        {
            "name": "Knee_R",
            "time": [0.0, 3.0],
            "transform": [
                [1.0, 0.0, -0.0, -0.0, -0.0, 0.0, -1.0, 0.37472, -0.0, 1.0, 0.0, -0.0, 0.0, 0.0, 0.0, 1.0],
                [1.0, 0.0, -0.0, 0.0, -0.0, 0.0, -1.0, 0.37472, -0.0, 1.0, 0.0, -0.0, 0.0, 0.0, 0.0, 1.0]
            ]
        },
        {
            "name": "Thigh_L",
