{
    "animation": [
        {
            "name": "Root",
            "time": [0.0, 0.0333, 0.0667, 0.1, 0.1333, 0.1667, 0.2, 0.2333, 0.2667, 0.3, 0.3333, 0.3667, 0.4, 0.4333, 0.4667, 0.5, 0.5333, 0.5667, 0.6, 0.6333, 0.6667, 0.7, 0.7333, 0.7667, 0.8, 0.8333, 0.8667, 0.9, 0.9333, 0.9667, 1.0, 1.0333, 1.0667, 1.1, 1.1333, 1.1667, 1.2, 1.2333, 1.2667, 1.3, 1.3333, 1.6667, 2.0, 2.3333, 2.6667, 3.0, 3.3333],
            "transform": [
                [1.0, -0.0, 0.0, 0.011161, 0.0, -0.0, -1.0, 4.1e-05, 0.0, 1.0, -0.0, 0.309512, 0.0, 0.0, 0.0, 1.0],
                [1.0, -0.0, 0.0, 0.00575, 0.0, -0.0, -1.0, 0.063996, 0.0, 1.0, -0.0, 0.309512, 0.0, 0.0, 0.0, 1.0],
                [1.0, -0.0, 0.0, -0.000488, 0.0, -0.0, -1.0, 0.112321, 0.0, 1.0, -0.0, 0.309512, 0.0, 0.0, 0.0, 1.0],
                [1.0, -0.0, 0.0, -0.006932, 0.0, -0.0, -1.0, 0.156739, 0.0, 1.0, -0.0, 0.309512, 0.0, 0.0, 0.0, 1.0],
                [1.0, -0.0, 0.0, -0.012962, 0.0, -0.0, -1.0, 0.208971, 0.0, 1.0, -0.0, 0.309512, 0.0, 0.0, 0.0, 1.0],
                [1.0, -0.0, 0.0, -0.01796, 0.0, -0.0, -1.0, 0.280742, 0.0, 1.0, -0.0, 0.309512, 0.0, 0.0, 0.0, 1.0],
                [1.0, -0.0, 0.0, -0.021304, 0.0, -0.0, -1.0, 0.383772, 0.0, 1.0, -0.0, 0.309512, 0.0, 0.0, 0.0, 1.0],
                [1.0, -0.0, 0.0, -0.022376, 0.0, -0.0, -1.0, 0.529785, 0.0, 1.0, -0.0, 0.234962, 0.0, 0.0, 0.0, 1.0],
                [1.0, -0.0, 0.0, -0.019828, 0.0, -0.0, -1.0, 0.826038, 0.0, 1.0, -0.0, 0.309512, 0.0, 0.0, 0.0, 1.0],
                [1.0, -0.0, 0.0, -0.009404, 0.0, -0.0, -1.0, 1.271211, 0.0, 1.0, -0.0, 0.309512, 0.0, 0.0, 0.0, 1.0],
                [1.0, -0.0, 0.0, 0.013876, 0.0, -0.0, -1.0, 1.714164, 0.0, 1.0, -0.0, 0.309512, 0.0, 0.0, 0.0, 1.0],
                [1.0, -0.0, 0.0, 0.079098, 0.0, -0.0, -1.0, 2.167763, 0.0, 1.0, -0.0, 0.309512, 0.0, 0.0, 0.0, 1.0],
                [1.0, -0.0, 0.0, 0.134472, 0.0, -0.0, -1.0, 2.487101, 0.0, 1.0, -0.0, 0.309512, 0.0, 0.0, 0.0, 1.0],
                [1.0, -0.0, 0.0, 0.137958, 0.0, -0.0, -1.0, 2.574512, 0.0, 1.0, -0.0, 0.309512, 0.0, 0.0, 0.0, 1.0],
                [1.0, -0.0, 0.0, 0.137178, 0.0, -0.0, -1.0, 2.575693, 0.0, 1.0, -0.0, 0.304579, 0.0, 0.0, 0.0, 1.0],
                [1.0, -0.0, 0.0, 0.136399, 0.0, -0.0, -1.0, 2.576873, 0.0, 1.0, -0.0, 0.299645, 0.0, 0.0, 0.0, 1.0],
                [1.0, -0.0, 0.0, 0.13562, 0.0, -0.0, -1.0, 2.578053, 0.0, 1.0, -0.0, 0.294712, 0.0, 0.0, 0.0, 1.0],
                [1.0, -0.0, 0.0, 0.13484, 0.0, -0.0, -1.0, 2.579234, 0.0, 1.0, -0.0, 0.289778, 0.0, 0.0, 0.0, 1.0],
                [1.0, -0.0, 0.0, 0.134061, 0.0, -0.0, -1.0, 2.580414, 0.0, 1.0, -0.0, 0.284845, 0.0, 0.0, 0.0, 1.0],
                [1.0, -0.0, 0.0, 0.133281, 0.0, -0.0, -1.0, 2.581594, 0.0, 1.0, -0.0, 0.279911, 0.0, 0.0, 0.0, 1.0],
                [1.0, -0.0, 0.0, 0.132502, 0.0, -0.0, -1.0, 2.582775, 0.0, 1.0, -0.0, 0.274978, 0.0, 0.0, 0.0, 1.0],
                [1.0, -0.0, 0.0, 0.131722, 0.0, -0.0, -1.0, 2.583955, 0.0, 1.0, -0.0, 0.270044, 0.0, 0.0, 0.0, 1.0],
                [1.0, -0.0, 0.0, 0.130943, 0.0, -0.0, -1.0, 2.585135, 0.0, 1.0, -0.0, 0.265111, 0.0, 0.0, 0.0, 1.0],
                [1.0, -0.0, 0.0, 0.130163, 0.0, -0.0, -1.0, 2.586316, 0.0, 1.0, -0.0, 0.260177, 0.0, 0.0, 0.0, 1.0],
                [1.0, -0.0, 0.0, 0.129384, 0.0, -0.0, -1.0, 2.587496, 0.0, 1.0, -0.0, 0.255244, 0.0, 0.0, 0.0, 1.0],
                [1.0, -0.0, 0.0, 0.128604, 0.0, -0.0, -1.0, 2.588676, 0.0, 1.0, -0.0, 0.25031, 0.0, 0.0, 0.0, 1.0],
                [1.0, -0.0, 0.0, 0.127825, 0.0, -0.0, -1.0, 2.589857, 0.0, 1.0, -0.0, 0.245377, 0.0, 0.0, 0.0, 1.0],
                [1.0, -0.0, 0.0, 0.127046, 0.0, -0.0, -1.0, 2.591037, 0.0, 1.0, -0.0, 0.240444, 0.0, 0.0, 0.0, 1.0],
                [1.0, -0.0, 0.0, 0.126266, 0.0, -0.0, -1.0, 2.592217, 0.0, 1.0, -0.0, 0.23551, 0.0, 0.0, 0.0, 1.0],
                [1.0, -0.0, 0.0, 0.125487, 0.0, -0.0, -1.0, 2.593398, 0.0, 1.0, -0.0, 0.230577, 0.0, 0.0, 0.0, 1.0],
                [1.0, -0.0, 0.0, 0.124707, 0.0, -0.0, -1.0, 2.594578, 0.0, 1.0, -0.0, 0.225643, 0.0, 0.0, 0.0, 1.0],
                [1.0, -0.0, 0.0, 0.12393, 0.0, -0.0, -1.0, 2.588045, 0.0, 1.0, -0.0, 0.224711, 0.0, 0.0, 0.0, 1.0],
                [1.0, -0.0, 0.0, 0.123154, 0.0, -0.0, -1.0, 2.581512, 0.0, 1.0, -0.0, 0.223779, 0.0, 0.0, 0.0, 1.0],
                [1.0, -0.0, 0.0, 0.122377, 0.0, -0.0, -1.0, 2.57498, 0.0, 1.0, -0.0, 0.222847, 0.0, 0.0, 0.0, 1.0],
                [1.0, -0.0, 0.0, 0.1216, 0.0, -0.0, -1.0, 2.568447, 0.0, 1.0, -0.0, 0.221916, 0.0, 0.0, 0.0, 1.0],
                [1.0, -0.0, 0.0, 0.120823, 0.0, -0.0, -1.0, 2.561914, 0.0, 1.0, -0.0, 0.220984, 0.0, 0.0, 0.0, 1.0],
                [1.0, -0.0, 0.0, 0.120047, 0.0, -0.0, -1.0, 2.555381, 0.0, 1.0, -0.0, 0.220052, 0.0, 0.0, 0.0, 1.0],
                [1.0, -0.0, 0.0, 0.11927, 0.0, -0.0, -1.0, 2.548849, 0.0, 1.0, -0.0, 0.21912, 0.0, 0.0, 0.0, 1.0],
                [1.0, -0.0, 0.0, 0.118493, 0.0, -0.0, -1.0, 2.542316, 0.0, 1.0, -0.0, 0.218188, 0.0, 0.0, 0.0, 1.0],
                [1.0, -0.0, 0.0, 0.117716, 0.0, -0.0, -1.0, 2.535783, 0.0, 1.0, -0.0, 0.217256, 0.0, 0.0, 0.0, 1.0],
                [1.0, -0.0, 0.0, 0.116939, 0.0, -0.0, -1.0, 2.52925, 0.0, 1.0, -0.0, 0.216324, 0.0, 0.0, 0.0, 1.0],
                [1.0, -0.0, 0.0, -0.021863, 0.0, -0.0, -1.0, 2.473183, 0.0, 1.0, -0.0, 0.342387, 0.0, 0.0, 0.0, 1.0],
                [1.0, -0.0, 0.0, -0.026388, 0.0, -0.0, -1.0, 3.131468, 0.0, 1.0, -0.0, 0.351705, 0.0, 0.0, 0.0, 1.0],
                [1.0, -0.0, 0.0, -0.036091, 0.0, -0.0, -1.0, 3.475236, 0.0, 1.0, -0.0, 0.385357, 0.0, 0.0, 0.0, 1.0],
                [1.0, -0.0, 0.0, -0.035617, 0.0, -0.0, -1.0, 3.693347, 0.0, 1.0, -0.0, 0.406065, 0.0, 0.0, 0.0, 1.0],
                [1.0, -0.0, 0.0, -0.034883, 0.0, -0.0, -1.0, 3.738809, 0.0, 1.0, -0.0, 0.415384, 0.0, 0.0, 0.0, 1.0],
                [1.0, -0.0, 0.0, -0.034149, 0.0, -0.0, -1.0, 3.784271, 0.0, 1.0, -0.0, 0.424702, 0.0, 0.0, 0.0, 1.0]
            ]
        },
        {
            "name": "Thigh_R",
            "time": [0.0, 0.0333, 0.0667, 0.1, 0.1333, 0.1667, 0.2, 0.2333, 0.2667, 0.3, 0.3333, 0.3667, 0.4, 0.4333, 0.4667, 0.5, 0.5333, 0.5667, 0.6, 0.6333, 0.6667, 0.7, 0.7333, 0.7667, 0.8, 0.8333, 0.8667, 0.9, 0.9333, 0.9667, 1.0, 1.0333, 1.0667, 1.1, 1.1333, 1.1667, 1.2, 1.2333, 1.2667, 1.3, 1.3333, 1.6667, 2.0, 2.3333, 2.6667, 3.0, 3.3333],
            "transform": [
                [-0.254108, 0.880539, 0.400101, 0.124994, 0.319773, -0.313927, 0.893977, -0.002831, 0.912784, 0.355108, -0.201801, -1.2e-05, 0.0, 0.0, 0.0, 1.0],
                [-0.135426, 0.888783, 0.437862, 0.124994, 0.425338, -0.346987, 0.835875, -0.002831, 0.894845, 0.299439, -0.331042, -1.2e-05, 0.0, 0.0, 0.0, 1.0],
                [-0.010599, 0.899005, 0.43781, 0.124994, 0.501625, -0.373977, 0.780073, -0.002831, 0.865021, 0.227884, -0.446999, -1.2e-05, 0.0, 0.0, 0.0, 1.0],
                [0.120291, 0.892597, 0.434512, 0.124994, 0.562141, -0.422002, 0.711275, -0.002831, 0.818247, 0.158696, -0.552528, -1.2e-05, 0.0, 0.0, 0.0, 1.0],
                [0.25683, 0.863895, 0.433271, 0.124994, 0.613414, -0.492145, 0.61767, -0.002831, 0.746835, 0.107138, -0.656323, -1.2e-05, 0.0, 0.0, 0.0, 1.0],
                [0.390444, 0.802892, 0.450465, 0.124994, 0.654152, -0.586246, 0.477913, -0.002831, 0.647796, 0.108074, -0.754109, -1.2e-05, 0.0, 0.0, 0.0, 1.0],
                [0.521676, 0.694057, 0.496123, 0.124994, 0.673522, -0.691986, 0.25985, -0.002831, 0.523661, 0.198592, -0.828457, -1.2e-05, 0.0, 0.0, 0.0, 1.0],
                [0.64966, 0.503082, 0.569957, 0.124994, 0.655033, -0.750938, -0.083803, -0.002831, 0.385843, 0.427784, -0.81739, -1.2e-05, 0.0, 0.0, 0.0, 1.0],
                [0.818058, 0.500585, 0.283189, 0.124994, 0.510568, -0.858756, 0.043103, -0.002831, 0.264767, 0.109326, -0.958095, -1.2e-05, 0.0, 0.0, 0.0, 1.0],
                [0.982716, 0.182131, -0.033124, 0.124994, 0.179787, -0.896378, 0.405195, -0.002831, 0.044107, -0.404147, -0.91363, -1.2e-05, 0.0, 0.0, 0.0, 1.0],
                [0.936062, -0.294419, -0.192628, 0.124994, -0.085297, -0.721062, 0.6876, -0.002831, -0.341339, -0.627205, -0.700072, -1.2e-05, 0.0, 0.0, 0.0, 1.0],
                [0.541116, -0.616809, -0.571612, 0.124994, 0.141665, -0.603149, 0.784947, -0.002831, -0.82893, -0.505726, -0.238993, -1.2e-05, 0.0, 0.0, 0.0, 1.0],
                [0.027423, -0.669627, -0.742191, 0.124994, 0.354703, -0.687638, 0.633513, -0.002831, -0.934577, -0.280631, 0.218661, -1.2e-05, 0.0, 0.0, 0.0, 1.0],
                [0.005558, -0.672149, -0.740395, 0.124994, 0.288553, -0.707833, 0.644755, -0.002831, -0.957448, -0.217227, 0.190017, -1.2e-05, 0.0, 0.0, 0.0, 1.0],
                [0.016297, -0.675226, -0.737431, 0.124994, 0.310402, -0.697672, 0.645681, -0.002831, -0.950466, -0.239422, 0.198222, -1.2e-05, 0.0, 0.0, 0.0, 1.0],
                [0.027157, -0.678036, -0.734527, 0.124994, 0.332058, -0.686954, 0.646399, -0.002831, -0.942868, -0.26146, 0.206491, -1.2e-05, 0.0, 0.0, 0.0, 1.0],
                [0.038128, -0.680573, -0.731687, 0.124994, 0.353499, -0.675686, 0.646905, -0.002831, -0.934658, -0.283316, 0.214819, -1.2e-05, 0.0, 0.0, 0.0, 1.0],
                [0.049198, -0.682834, -0.728915, 0.124994, 0.374702, -0.663877, 0.647198, -0.002831, -0.925839, -0.304967, 0.223198, -1.2e-05, 0.0, 0.0, 0.0, 1.0],
                [0.060357, -0.684815, -0.726213, 0.124994, 0.395644, -0.651535, 0.647277, -0.002831, -0.916418, -0.32639, 0.231618, -1.2e-05, 0.0, 0.0, 0.0, 1.0],
                [0.071595, -0.686513, -0.723584, 0.124994, 0.416303, -0.63867, 0.647141, -0.002831, -0.906403, -0.347562, 0.240072, -1.2e-05, 0.0, 0.0, 0.0, 1.0],
                [0.0829, -0.687925, -0.721031, 0.124994, 0.436658, -0.625295, 0.646789, -0.002831, -0.8958, -0.368463, 0.248551, -1.2e-05, 0.0, 0.0, 0.0, 1.0],
                [0.094261, -0.689049, -0.718558, 0.124994, 0.456685, -0.611421, 0.646221, -0.002831, -0.88462, -0.389068, 0.257045, -1.2e-05, 0.0, 0.0, 0.0, 1.0],
                [0.105666, -0.689885, -0.716166, 0.124994, 0.476366, -0.597063, 0.645438, -0.002831, -0.872874, -0.409359, 0.265549, -1.2e-05, 0.0, 0.0, 0.0, 1.0],
                [0.117104, -0.690429, -0.713858, 0.124994, 0.49568, -0.582235, 0.64444, -0.002831, -0.860574, -0.429312, 0.27405, -1.2e-05, 0.0, 0.0, 0.0, 1.0],
                [0.128563, -0.690684, -0.711637, 0.124994, 0.514609, -0.566952, 0.643228, -0.002831, -0.847732, -0.44891, 0.282543, -1.2e-05, 0.0, 0.0, 0.0, 1.0],
                [0.140032, -0.690649, -0.709504, 0.124994, 0.533133, -0.551231, 0.641805, -0.002831, -0.834362, -0.468133, 0.291018, -1.2e-05, 0.0, 0.0, 0.0, 1.0],
                [0.151499, -0.690324, -0.707461, 0.124994, 0.551235, -0.535089, 0.640172, -0.002831, -0.820481, -0.486962, 0.299465, -1.2e-05, 0.0, 0.0, 0.0, 1.0],
                [0.162951, -0.689712, -0.70551, 0.124994, 0.568898, -0.518544, 0.638331, -0.002831, -0.806103, -0.50538, 0.307878, -1.2e-05, 0.0, 0.0, 0.0, 1.0],
                [0.174379, -0.688814, -0.703652, 0.124994, 0.586107, -0.501615, 0.636287, -0.002831, -0.791246, -0.523371, 0.316248, -1.2e-05, 0.0, 0.0, 0.0, 1.0],
                [0.185771, -0.687634, -0.701889, 0.124994, 0.602848, -0.48432, 0.634041, -0.002831, -0.775927, -0.540919, 0.324566, -1.2e-05, 0.0, 0.0, 0.0, 1.0],
                [0.197115, -0.686173, -0.700222, 0.124994, 0.619106, -0.466681, 0.631598, -0.002831, -0.760166, -0.558009, 0.332825, -1.2e-05, 0.0, 0.0, 0.0, 1.0],
                [0.205144, -0.684935, -0.699128, 0.124994, 0.619747, -0.46196, 0.634433, -0.002831, -0.757515, -0.563433, 0.329719, -1.2e-05, 0.0, 0.0, 0.0, 1.0],
                [0.21316, -0.683638, -0.697999, 0.124994, 0.620341, -0.457233, 0.637271, -0.002831, -0.754811, -0.568838, 0.326625, -1.2e-05, 0.0, 0.0, 0.0, 1.0],
                [0.221163, -0.682281, -0.696835, 0.124994, 0.620889, -0.4525, 0.640109, -0.002831, -0.752053, -0.574225, 0.323545, -1.2e-05, 0.0, 0.0, 0.0, 1.0],
                [0.229151, -0.680866, -0.695637, 0.124994, 0.62139, -0.447763, 0.642949, -0.002831, -0.749243, -0.579594, 0.320478, -1.2e-05, 0.0, 0.0, 0.0, 1.0],
                [0.237123, -0.679393, -0.694405, 0.124994, 0.621843, -0.443021, 0.645789, -0.002831, -0.74638, -0.584943, 0.317425, -1.2e-05, 0.0, 0.0, 0.0, 1.0],
                [0.245079, -0.677861, -0.693139, 0.124994, 0.62225, -0.438274, 0.648629, -0.002831, -0.743465, -0.590271, 0.314387, -1.2e-05, 0.0, 0.0, 0.0, 1.0],
                [0.253018, -0.67627, -0.691838, 0.124994, 0.62261, -0.433524, 0.651469, -0.002831, -0.740498, -0.595579, 0.311363, -1.2e-05, 0.0, 0.0, 0.0, 1.0],
                [0.260939, -0.674622, -0.690505, 0.124994, 0.622924, -0.428772, 0.65431, -0.002831, -0.73748, -0.600866, 0.308355, -1.2e-05, 0.0, 0.0, 0.0, 1.0],
                [0.268841, -0.672915, -0.689137, 0.124994, 0.623189, -0.424017, 0.657149, -0.002831, -0.734411, -0.606131, 0.305361, -1.2e-05, 0.0, 0.0, 0.0, 1.0],
                [0.276723, -0.671151, -0.687737, 0.124994, 0.623408, -0.419259, 0.659988, -0.002831, -0.731291, -0.611374, 0.302383, -1.2e-05, 0.0, 0.0, 0.0, 1.0],
                [0.991646, 0.088681, -0.093668, 0.124994, 0.124936, -0.47975, 0.868465, -0.002831, 0.032079, -0.872912, -0.486822, -1.2e-05, 0.0, 0.0, 0.0, 1.0],
                [0.883816, 0.363195, 0.294885, 0.124994, 0.105634, -0.768968, 0.630499, -0.002831, 0.455752, -0.526096, -0.717993, -1.2e-05, 0.0, 0.0, 0.0, 1.0],
                [0.671528, 0.435345, 0.599604, 0.124994, 0.258316, -0.895983, 0.36123, -0.002831, 0.694495, -0.087688, -0.714134, -1.2e-05, 0.0, 0.0, 0.0, 1.0],
                [0.537355, 0.373349, 0.756214, 0.124994, 0.293186, -0.923443, 0.247577, -0.002831, 0.790754, 0.088675, -0.605678, -1.2e-05, 0.0, 0.0, 0.0, 1.0],
                [0.563161, 0.31502, 0.763945, 0.124994, 0.275912, -0.943111, 0.185506, -0.002831, 0.778924, 0.106312, -0.618042, -1.2e-05, 0.0, 0.0, 0.0, 1.0],
                [0.587694, 0.255751, 0.767598, 0.124994, 0.256774, -0.958636, 0.122809, -0.002831, 0.767257, 0.124925, -0.629056, -1.2e-05, 0.0, 0.0, 0.0, 1.0]
            ]
        },
        {
            "name": "Leg_R",
            "time": [0.0, 0.0333, 0.0667, 0.1, 0.1333, 0.1667, 0.2, 0.2333, 0.2667, 0.3, 0.3333, 0.3667, 0.4, 0.4333, 0.4667, 0.5, 0.5333, 0.5667, 0.6, 0.6333, 0.6667, 0.7, 0.7333, 0.7667, 0.8, 0.8333, 0.8667, 0.9, 0.9333, 0.9667, 1.0, 1.0333, 1.0667, 1.1, 1.1333, 1.1667, 1.2, 1.2333, 1.2667, 1.3, 1.3333, 1.6667, 2.0, 2.3333, 2.6667, 3.0, 3.3333],
            "transform": [
                [1.0, -0.0, 0.0, -0.0, -0.0, -0.036603, 0.99933, 0.37472, -0.0, -0.99933, -0.036603, 0.0, 0.0, 0.0, 0.0, 1.0],
                [1.0, -0.0, 0.0, 0.0, -0.0, -0.019101, 0.999818, 0.37472, -0.0, -0.999818, -0.019101, -0.0, 0.0, 0.0, 0.0, 1.0],
                [1.0, -0.0, 0.0, -0.0, -0.0, -0.023637, 0.999721, 0.37472, -0.0, -0.999721, -0.023637, 0.0, 0.0, 0.0, 0.0, 1.0],
                [1.0, -0.0, 0.0, 0.0, 0.0, -0.020408, 0.999792, 0.37472, -0.0, -0.999792, -0.020408, 0.0, 0.0, 0.0, 0.0, 1.0],
                [1.0, -0.0, 0.0, 0.0, -0.0, 0.003774, 0.999994, 0.37472, -0.0, -0.999993, 0.003774, 0.0, 0.0, 0.0, 0.0, 1.0],
                [1.0, -0.0, 0.0, -0.0, -0.0, 0.074915, 0.997191, 0.37472, -0.0, -0.99719, 0.074915, -0.0, 0.0, 0.0, 0.0, 1.0],
                [1.0, -0.0, 0.0, 0.0, -0.0, 0.235246, 0.971936, 0.37472, -0.0, -0.971936, 0.235247, 0.0, 0.0, 0.0, 0.0, 1.0],
                [1.0, 0.0, 0.0, 0.0, -0.0, 0.560577, 0.828103, 0.37472, -0.0, -0.828102, 0.560578, 0.0, 0.0, 0.0, 0.0, 1.0],
                [1.0, -0.0, 0.0, 0.0, -0.0, 0.336644, 0.941633, 0.37472, -0.0, -0.941632, 0.336644, 0.0, 0.0, 0.0, 0.0, 1.0],
                [1.0, -0.0, -0.0, -0.0, -0.0, -0.111194, 0.993799, 0.37472, -0.0, -0.993799, -0.111194, -0.0, 0.0, 0.0, 0.0, 1.0],
                [1.0, -0.0, -0.0, 0.0, 0.0, -0.425976, 0.904735, 0.37472, -0.0, -0.904735, -0.425976, 0.0, 0.0, 0.0, 0.0, 1.0],
                [1.0, -0.0, -0.0, 0.0, 0.0, -0.347109, 0.937825, 0.37472, -0.0, -0.937825, -0.347109, -0.0, 0.0, 0.0, 0.0, 1.0],
                [1.0, -0.0, -0.0, 0.0, -0.0, -0.182082, 0.983284, 0.37472, -0.0, -0.983283, -0.182082, 0.0, 0.0, 0.0, 0.0, 1.0],
                [0.999999, -0.0, -0.0, 0.0, 0.0, -0.259806, 0.965661, 0.37472, -0.0, -0.965661, -0.259806, 0.0, 0.0, 0.0, 0.0, 1.0],
                [1.0, -0.0, -0.0, -0.0, -0.0, -0.271223, 0.962517, 0.37472, -0.0, -0.962517, -0.271223, 0.0, 0.0, 0.0, 0.0, 1.0],
                [1.0, -0.0, -0.0, -0.0, 0.0, -0.282609, 0.959235, 0.37472, -0.0, -0.959235, -0.282609, -0.0, 0.0, 0.0, 0.0, 1.0],
                [1.0, -0.0, -0.0, -0.0, 0.0, -0.29396, 0.955818, 0.37472, -0.0, -0.955818, -0.29396, 0.0, 0.0, 0.0, 0.0, 1.0],
                [1.0, -0.0, -0.0, 0.0, 0.0, -0.305274, 0.952265, 0.37472, -0.0, -0.952265, -0.305274, -0.0, 0.0, 0.0, 0.0, 1.0],
                [1.0, -0.0, -0.0, -0.0, 0.0, -0.316549, 0.948577, 0.37472, -0.0, -0.948577, -0.316549, 0.0, 0.0, 0.0, 0.0, 1.0],
                [1.0, -0.0, -0.0, 0.0, 0.0, -0.327782, 0.944754, 0.37472, -0.0, -0.944753, -0.327782, 0.0, 0.0, 0.0, 0.0, 1.0],
                [1.0, -0.0, -0.0, -0.0, 0.0, -0.338971, 0.940797, 0.37472, -0.0, -0.940797, -0.338971, -0.0, 0.0, 0.0, 0.0, 1.0],
                [1.0, -0.0, -0.0, 0.0, 0.0, -0.350113, 0.936708, 0.37472, -0.0, -0.936708, -0.350113, -0.0, 0.0, 0.0, 0.0, 1.0],
                [1.0, -0.0, -0.0, 0.0, 0.0, -0.361205, 0.932486, 0.37472, -0.0, -0.932486, -0.361206, 0.0, 0.0, 0.0, 0.0, 1.0],
                [1.0, -0.0, -0.0, -0.0, 0.0, -0.372248, 0.928134, 0.37472, -0.0, -0.928134, -0.372248, -0.0, 0.0, 0.0, 0.0, 1.0],
                [1.0, -0.0, -0.0, -0.0, 0.0, -0.383237, 0.923651, 0.37472, -0.0, -0.92365, -0.383237, 0.0, 0.0, 0.0, 0.0, 1.0],
                [1.0, -0.0, -0.0, -0.0, 0.0, -0.394169, 0.919038, 0.37472, -0.0, -0.919038, -0.394169, -0.0, 0.0, 0.0, 0.0, 1.0],
                [1.0, -0.0, -0.0, 0.0, 0.0, -0.405043, 0.914298, 0.37472, -0.0, -0.914298, -0.405043, 0.0, 0.0, 0.0, 0.0, 1.0],
                [1.0, -0.0, -0.0, -0.0, 0.0, -0.415857, 0.90943, 0.37472, -0.0, -0.90943, -0.415857, 0.0, 0.0, 0.0, 0.0, 1.0],
                [1.0, -0.0, -0.0, -0.0, 0.0, -0.426608, 0.904437, 0.37472, -0.0, -0.904437, -0.426608, -0.0, 0.0, 0.0, 0.0, 1.0],
                [1.0, -0.0, -0.0, 0.0, 0.0, -0.437295, 0.899319, 0.37472, -0.0, -0.899318, -0.437295, -0.0, 0.0, 0.0, 0.0, 1.0],
                [1.0, -0.0, -0.0, 0.0, 0.0, -0.447914, 0.894077, 0.37472, -0.0, -0.894077, -0.447914, 0.0, 0.0, 0.0, 0.0, 1.0],
                [1.0, -0.0, -0.0, -0.0, 0.0, -0.434363, 0.900739, 0.37472, -0.0, -0.900738, -0.434363, -0.0, 0.0, 0.0, 0.0, 1.0],
                [1.0, -0.0, -0.0, -0.0, 0.0, -0.420706, 0.907198, 0.37472, -0.0, -0.907197, -0.420706, 0.0, 0.0, 0.0, 0.0, 1.0],
                [1.0, -0.0, -0.0, -0.0, 0.0, -0.406948, 0.913452, 0.37472, -0.0, -0.913451, -0.406949, 0.0, 0.0, 0.0, 0.0, 1.0],
                [1.0, -0.0, -0.0, -0.0, 0.0, -0.393094, 0.919499, 0.37472, -0.0, -0.919498, -0.393094, -0.0, 0.0, 0.0, 0.0, 1.0],
                [1.0, -0.0, -0.0, 0.0, 0.0, -0.379149, 0.925336, 0.37472, -0.0, -0.925336, -0.379149, -0.0, 0.0, 0.0, 0.0, 1.0],
                [1.0, -0.0, -0.0, 0.0, 0.0, -0.365117, 0.930962, 0.37472, -0.0, -0.930962, -0.365117, -0.0, 0.0, 0.0, 0.0, 1.0],
                [1.0, -0.0, -0.0, -0.0, 0.0, -0.351004, 0.936375, 0.37472, -0.0, -0.936374, -0.351004, -0.0, 0.0, 0.0, 0.0, 1.0],
                [1.0, -0.0, -0.0, 0.0, 0.0, -0.336813, 0.941572, 0.37472, -0.0, -0.941571, -0.336813, -0.0, 0.0, 0.0, 0.0, 1.0],
                [1.0, -0.0, -0.0, 0.0, 0.0, -0.322551, 0.946553, 0.37472, -0.0, -0.946552, -0.322551, 0.0, 0.0, 0.0, 0.0, 1.0],
                [1.0, -0.0, -0.0, 1e-06, 0.0, -0.308221, 0.951315, 0.37472, -0.0, -0.951315, -0.308221, -0.0, 0.0, 0.0, 0.0, 1.0],
                [1.0, -0.0, 0.0, -0.0, -0.0, 0.574428, 0.818555, 0.37472, -0.0, -0.818555, 0.574428, 0.0, 0.0, 0.0, 0.0, 1.0],
                [1.0, -0.0, 0.0, 0.0, 0.0, 0.362402, 0.932022, 0.37472, -0.0, -0.932022, 0.362402, -0.0, 0.0, 0.0, 0.0, 1.0],
                [1.0, -0.0, 0.0, -0.0, 0.0, 0.631029, 0.775759, 0.37472, -0.0, -0.775759, 0.631029, -0.0, 0.0, 0.0, 0.0, 1.0],
                [1.0, -0.0, 0.0, 0.0, 0.0, 0.824841, 0.565365, 0.37472, -0.0, -0.565364, 0.824841, -0.0, 0.0, 0.0, 0.0, 1.0],
                [1.0, -0.0, 0.0, 0.0, 0.0, 0.871899, 0.489686, 0.37472, -0.0, -0.489686, 0.871899, 0.0, 0.0, 0.0, 0.0, 1.0],
                [1.0, -0.0, 0.0, 0.0, 0.0, 0.912032, 0.410118, 0.37472, -0.0, -0.410118, 0.912032, 0.0, 0.0, 0.0, 0.0, 1.0]
            ]
        },
        {
            "name": "Knee_R",
            "time": [0.0, 0.0333, 0.0667, 0.1, 0.1333, 0.1667, 0.2, 0.2333, 0.2667, 0.3, 0.3333, 0.3667, 0.4, 0.4333, 0.4667, 0.5, 0.5333, 0.5667, 0.6, 0.6333, 0.6667, 0.7, 0.7333, 0.7667, 0.8, 0.8333, 0.8667, 0.9, 0.9333, 0.9667, 1.0, 1.0333, 1.0667, 1.1, 1.1333, 1.1667, 1.2, 1.2333, 1.2667, 1.3, 1.3333, 1.6667, 2.0, 2.3333, 2.6667, 3.0, 3.3333],
            "transform": [
                [1.0, 0.0, -0.0, 0.0, -1e-06, 0.0, -1.0, 0.37472, -0.0, 1.0, 0.0, -0.0, 0.0, 0.0, 0.0, 1.0],
                [1.0, 0.0, -1e-06, 0.0, -0.0, 0.0, -1.0, 0.37472, -0.0, 1.0, 0.0, -0.0, 0.0, 0.0, 0.0, 1.0],
                [1.0, 0.0, -1e-06, -0.0, -0.0, 0.0, -1.0, 0.37472, -0.0, 1.0, 0.0, 0.0, 0.0, 0.0, 0.0, 1.0],
                [1.0, 0.0, -0.0, 0.0, -0.0, 0.0, -1.0, 0.37472, -0.0, 1.0, 0.0, -0.0, 0.0, 0.0, 0.0, 1.0],
                [1.0, 0.0, -1e-06, 0.0, -1e-06, 0.0, -1.0, 0.37472, -0.0, 1.0, 0.0, 0.0, 0.0, 0.0, 0.0, 1.0],
                [1.0, 0.0, -0.0, 0.0, -1e-06, 0.0, -1.0, 0.37472, -0.0, 1.0, 0.0, -0.0, 0.0, 0.0, 0.0, 1.0],
                [1.0, 0.0, -0.0, 0.0, -0.0, 0.0, -1.0, 0.37472, -0.0, 1.0, 0.0, 0.0, 0.0, 0.0, 0.0, 1.0],
                [1.0, 0.0, -1e-06, 0.0, -0.0, 0.0, -1.0, 0.37472, -0.0, 1.0, 0.0, 0.0, 0.0, 0.0, 0.0, 1.0],
                [1.0, 0.0, -0.0, 0.0, -1e-06, 0.0, -1.0, 0.37472, -0.0, 1.0, 0.0, 0.0, 0.0, 0.0, 0.0, 1.0],
                [1.0, 0.0, -0.0, -0.0, -1e-06, 0.0, -1.0, 0.37472, -0.0, 1.0, 0.0, -0.0, 0.0, 0.0, 0.0, 1.0],
                [1.0, 0.0, -1e-06, 0.0, -1e-06, 0.0, -1.0, 0.37472, -0.0, 1.0, 0.0, 0.0, 0.0, 0.0, 0.0, 1.0],
                [1.0, 0.0, -1e-06, 0.0, -0.0, 0.0, -1.0, 0.37472, -0.0, 1.0, 0.0, -0.0, 0.0, 0.0, 0.0, 1.0],
                [1.0, 0.0, -1e-06, 0.0, -1e-06, 0.0, -1.0, 0.37472, -0.0, 1.0, 0.0, 0.0, 0.0, 0.0, 0.0, 1.0],
                [1.0, 0.0, -1e-06, 0.0, -0.0, 0.0, -1.0, 0.37472, -0.0, 1.0, 0.0, 0.0, 0.0, 0.0, 0.0, 1.0],
                [1.0, 0.0, -0.0, -0.0, -1e-06, 0.0, -1.0, 0.37472, -0.0, 1.0, 0.0, 0.0, 0.0, 0.0, 0.0, 1.0],
                [1.0, 0.0, -0.0, -0.0, -0.0, 0.0, -1.0, 0.37472, -0.0, 1.0, 0.0, -0.0, 0.0, 0.0, 0.0, 1.0],
                [1.0, 0.0, -1e-06, -0.0, -0.0, 0.0, -1.0, 0.37472, -0.0, 1.0, 0.0, 0.0, 0.0, 0.0, 0.0, 1.0],
                [1.0, 0.0, -1e-06, 0.0, -0.0, 0.0, -1.0, 0.37472, -0.0, 1.0, 0.0, -0.0, 0.0, 0.0, 0.0, 1.0],
                [1.0, 0.0, -1e-06, -0.0, -0.0, 0.0, -1.0, 0.37472, -0.0, 1.0, 0.0, 0.0, 0.0, 0.0, 0.0, 1.0],
                [1.0, 0.0, -0.0, 0.0, -0.0, 0.0, -1.0, 0.37472, -0.0, 1.0, 0.0, 0.0, 0.0, 0.0, 0.0, 1.0],
                [1.0, 0.0, -0.0, -0.0, -0.0, 0.0, -1.0, 0.37472, -0.0, 1.0, 0.0, -0.0, 0.0, 0.0, 0.0, 1.0],
                [1.0, 0.0, -0.0, 0.0, -0.0, 0.0, -1.0, 0.37472, -0.0, 1.0, 0.0, -0.0, 0.0, 0.0, 0.0, 1.0],
                [1.0, 0.0, -0.0, 0.0, -0.0, 0.0, -1.0, 0.37472, -0.0, 1.0, 0.0, 0.0, 0.0, 0.0, 0.0, 1.0],
                [1.0, 0.0, -0.0, -0.0, -0.0, 0.0, -1.0, 0.37472, -0.0, 1.0, 0.0, -0.0, 0.0, 0.0, 0.0, 1.0],
                [1.0, 0.0, -0.0, -0.0, -0.0, 0.0, -1.0, 0.37472, -0.0, 1.0, 0.0, 0.0, 0.0, 0.0, 0.0, 1.0],
                [1.0, 0.0, -0.0, -0.0, -0.0, 0.0, -1.0, 0.37472, -0.0, 1.0, 0.0, -0.0, 0.0, 0.0, 0.0, 1.0],
                [1.0, 0.0, -0.0, 0.0, -0.0, 0.0, -1.0, 0.37472, -0.0, 1.0, 0.0, 0.0, 0.0, 0.0, 0.0, 1.0],
                [1.0, 0.0, -0.0, -0.0, -0.0, 0.0, -1.0, 0.37472, -0.0, 1.0, 0.0, 0.0, 0.0, 0.0, 0.0, 1.0],
                [1.0, 0.0, -0.0, -0.0, -0.0, 0.0, -1.0, 0.37472, -0.0, 1.0, 0.0, -0.0, 0.0, 0.0, 0.0, 1.0],
                [1.0, 0.0, -0.0, 0.0, -0.0, 0.0, -1.0, 0.37472, -0.0, 1.0, 0.0, -0.0, 0.0, 0.0, 0.0, 1.0],
                [1.0, 0.0, -0.0, 0.0, -0.0, 0.0, -1.0, 0.37472, -0.0, 1.0, 0.0, 0.0, 0.0, 0.0, 0.0, 1.0],
                [1.0, 0.0, -0.0, -0.0, -1e-06, 0.0, -1.0, 0.37472, -0.0, 1.0, 0.0, -0.0, 0.0, 0.0, 0.0, 1.0],
                [1.0, 0.0, -0.0, -0.0, -0.0, 0.0, -1.0, 0.37472, -0.0, 1.0, 0.0, 0.0, 0.0, 0.0, 0.0, 1.0],
                [1.0, 0.0, -0.0, -0.0, -0.0, 0.0, -1.0, 0.37472, -0.0, 1.0, 0.0, 0.0, 0.0, 0.0, 0.0, 1.0],
                [1.0, 0.0, -0.0, -0.0, -0.0, 0.0, -1.0, 0.37472, -0.0, 1.0, 0.0, -0.0, 0.0, 0.0, 0.0, 1.0],
                [1.0, 0.0, -1e-06, 0.0, -0.0, 0.0, -1.0, 0.37472, -0.0, 1.0, 0.0, -0.0, 0.0, 0.0, 0.0, 1.0],
                [1.0, 0.0, -1e-06, 0.0, -0.0, 0.0, -1.0, 0.37472, -0.0, 1.0, 0.0, -0.0, 0.0, 0.0, 0.0, 1.0],
                [1.0, 0.0, -0.0, -0.0, -0.0, 0.0, -1.0, 0.37472, -0.0, 1.0, 0.0, -0.0, 0.0, 0.0, 0.0, 1.0],
                [1.0, 0.0, -0.0, 0.0, -0.0, 0.0, -1.0, 0.37472, -0.0, 1.0, 0.0, -0.0, 0.0, 0.0, 0.0, 1.0],
                [1.0, 0.0, -0.0, 0.0, -0.0, 0.0, -1.0, 0.37472, -0.0, 1.0, 0.0, 0.0, 0.0, 0.0, 0.0, 1.0],
                [1.0, 0.0, -1e-06, 1e-06, -0.0, 0.0, -1.0, 0.37472, -0.0, 1.0, 0.0, -0.0, 0.0, 0.0, 0.0, 1.0],
                [1.0, 0.0, -0.0, -0.0, -0.0, 0.0, -1.0, 0.37472, -0.0, 1.0, 0.0, 0.0, 0.0, 0.0, 0.0, 1.0],
                [1.0, 0.0, -0.0, 0.0, -0.0, 0.0, -1.0, 0.37472, -0.0, 1.0, 0.0, 0.0, 0.0, 0.0, 0.0, 1.0],
                [1.0, 0.0, -0.0, -0.0, -0.0, 0.0, -1.0, 0.37472, -0.0, 1.0, 0.0, -0.0, 0.0, 0.0, 0.0, 1.0],
                [1.0, 0.0, -0.0, -0.0, -0.0, 0.0, -1.0, 0.37472, -0.0, 1.0, 0.0, -0.0, 0.0, 0.0, 0.0, 1.0],
                [1.0, 0.0, -0.0, -0.0, -0.0, 0.0, -1.0, 0.37472, -0.0, 1.0, 0.0, 0.0, 0.0, 0.0, 0.0, 1.0],
                [1.0, 0.0, -0.0, 0.0, -0.0, 0.0, -1.0, 0.37472, -0.0, 1.0, 0.0, 0.0, 0.0, 0.0, 0.0, 1.0]
            ]
        },
        {
            "name": "Thigh_L",
            "time": [0.0, 0.0333, 0.0667, 0.1, 0.1333, 0.1667, 0.2, 0.2333, 0.2667, 0.3, 0.3333, 0.3667, 0.4, 0.4333, 0.4667, 0.5, 0.5333, 0.5667, 0.6, 0.6333, 0.6667, 0.7, 0.7333, 0.7667, 0.8, 0.8333, 0.8667, 0.9, 0.9333, 0.9667, 1.0, 1.0333, 1.0667, 1.1, 1.1333, 1.1667, 1.2, 1.2333, 1.2667, 1.3, 1.3333, 1.6667, 2.0, 2.3333, 2.6667, 3.0, 3.3333],
            "transform": [
                [0.33963, 0.063913, 0.938385, -0.125006, -0.761505, -0.566898, 0.314223, -0.002831, 0.552051, -0.821305, -0.143866, -1.2e-05, 0.0, 0.0, 0.0, 1.0],
                [0.445941, 0.120267, 0.886945, -0.125006, -0.73882, -0.509909, 0.440609, -0.002831, 0.505253, -0.851779, -0.138533, -1.2e-05, 0.0, 0.0, 0.0, 1.0],
                [0.53826, 0.158251, 0.827788, -0.125006, -0.714427, -0.435355, 0.547777, -0.002831, 0.447068, -0.886241, -0.121275, -1.2e-05, 0.0, 0.0, 0.0, 1.0],
                [0.621017, 0.182212, 0.762324, -0.125006, -0.682911, -0.351543, 0.640351, -0.002831, 0.384669, -0.918268, -0.09388, -1.2e-05, 0.0, 0.0, 0.0, 1.0],
                [0.698444, 0.180911, 0.692421, -0.125006, -0.641097, -0.271845, 0.7177, -0.002831, 0.318071, -0.945183, -0.073888, -1.2e-05, 0.0, 0.0, 0.0, 1.0],
                [0.772027, 0.148239, 0.618061, -0.125006, -0.585749, -0.211534, 0.782401, -0.002831, 0.246723, -0.966064, -0.076479, -1.2e-05, 0.0, 0.0, 0.0, 1.0],
                [0.84556, 0.081583, 0.52761, -0.125006, -0.508115, -0.18032, 0.842201, -0.002831, 0.163848, -0.980219, -0.111018, -1.2e-05, 0.0, 0.0, 0.0, 1.0],
                [0.91393, -0.04766, 0.403064, -0.125006, -0.403698, -0.209365, 0.890614, -0.002831, 0.04194, -0.976676, -0.210585, -1.2e-05, 0.0, 0.0, 0.0, 1.0],
                [0.914558, -0.399698, 0.061842, -0.125006, -0.246709, -0.430139, 0.868398, -0.002831, -0.320496, -0.809458, -0.491997, -1.2e-05, 0.0, 0.0, 0.0, 1.0],
                [0.459609, -0.745375, -0.482884, -0.125006, -0.399607, -0.659127, 0.637076, -0.002831, -0.793142, -0.099842, -0.600798, -1.2e-05, 0.0, 0.0, 0.0, 1.0],
                [-0.061443, -0.690406, -0.720808, -0.125006, -0.554785, -0.576713, 0.59968, -0.002831, -0.829722, 0.436739, -0.347592, -1.2e-05, 0.0, 0.0, 0.0, 1.0],
                [-0.220128, -0.605777, -0.764577, -0.125006, -0.637479, -0.503939, 0.582808, -0.002831, -0.738353, 0.615694, -0.275239, -1.2e-05, 0.0, 0.0, 0.0, 1.0],
                [-0.175812, -0.579623, -0.795693, -0.125006, -0.719487, -0.476007, 0.505722, -0.002831, -0.671884, 0.661402, -0.333344, -1.2e-05, 0.0, 0.0, 0.0, 1.0],
                [-0.211578, -0.585856, -0.782309, -0.125006, -0.727491, -0.440123, 0.526353, -0.002831, -0.65268, 0.680488, -0.333085, -1.2e-05, 0.0, 0.0, 0.0, 1.0],
                [-0.224331, -0.595531, -0.771374, -0.125006, -0.724921, -0.427022, 0.5405, -0.002831, -0.651278, 0.680437, -0.335919, -1.2e-05, 0.0, 0.0, 0.0, 1.0],
                [-0.237052, -0.604964, -0.760147, -0.125006, -0.722098, -0.413719, 0.554446, -0.002831, -0.649908, 0.680333, -0.338771, -1.2e-05, 0.0, 0.0, 0.0, 1.0],
                [-0.249735, -0.614151, -0.748633, -0.125006, -0.719022, -0.400218, 0.568182, -0.002831, -0.648566, 0.680179, -0.34164, -1.2e-05, 0.0, 0.0, 0.0, 1.0],
                [-0.262372, -0.623083, -0.736837, -0.125006, -0.715695, -0.386529, 0.5817, -0.002831, -0.647257, 0.679973, -0.344523, -1.2e-05, 0.0, 0.0, 0.0, 1.0],
                [-0.274956, -0.631755, -0.724765, -0.125006, -0.712117, -0.372658, 0.594992, -0.002831, -0.645979, 0.679714, -0.347419, -1.2e-05, 0.0, 0.0, 0.0, 1.0],
                [-0.287479, -0.640162, -0.712424, -0.125006, -0.70829, -0.358612, 0.608048, -0.002831, -0.644733, 0.679404, -0.350327, -1.2e-05, 0.0, 0.0, 0.0, 1.0],
                [-0.299932, -0.648299, -0.699821, -0.125006, -0.704216, -0.344401, 0.620861, -0.002831, -0.643522, 0.679041, -0.353245, -1.2e-05, 0.0, 0.0, 0.0, 1.0],
                [-0.312312, -0.656159, -0.686962, -0.125006, -0.699896, -0.33003, 0.633423, -0.002831, -0.642345, 0.678628, -0.356171, -1.2e-05, 0.0, 0.0, 0.0, 1.0],
                [-0.324607, -0.663739, -0.673855, -0.125006, -0.695334, -0.31551, 0.645727, -0.002831, -0.641202, 0.678162, -0.359103, -1.2e-05, 0.0, 0.0, 0.0, 1.0],
                [-0.336814, -0.671034, -0.660507, -0.125006, -0.690532, -0.300848, 0.657766, -0.002831, -0.640096, 0.677646, -0.362041, -1.2e-05, 0.0, 0.0, 0.0, 1.0],
                [-0.348923, -0.678041, -0.646927, -0.125006, -0.685492, -0.286052, 0.669533, -0.002831, -0.639026, 0.677079, -0.364981, -1.2e-05, 0.0, 0.0, 0.0, 1.0],
                [-0.360929, -0.684754, -0.633121, -0.125006, -0.680218, -0.271132, 0.681022, -0.002831, -0.637992, 0.676461, -0.367922, -1.2e-05, 0.0, 0.0, 0.0, 1.0],
                [-0.372824, -0.691171, -0.6191, -0.125006, -0.674714, -0.256097, 0.692225, -0.002831, -0.636996, 0.675793, -0.370864, -1.2e-05, 0.0, 0.0, 0.0, 1.0],
                [-0.384601, -0.69729, -0.604871, -0.125006, -0.668983, -0.240955, 0.703138, -0.002831, -0.636038, 0.675076, -0.373803, -1.2e-05, 0.0, 0.0, 0.0, 1.0],
                [-0.396255, -0.703107, -0.590443, -0.125006, -0.663029, -0.225716, 0.713754, -0.002831, -0.635118, 0.674309, -0.376739, -1.2e-05, 0.0, 0.0, 0.0, 1.0],
                [-0.407779, -0.708619, -0.575825, -0.125006, -0.656856, -0.210388, 0.72407, -0.002831, -0.634237, 0.673495, -0.379669, -1.2e-05, 0.0, 0.0, 0.0, 1.0],
                [-0.419168, -0.713826, -0.561027, -0.125006, -0.650469, -0.194981, 0.734079, -0.002831, -0.633395, 0.672633, -0.382592, -1.2e-05, 0.0, 0.0, 0.0, 1.0],
                [-0.408173, -0.718596, -0.56304, -0.125006, -0.654165, -0.199961, 0.72944, -0.002831, -0.636759, 0.666059, -0.388462, -1.2e-05, 0.0, 0.0, 0.0, 1.0],
                [-0.397117, -0.723267, -0.564963, -0.125006, -0.65778, -0.204984, 0.72478, -0.002831, -0.640018, 0.659444, -0.394348, -1.2e-05, 0.0, 0.0, 0.0, 1.0],
                [-0.386001, -0.727837, -0.566795, -0.125006, -0.661313, -0.210049, 0.7201, -0.002831, -0.64317, 0.652788, -0.40025, -1.2e-05, 0.0, 0.0, 0.0, 1.0],
                [-0.374827, -0.732307, -0.568535, -0.125006, -0.664763, -0.215154, 0.715401, -0.002831, -0.646215, 0.646093, -0.406165, -1.2e-05, 0.0, 0.0, 0.0, 1.0],
                [-0.363597, -0.736673, -0.570184, -0.125006, -0.668129, -0.2203, 0.710683, -0.002831, -0.649153, 0.639359, -0.412093, -1.2e-05, 0.0, 0.0, 0.0, 1.0],
                [-0.352316, -0.740937, -0.57174, -0.125006, -0.671412, -0.225484, 0.705948, -0.002831, -0.651982, 0.632589, -0.418032, -1.2e-05, 0.0, 0.0, 0.0, 1.0],
                [-0.340983, -0.745096, -0.573204, -0.125006, -0.674608, -0.230707, 0.701197, -0.002831, -0.654701, 0.625784, -0.423981, -1.2e-05, 0.0, 0.0, 0.0, 1.0],
                [-0.329603, -0.749151, -0.574574, -0.125006, -0.67772, -0.235964, 0.696431, -0.002831, -0.657311, 0.618946, -0.429939, -1.2e-05, 0.0, 0.0, 0.0, 1.0],
                [-0.318178, -0.753099, -0.575852, -0.125006, -0.680744, -0.241258, 0.691652, -0.002831, -0.659811, 0.612076, -0.435905, -1.2e-05, 0.0, 0.0, 0.0, 1.0],
                [-0.30671, -0.75694, -0.577036, -0.125006, -0.683681, -0.246585, 0.686859, -0.002831, -0.6622, 0.605176, -0.441876, -1.2e-05, 0.0, 0.0, 0.0, 1.0],
                [0.890619, -0.361461, -0.275942, -0.125006, -0.37548, -0.926827, 0.002182, -0.002831, -0.256539, 0.101668, -0.961172, -1.2e-05, 0.0, 0.0, 0.0, 1.0],
                [0.992876, -0.01378, 0.118349, -0.125006, -0.007216, -0.998421, -0.055714, -0.002831, 0.11893, 0.054463, -0.991408, -1.3e-05, 0.0, 0.0, 0.0, 1.0],
                [0.876713, 0.16198, 0.45292, -0.125006, -0.198504, -0.735841, 0.647406, -0.002831, 0.438144, -0.657496, -0.612968, -1.2e-05, 0.0, 0.0, 0.0, 1.0],
                [0.812897, -0.012743, 0.582268, -0.125006, -0.28799, -0.877775, 0.382848, -0.002831, 0.506222, -0.478904, -0.71721, -1.2e-05, 0.0, 0.0, 0.0, 1.0],
                [0.853625, -0.031518, 0.519933, -0.125006, -0.254476, -0.896174, 0.363474, -0.002831, 0.454495, -0.442581, -0.773018, -1.2e-05, 0.0, 0.0, 0.0, 1.0],
                [0.889749, -0.047187, 0.454004, -0.125006, -0.222386, -0.91342, 0.340893, -0.002831, 0.398611, -0.404274, -0.823208, -1.2e-05, 0.0, 0.0, 0.0, 1.0]
            ]
        },
        {
            "name": "Leg_L",
            "time": [0.0, 0.0333, 0.0667, 0.1, 0.1333, 0.1667, 0.2, 0.2333, 0.2667, 0.3, 0.3333, 0.3667, 0.4, 0.4333, 0.4667, 0.5, 0.5333, 0.5667, 0.6, 0.6333, 0.6667, 0.7, 0.7333, 0.7667, 0.8, 0.8333, 0.8667, 0.9, 0.9333, 0.9667, 1.0, 1.0333, 1.0667, 1.1, 1.1333, 1.1667, 1.2, 1.2333, 1.2667, 1.3, 1.3333, 1.6667, 2.0, 2.3333, 2.6667, 3.0, 3.3333],
            "transform": [
                [1.0, -0.0, 0.0, -0.0, -0.0, 0.577127, 0.816654, 0.37472, -0.0, -0.816654, 0.577127, -0.0, 0.0, 0.0, 0.0, 1.0],
                [1.0, -0.0, 0.0, -0.0, -0.0, 0.424499, 0.905429, 0.37472, -1e-06, -0.905428, 0.424499, 0.0, 0.0, 0.0, 0.0, 1.0],
                [1.0, -0.0, 0.0, -0.0, -0.0, 0.287684, 0.957726, 0.37472, -0.0, -0.957725, 0.287684, 0.0, 0.0, 0.0, 0.0, 1.0],
                [1.0, -0.0, 0.0, 0.0, -0.0, 0.157739, 0.987481, 0.37472, -1e-06, -0.98748, 0.157739, 0.0, 0.0, 0.0, 0.0, 1.0],
                [1.0, -1e-06, 0.0, -0.0, -0.0, 0.034294, 0.999412, 0.37472, -1e-06, -0.999411, 0.034294, -0.0, 0.0, 0.0, 0.0, 1.0],
                [1.0, -1e-06, 0.0, -0.0, -0.0, -0.084424, 0.99643, 0.37472, -1e-06, -0.99643, -0.084424, 0.0, 0.0, 0.0, 0.0, 1.0],
                [1.0, -1e-06, 0.0, -0.0, -0.0, -0.207747, 0.978183, 0.37472, -1e-06, -0.978183, -0.207747, 0.0, 0.0, 0.0, 0.0, 1.0],
                [1.0, -1e-06, -0.0, -0.0, -0.0, -0.31524, 0.949012, 0.37472, -1e-06, -0.949012, -0.31524, -0.0, 0.0, 0.0, 0.0, 1.0],
                [1.0, -1e-06, -0.0, 0.0, -0.0, -0.31732, 0.948319, 0.37472, -1e-06, -0.948318, -0.31732, -0.0, 0.0, 0.0, 0.0, 1.0],
                [1.0, -1e-06, 0.0, 0.0, -0.0, 0.042252, 0.999107, 0.37472, -1e-06, -0.999107, 0.042252, -0.0, 0.0, 0.0, 0.0, 1.0],
                [1.0, -0.0, 0.0, 0.0, -0.0, 0.471811, 0.8817, 0.37472, -0.0, -0.881699, 0.471812, 0.0, 0.0, 0.0, 0.0, 1.0],
                [1.0, -0.0, 1e-06, -0.0, -0.0, 0.727408, 0.686205, 0.37472, -0.0, -0.686204, 0.727409, -0.0, 0.0, 0.0, 0.0, 1.0],
                [1.0, 0.0, 1e-06, -0.0, -0.0, 0.846219, 0.532834, 0.37472, -0.0, -0.532834, 0.84622, 0.0, 0.0, 0.0, 0.0, 1.0],
                [1.0, 0.0, 1e-06, -0.0, -0.0, 0.847873, 0.530199, 0.37472, -0.0, -0.530199, 0.847873, -0.0, 0.0, 0.0, 0.0, 1.0],
                [1.0, 0.0, 1e-06, -0.0, -0.0, 0.835858, 0.548945, 0.37472, -0.0, -0.548945, 0.835859, 0.0, 0.0, 0.0, 0.0, 1.0],
                [1.0, 0.0, 1e-06, 0.0, -0.0, 0.823406, 0.567453, 0.37472, -0.0, -0.567453, 0.823406, 0.0, 0.0, 0.0, 0.0, 1.0],
                [1.0, 0.0, 1e-06, 0.0, -0.0, 0.810522, 0.585708, 0.37472, -0.0, -0.585708, 0.810522, 0.0, 0.0, 0.0, 0.0, 1.0],
                [1.0, 0.0, 1e-06, -0.0, -0.0, 0.797214, 0.603696, 0.37472, -0.0, -0.603696, 0.797215, -0.0, 0.0, 0.0, 0.0, 1.0],
                [1.0, -0.0, 1e-06, 0.0, -0.0, 0.783492, 0.621401, 0.37472, -1e-06, -0.621401, 0.783492, -0.0, 0.0, 0.0, 0.0, 1.0],
                [1.0, -0.0, 1e-06, 0.0, -0.0, 0.769365, 0.63881, 0.37472, -0.0, -0.638809, 0.769365, 0.0, 0.0, 0.0, 0.0, 1.0],
                [1.0, -0.0, 1e-06, 0.0, -0.0, 0.754841, 0.655908, 0.37472, -0.0, -0.655907, 0.754841, -0.0, 0.0, 0.0, 0.0, 1.0],
                [1.0, -0.0, 1e-06, -0.0, -0.0, 0.739932, 0.672682, 0.37472, -1e-06, -0.672682, 0.739932, -0.0, 0.0, 0.0, 0.0, 1.0],
                [1.0, -0.0, 1e-06, -0.0, -0.0, 0.724648, 0.68912, 0.37472, -0.0, -0.689119, 0.724648, 0.0, 0.0, 0.0, 0.0, 1.0],
                [1.0, -0.0, 1e-06, -0.0, -0.0, 0.709, 0.705208, 0.37472, -1e-06, -0.705208, 0.709001, -0.0, 0.0, 0.0, 0.0, 1.0],
                [1.0, -0.0, 1e-06, 0.0, -0.0, 0.693002, 0.720935, 0.37472, -0.0, -0.720935, 0.693003, -0.0, 0.0, 0.0, 0.0, 1.0],
                [1.0, -0.0, 1e-06, -0.0, -0.0, 0.676666, 0.73629, 0.37472, -0.0, -0.73629, 0.676666, 0.0, 0.0, 0.0, 0.0, 1.0],
                [1.0, -0.0, 1e-06, 0.0, -0.0, 0.660004, 0.751262, 0.37472, -1e-06, -0.751262, 0.660004, -0.0, 0.0, 0.0, 0.0, 1.0],
                [1.0, -0.0, 0.0, -0.0, -0.0, 0.64303, 0.765841, 0.37472, -0.0, -0.76584, 0.643031, 0.0, 0.0, 0.0, 0.0, 1.0],
                [1.0, -0.0, 1e-06, 0.0, -0.0, 0.625759, 0.780016, 0.37472, -0.0, -0.780016, 0.625759, 0.0, 0.0, 0.0, 0.0, 1.0],
                [1.0, -0.0, 1e-06, -0.0, -0.0, 0.608204, 0.79378, 0.37472, -1e-06, -0.79378, 0.608205, 0.0, 0.0, 0.0, 0.0, 1.0],
                [1.0, -0.0, 1e-06, -0.0, -0.0, 0.59038, 0.807125, 0.37472, -0.0, -0.807125, 0.590381, -0.0, 0.0, 0.0, 0.0, 1.0],
                [1.0, -0.0, 1e-06, 0.0, -0.0, 0.580861, 0.814003, 0.37472, -0.0, -0.814003, 0.580861, 0.0, 0.0, 0.0, 0.0, 1.0],
                [1.0, -0.0, 1e-06, 0.0, -0.0, 0.571258, 0.820771, 0.37472, -0.0, -0.820771, 0.571258, 0.0, 0.0, 0.0, 0.0, 1.0],
                [1.0, -0.0, 1e-06, 0.0, -0.0, 0.561575, 0.827426, 0.37472, -0.0, -0.827426, 0.561575, 0.0, 0.0, 0.0, 0.0, 1.0],
                [1.0, -0.0, 0.0, 0.0, -0.0, 0.551812, 0.833968, 0.37472, -0.0, -0.833968, 0.551812, 0.0, 0.0, 0.0, 0.0, 1.0],
                [1.0, -0.0, 0.0, -0.0, -0.0, 0.541972, 0.840396, 0.37472, -1e-06, -0.840396, 0.541973, 0.0, 0.0, 0.0, 0.0, 1.0],
                [1.0, -0.0, 0.0, -0.0, -0.0, 0.532058, 0.846708, 0.37472, -1e-06, -0.846708, 0.532059, -0.0, 0.0, 0.0, 0.0, 1.0],
                [1.0, -0.0, 0.0, -0.0, -0.0, 0.522071, 0.852902, 0.37472, -0.0, -0.852902, 0.522072, 0.0, 0.0, 0.0, 0.0, 1.0],
                [1.0, -0.0, 0.0, 0.0, -0.0, 0.512014, 0.858978, 0.37472, -0.0, -0.858977, 0.512014, -0.0, 0.0, 0.0, 0.0, 1.0],
                [1.0, -0.0, 0.0, -0.0, -0.0, 0.501887, 0.864933, 0.37472, -0.0, -0.864933, 0.501888, 0.0, 0.0, 0.0, 0.0, 1.0],
                [1.0, -0.0, 0.0, 0.0, -0.0, 0.491695, 0.870768, 0.37472, -0.0, -0.870767, 0.491695, -0.0, 0.0, 0.0, 0.0, 1.0],
