{
    "animation": [
        {
            "name": "Root",
            "time": [0.0, 0.0333, 0.0667, 0.1, 0.1333, 0.1667, 0.2, 0.2333, 0.2667, 0.3, 0.3333, 0.3667, 0.4, 0.4333, 0.4667, 0.5, 0.5333, 0.5667, 0.6, 0.6333, 0.6667, 0.7, 0.7333, 0.7667, 0.8, 0.8333, 0.8667, 0.9, 0.9333, 0.9667, 1.0, 1.0333, 1.0667, 1.1, 1.1333, 1.1667, 1.2, 1.2333, 1.2667, 1.3, 1.3333, 1.3667, 1.4, 1.4333, 1.4667, 1.5, 1.5333, 1.5667, 1.6, 1.6333, 1.6667, 1.7, 1.7333, 1.7667, 1.8, 1.8333, 1.8667, 1.9, 1.9333, 1.9667, 2.0, 2.0333, 2.0667, 2.1, 2.1333, 2.1667, 2.2, 2.2333, 2.2667, 2.3, 2.3333, 2.3667, 2.4, 2.4333, 2.4667, 2.5, 2.5333, 2.5667, 2.6, 2.6333, 2.6667, 2.7, 2.7333, 2.7667, 2.8, 2.8333, 2.8667, 2.9, 2.9333, 2.9667, 3.0, 3.0333, 3.0667, 3.1, 3.1333, 3.1667, 3.2, 3.2333, 3.2667, 3.3, 3.3333, 3.3667, 3.4, 3.4333, 3.4667, 3.5, 3.5333, 3.5667, 3.6, 3.6333, 3.6667, 3.7, 3.7333, 3.7667, 3.8, 3.8333, 3.8667, 3.9, 3.9333, 3.9667, 4.0, 4.0333, 4.0667, 4.1, 4.1333, 4.1667, 4.2, 4.2333, 4.2667, 4.3, 4.3333, 4.3667, 4.4, 4.4333, 4.4667, 4.5, 4.5333, 4.5667, 4.6, 4.6333, 4.6667, 4.7, 4.7333, 4.7667, 4.8, 4.8333, 4.8667, 4.9, 4.9333, 4.9667, 5.0, 5.0333],
            "transform": [
                [1.0, -0.0, 0.0, -2.2e-05, 0.0, -0.0, -1.0, 4.1e-05, 0.0, 1.0, -0.0, 0.360823, 0.0, 0.0, 0.0, 1.0],
                [1.0, -0.0, 0.0, 0.02794, 0.0, -0.0, -1.0, 0.067369, 0.0, 1.0, -0.0, 0.376758, 0.0, 0.0, 0.0, 1.0],
                [1.0, -0.0, 0.0, 0.055901, 0.0, -0.0, -1.0, 0.134696, 0.0, 1.0, -0.0, 0.392693, 0.0, 0.0, 0.0, 1.0],
                [1.0, -0.0, 0.0, 0.083863, 0.0, -0.0, -1.0, 0.202024, 0.0, 1.0, -0.0, 0.408628, 0.0, 0.0, 0.0, 1.0],
                [1.0, -0.0, 0.0, 0.111825, 0.0, -0.0, -1.0, 0.269352, 0.0, 1.0, -0.0, 0.424563, 0.0, 0.0, 0.0, 1.0],
                [1.0, -0.0, 0.0, 0.139786, 0.0, -0.0, -1.0, 0.336679, 0.0, 1.0, -0.0, 0.440497, 0.0, 0.0, 0.0, 1.0],
                [1.0, -0.0, 0.0, 0.167748, 0.0, -0.0, -1.0, 0.404007, 0.0, 1.0, -0.0, 0.456432, 0.0, 0.0, 0.0, 1.0],
                [1.0, -0.0, 0.0, 0.195709, 0.0, -0.0, -1.0, 0.471335, 0.0, 1.0, -0.0, 0.472367, 0.0, 0.0, 0.0, 1.0],
                [1.0, -0.0, 0.0, 0.223671, 0.0, -0.0, -1.0, 0.538662, 0.0, 1.0, -0.0, 0.488302, 0.0, 0.0, 0.0, 1.0],
                [1.0, -0.0, 0.0, 0.251633, 0.0, -0.0, -1.0, 0.60599, 0.0, 1.0, -0.0, 0.504237, 0.0, 0.0, 0.0, 1.0],
                [1.0, -0.0, 0.0, 0.279594, 0.0, -0.0, -1.0, 0.673318, 0.0, 1.0, -0.0, 0.520172, 0.0, 0.0, 0.0, 1.0],
                [1.0, -0.0, 0.0, 0.306692, 0.0, -0.0, -1.0, 0.900635, 0.0, 1.0, -0.0, 0.711702, 0.0, 0.0, 0.0, 1.0],
                [1.0, -0.0, 0.0, 0.33379, 0.0, -0.0, -1.0, 1.127952, 0.0, 1.0, -0.0, 0.903232, 0.0, 0.0, 0.0, 1.0],
                [1.0, -0.0, 0.0, 0.360888, 0.0, -0.0, -1.0, 1.355269, 0.0, 1.0, -0.0, 1.094762, 0.0, 0.0, 0.0, 1.0],
                [1.0, -0.0, 0.0, 0.387986, 0.0, -0.0, -1.0, 1.582586, 0.0, 1.0, -0.0, 1.286292, 0.0, 0.0, 0.0, 1.0],
                [1.0, -0.0, 0.0, 0.415084, 0.0, -0.0, -1.0, 1.809903, 0.0, 1.0, -0.0, 1.477822, 0.0, 0.0, 0.0, 1.0],
                [1.0, -0.0, 0.0, 0.427144, 0.0, -0.0, -1.0, 1.977116, 0.0, 1.0, -0.0, 1.486662, 0.0, 0.0, 0.0, 1.0],
                [1.0, -0.0, 0.0, 0.439205, 0.0, -0.0, -1.0, 2.144328, 0.0, 1.0, -0.0, 1.495502, 0.0, 0.0, 0.0, 1.0],
                [1.0, -0.0, 0.0, 0.451265, 0.0, -0.0, -1.0, 2.311541, 0.0, 1.0, -0.0, 1.504342, 0.0, 0.0, 0.0, 1.0],
                [1.0, -0.0, 0.0, 0.463326, 0.0, -0.0, -1.0, 2.478754, 0.0, 1.0, -0.0, 1.513182, 0.0, 0.0, 0.0, 1.0],
                [1.0, -0.0, 0.0, 0.475386, 0.0, -0.0, -1.0, 2.645966, 0.0, 1.0, -0.0, 1.522021, 0.0, 0.0, 0.0, 1.0],
                [1.0, -0.0, 0.0, 0.487447, 0.0, -0.0, -1.0, 2.813179, 0.0, 1.0, -0.0, 1.530861, 0.0, 0.0, 0.0, 1.0],
                [1.0, -0.0, 0.0, 0.499507, 0.0, -0.0, -1.0, 2.980392, 0.0, 1.0, -0.0, 1.539701, 0.0, 0.0, 0.0, 1.0],
                [1.0, -0.0, 0.0, 0.511568, 0.0, -0.0, -1.0, 3.147604, 0.0, 1.0, -0.0, 1.548541, 0.0, 0.0, 0.0, 1.0],
                [1.0, -0.0, 0.0, 0.523628, 0.0, -0.0, -1.0, 3.314816, 0.0, 1.0, -0.0, 1.557381, 0.0, 0.0, 0.0, 1.0],
                [1.0, -0.0, 0.0, 0.535689, 0.0, -0.0, -1.0, 3.482029, 0.0, 1.0, -0.0, 1.566221, 0.0, 0.0, 0.0, 1.0],
                [1.0, -0.0, 0.0, 0.534726, 0.0, -0.0, -1.0, 3.601398, 0.0, 1.0, -0.0, 1.580954, 0.0, 0.0, 0.0, 1.0],
                [1.0, -0.0, 0.0, 0.533763, 0.0, -0.0, -1.0, 3.720768, 0.0, 1.0, -0.0, 1.595687, 0.0, 0.0, 0.0, 1.0],
                [1.0, -0.0, 0.0, 0.5328, 0.0, -0.0, -1.0, 3.840137, 0.0, 1.0, -0.0, 1.61042, 0.0, 0.0, 0.0, 1.0],
                [1.0, -0.0, 0.0, 0.531837, 0.0, -0.0, -1.0, 3.959506, 0.0, 1.0, -0.0, 1.625153, 0.0, 0.0, 0.0, 1.0],
                [1.0, -0.0, 0.0, 0.530874, 0.0, -0.0, -1.0, 4.078876, 0.0, 1.0, -0.0, 1.639886, 0.0, 0.0, 0.0, 1.0],
                [1.0, -0.0, 0.0, 0.521409, 0.0, -0.0, -1.0, 4.165936, 0.0, 1.0, -0.0, 1.61042, 0.0, 0.0, 0.0, 1.0],
                [1.0, -0.0, 0.0, 0.511944, 0.0, -0.0, -1.0, 4.252996, 0.0, 1.0, -0.0, 1.580954, 0.0, 0.0, 0.0, 1.0],
                [1.0, -0.0, 0.0, 0.502478, 0.0, -0.0, -1.0, 4.340056, 0.0, 1.0, -0.0, 1.551487, 0.0, 0.0, 0.0, 1.0],
                [1.0, -0.0, 0.0, 0.493013, 0.0, -0.0, -1.0, 4.427116, 0.0, 1.0, -0.0, 1.522021, 0.0, 0.0, 0.0, 1.0],
                [1.0, -0.0, 0.0, 0.483547, 0.0, -0.0, -1.0, 4.514177, 0.0, 1.0, -0.0, 1.492555, 0.0, 0.0, 0.0, 1.0],
                [1.0, -0.0, 0.0, 0.474082, 0.0, -0.0, -1.0, 4.601237, 0.0, 1.0, -0.0, 1.463089, 0.0, 0.0, 0.0, 1.0],
                [1.0, -0.0, 0.0, 0.464616, 0.0, -0.0, -1.0, 4.688297, 0.0, 1.0, -0.0, 1.433623, 0.0, 0.0, 0.0, 1.0],
                [1.0, -0.0, 0.0, 0.455151, 0.0, -0.0, -1.0, 4.775357, 0.0, 1.0, -0.0, 1.404157, 0.0, 0.0, 0.0, 1.0],
                [1.0, -0.0, 0.0, 0.445685, 0.0, -0.0, -1.0, 4.862418, 0.0, 1.0, -0.0, 1.374691, 0.0, 0.0, 0.0, 1.0],
                [1.0, -0.0, 0.0, 0.43622, 0.0, -0.0, -1.0, 4.949478, 0.0, 1.0, -0.0, 1.345224, 0.0, 0.0, 0.0, 1.0],
                [1.0, -0.0, 0.0, 0.404669, 0.0, -0.0, -1.0, 5.04357, 0.0, 1.0, -0.0, 1.249459, 0.0, 0.0, 0.0, 1.0],
                [1.0, -0.0, 0.0, 0.373118, 0.0, -0.0, -1.0, 5.137661, 0.0, 1.0, -0.0, 1.153694, 0.0, 0.0, 0.0, 1.0],
                [1.0, -0.0, 0.0, 0.341567, 0.0, -0.0, -1.0, 5.231753, 0.0, 1.0, -0.0, 1.057929, 0.0, 0.0, 0.0, 1.0],
                [1.0, -0.0, 0.0, 0.310016, 0.0, -0.0, -1.0, 5.325845, 0.0, 1.0, -0.0, 0.962164, 0.0, 0.0, 0.0, 1.0],
                [1.0, -0.0, 0.0, 0.278465, 0.0, -0.0, -1.0, 5.419937, 0.0, 1.0, -0.0, 0.866399, 0.0, 0.0, 0.0, 1.0],
                [1.0, -0.0, 0.0, 0.246914, 0.0, -0.0, -1.0, 5.514028, 0.0, 1.0, -0.0, 0.770634, 0.0, 0.0, 0.0, 1.0],
                [1.0, -0.0, 0.0, 0.215363, 0.0, -0.0, -1.0, 5.60812, 0.0, 1.0, -0.0, 0.674869, 0.0, 0.0, 0.0, 1.0],
                [1.0, -0.0, 0.0, 0.183812, 0.0, -0.0, -1.0, 5.702212, 0.0, 1.0, -0.0, 0.579104, 0.0, 0.0, 0.0, 1.0],
                [1.0, -0.0, 0.0, 0.155016, 0.0, -0.0, -1.0, 5.869043, 0.0, 1.0, -0.0, 0.520172, 0.0, 0.0, 0.0, 1.0],
                [1.0, -0.0, 0.0, 0.065399, 0.0, -0.0, -1.0, 6.156783, 0.0, 1.0, -0.0, 0.41704, 0.0, 0.0, 0.0, 1.0],
                [1.0, -0.0, 0.0, 0.026938, 0.0, -0.0, -1.0, 6.444523, 0.0, 1.0, -0.0, 0.313908, 0.0, 0.0, 0.0, 1.0],
                [1.0, -0.0, 0.0, 0.054988, 0.0, -0.0, -1.0, 7.007215, 0.0, 1.0, -0.0, 0.339441, 0.0, 0.0, 0.0, 1.0],
                [1.0, -0.0, 0.0, 0.011419, 0.0, -0.0, -1.0, 7.569908, 0.0, 1.0, -0.0, 0.364974, 0.0, 0.0, 0.0, 1.0],
                [1.0, -0.0, 0.0, -0.03215, 0.0, -0.0, -1.0, 8.1326, 0.0, 1.0, -0.0, 0.390507, 0.0, 0.0, 0.0, 1.0],
                [1.0, -0.0, 0.0, -0.064121, 0.0, -0.0, -1.0, 8.528496, 0.0, 1.0, -0.0, 0.433137, 0.0, 0.0, 0.0, 1.0],
                [1.0, -0.0, 0.0, -0.096092, 0.0, -0.0, -1.0, 8.924392, 0.0, 1.0, -0.0, 0.475768, 0.0, 0.0, 0.0, 1.0],
                [1.0, -0.0, 0.0, -0.104823, 0.0, -0.0, -1.0, 8.916126, 0.0, 1.0, -0.0, 0.469373, 0.0, 0.0, 0.0, 1.0],
                [1.0, -0.0, 0.0, -0.113554, 0.0, -0.0, -1.0, 8.90786, 0.0, 1.0, -0.0, 0.462978, 0.0, 0.0, 0.0, 1.0],
                [1.0, -0.0, 0.0, -0.122285, 0.0, -0.0, -1.0, 8.899593, 0.0, 1.0, -0.0, 0.456584, 0.0, 0.0, 0.0, 1.0],
                [1.0, -0.0, 0.0, -0.131017, 0.0, -0.0, -1.0, 8.891328, 0.0, 1.0, -0.0, 0.450189, 0.0, 0.0, 0.0, 1.0],
                [1.0, -0.0, 0.0, -0.131064, 0.0, -0.0, -1.0, 8.891272, 0.0, 1.0, -0.0, 0.449052, 0.0, 0.0, 0.0, 1.0],
                [1.0, -0.0, 0.0, -0.131112, 0.0, -0.0, -1.0, 8.891214, 0.0, 1.0, -0.0, 0.447916, 0.0, 0.0, 0.0, 1.0],
                [1.0, -0.0, 0.0, -0.131159, 0.0, -0.0, -1.0, 8.891158, 0.0, 1.0, -0.0, 0.446779, 0.0, 0.0, 0.0, 1.0],
                [1.0, -0.0, 0.0, -0.131207, 0.0, -0.0, -1.0, 8.891101, 0.0, 1.0, -0.0, 0.445642, 0.0, 0.0, 0.0, 1.0],
                [1.0, -0.0, 0.0, -0.131254, 0.0, -0.0, -1.0, 8.891045, 0.0, 1.0, -0.0, 0.444505, 0.0, 0.0, 0.0, 1.0],
                [1.0, -0.0, 0.0, -0.131302, 0.0, -0.0, -1.0, 8.890988, 0.0, 1.0, -0.0, 0.443368, 0.0, 0.0, 0.0, 1.0],
                [1.0, -0.0, 0.0, -0.131349, 0.0, -0.0, -1.0, 8.890931, 0.0, 1.0, -0.0, 0.442232, 0.0, 0.0, 0.0, 1.0],
                [1.0, -0.0, 0.0, -0.131397, 0.0, -0.0, -1.0, 8.890875, 0.0, 1.0, -0.0, 0.441095, 0.0, 0.0, 0.0, 1.0],
                [1.0, -0.0, 0.0, -0.131444, 0.0, -0.0, -1.0, 8.890818, 0.0, 1.0, -0.0, 0.439958, 0.0, 0.0, 0.0, 1.0],
                [1.0, -0.0, 0.0, -0.131492, 0.0, -0.0, -1.0, 8.890761, 0.0, 1.0, -0.0, 0.438821, 0.0, 0.0, 0.0, 1.0],
                [1.0, -0.0, 0.0, -0.131539, 0.0, -0.0, -1.0, 8.890705, 0.0, 1.0, -0.0, 0.437684, 0.0, 0.0, 0.0, 1.0],
                [1.0, -0.0, 0.0, -0.131587, 0.0, -0.0, -1.0, 8.890648, 0.0, 1.0, -0.0, 0.436548, 0.0, 0.0, 0.0, 1.0],
                [1.0, -0.0, 0.0, -0.131634, 0.0, -0.0, -1.0, 8.890592, 0.0, 1.0, -0.0, 0.435411, 0.0, 0.0, 0.0, 1.0],
                [1.0, -0.0, 0.0, -0.131682, 0.0, -0.0, -1.0, 8.890534, 0.0, 1.0, -0.0, 0.434274, 0.0, 0.0, 0.0, 1.0],
                [1.0, -0.0, 0.0, -0.131729, 0.0, -0.0, -1.0, 8.890478, 0.0, 1.0, -0.0, 0.433137, 0.0, 0.0, 0.0, 1.0],
                [1.0, -0.0, 0.0, -0.131777, 0.0, -0.0, -1.0, 8.890422, 0.0, 1.0, -0.0, 0.432, 0.0, 0.0, 0.0, 1.0],
                [1.0, -0.0, 0.0, -0.131824, 0.0, -0.0, -1.0, 8.890365, 0.0, 1.0, -0.0, 0.430863, 0.0, 0.0, 0.0, 1.0],
                [1.0, -0.0, 0.0, -0.131872, 0.0, -0.0, -1.0, 8.890308, 0.0, 1.0, -0.0, 0.429727, 0.0, 0.0, 0.0, 1.0],
                [1.0, -0.0, 0.0, -0.131919, 0.0, -0.0, -1.0, 8.890251, 0.0, 1.0, -0.0, 0.42859, 0.0, 0.0, 0.0, 1.0],
                [1.0, -0.0, 0.0, -0.131967, 0.0, -0.0, -1.0, 8.890195, 0.0, 1.0, -0.0, 0.427453, 0.0, 0.0, 0.0, 1.0],
                [1.0, -0.0, 0.0, -0.132014, 0.0, -0.0, -1.0, 8.890139, 0.0, 1.0, -0.0, 0.426316, 0.0, 0.0, 0.0, 1.0],
                [1.0, -0.0, 0.0, -0.132062, 0.0, -0.0, -1.0, 8.890081, 0.0, 1.0, -0.0, 0.425179, 0.0, 0.0, 0.0, 1.0],
                [1.0, -0.0, 0.0, -0.132109, 0.0, -0.0, -1.0, 8.890025, 0.0, 1.0, -0.0, 0.424043, 0.0, 0.0, 0.0, 1.0],
                [1.0, -0.0, 0.0, -0.132157, 0.0, -0.0, -1.0, 8.889968, 0.0, 1.0, -0.0, 0.422906, 0.0, 0.0, 0.0, 1.0],
                [1.0, -0.0, 0.0, -0.132205, 0.0, -0.0, -1.0, 8.889912, 0.0, 1.0, -0.0, 0.421769, 0.0, 0.0, 0.0, 1.0],
                [1.0, -0.0, 0.0, -0.132252, 0.0, -0.0, -1.0, 8.889855, 0.0, 1.0, -0.0, 0.420632, 0.0, 0.0, 0.0, 1.0],
                [1.0, -0.0, 0.0, -0.1323, 0.0, -0.0, -1.0, 8.889798, 0.0, 1.0, -0.0, 0.419495, 0.0, 0.0, 0.0, 1.0],
                [1.0, -0.0, 0.0, -0.132347, 0.0, -0.0, -1.0, 8.889742, 0.0, 1.0, -0.0, 0.418359, 0.0, 0.0, 0.0, 1.0],
                [1.0, -0.0, 0.0, -0.132395, 0.0, -0.0, -1.0, 8.889685, 0.0, 1.0, -0.0, 0.417222, 0.0, 0.0, 0.0, 1.0],
                [1.0, -0.0, 0.0, -0.132442, 0.0, -0.0, -1.0, 8.889628, 0.0, 1.0, -0.0, 0.416085, 0.0, 0.0, 0.0, 1.0],
                [1.0, -0.0, 0.0, -0.1326, 0.0, -0.0, -1.0, 8.877425, 0.0, 1.0, -0.0, 0.427254, 0.0, 0.0, 0.0, 1.0],
                [1.0, -0.0, 0.0, -0.132758, 0.0, -0.0, -1.0, 8.865221, 0.0, 1.0, -0.0, 0.438423, 0.0, 0.0, 0.0, 1.0],
                [1.0, -0.0, 0.0, -0.132916, 0.0, -0.0, -1.0, 8.853018, 0.0, 1.0, -0.0, 0.449592, 0.0, 0.0, 0.0, 1.0],
                [1.0, -0.0, 0.0, -0.133074, 0.0, -0.0, -1.0, 8.840815, 0.0, 1.0, -0.0, 0.460762, 0.0, 0.0, 0.0, 1.0],
                [1.0, -0.0, 0.0, -0.133232, 0.0, -0.0, -1.0, 8.828611, 0.0, 1.0, -0.0, 0.471931, 0.0, 0.0, 0.0, 1.0],
                [1.0, -0.0, 0.0, -0.13339, 0.0, -0.0, -1.0, 8.816408, 0.0, 1.0, -0.0, 0.4831, 0.0, 0.0, 0.0, 1.0],
                [1.0, -0.0, 0.0, -0.133548, 0.0, -0.0, -1.0, 8.804204, 0.0, 1.0, -0.0, 0.494269, 0.0, 0.0, 0.0, 1.0],
                [1.0, -0.0, 0.0, -0.133706, 0.0, -0.0, -1.0, 8.792001, 0.0, 1.0, -0.0, 0.505438, 0.0, 0.0, 0.0, 1.0],
                [1.0, -0.0, 0.0, -0.129711, 0.0, -0.0, -1.0, 8.76696, 0.0, 1.0, -0.0, 0.515962, 0.0, 0.0, 0.0, 1.0],
                [1.0, -0.0, 0.0, -0.125715, 0.0, -0.0, -1.0, 8.74192, 0.0, 1.0, -0.0, 0.526486, 0.0, 0.0, 0.0, 1.0],
                [1.0, -0.0, 0.0, -0.121719, 0.0, -0.0, -1.0, 8.71688, 0.0, 1.0, -0.0, 0.537009, 0.0, 0.0, 0.0, 1.0],
                [1.0, -0.0, 0.0, -0.117723, 0.0, -0.0, -1.0, 8.691839, 0.0, 1.0, -0.0, 0.547533, 0.0, 0.0, 0.0, 1.0],
                [1.0, -0.0, 0.0, -0.113727, 0.0, -0.0, -1.0, 8.666799, 0.0, 1.0, -0.0, 0.558057, 0.0, 0.0, 0.0, 1.0],
                [1.0, -0.0, 0.0, -0.109731, 0.0, -0.0, -1.0, 8.641759, 0.0, 1.0, -0.0, 0.56858, 0.0, 0.0, 0.0, 1.0],
                [1.0, -0.0, 0.0, -0.105735, 0.0, -0.0, -1.0, 8.616718, 0.0, 1.0, -0.0, 0.579104, 0.0, 0.0, 0.0, 1.0],
                [1.0, -0.0, 0.0, -0.098829, 0.0, -0.0, -1.0, 8.620486, 0.0, 1.0, -0.0, 0.58647, 0.0, 0.0, 0.0, 1.0],
                [1.0, -0.0, 0.0, -0.091923, 0.0, -0.0, -1.0, 8.624254, 0.0, 1.0, -0.0, 0.593837, 0.0, 0.0, 0.0, 1.0],
                [1.0, -0.0, 0.0, -0.085017, 0.0, -0.0, -1.0, 8.628023, 0.0, 1.0, -0.0, 0.601204, 0.0, 0.0, 0.0, 1.0],
                [1.0, -0.0, 0.0, -0.078111, 0.0, -0.0, -1.0, 8.631791, 0.0, 1.0, -0.0, 0.60857, 0.0, 0.0, 0.0, 1.0],
                [1.0, -0.0, 0.0, -0.071015, 0.0, -0.0, -1.0, 8.654776, 0.0, 1.0, -0.0, 0.611026, 0.0, 0.0, 0.0, 1.0],
                [1.0, -0.0, 0.0, -0.063919, 0.0, -0.0, -1.0, 8.677759, 0.0, 1.0, -0.0, 0.613481, 0.0, 0.0, 0.0, 1.0],
                [1.0, -0.0, 0.0, -0.056822, 0.0, -0.0, -1.0, 8.700744, 0.0, 1.0, -0.0, 0.615937, 0.0, 0.0, 0.0, 1.0],
                [1.0, -0.0, 0.0, -0.049726, 0.0, -0.0, -1.0, 8.723728, 0.0, 1.0, -0.0, 0.618392, 0.0, 0.0, 0.0, 1.0],
                [1.0, -0.0, 0.0, -0.042629, 0.0, -0.0, -1.0, 8.746712, 0.0, 1.0, -0.0, 0.620848, 0.0, 0.0, 0.0, 1.0],
                [1.0, -0.0, 0.0, -0.035533, 0.0, -0.0, -1.0, 8.769696, 0.0, 1.0, -0.0, 0.623303, 0.0, 0.0, 0.0, 1.0],
                [1.0, -0.0, 0.0, -0.028437, 0.0, -0.0, -1.0, 8.792681, 0.0, 1.0, -0.0, 0.625759, 0.0, 0.0, 0.0, 1.0],
                [1.0, -0.0, 0.0, -0.02134, 0.0, -0.0, -1.0, 8.815664, 0.0, 1.0, -0.0, 0.628214, 0.0, 0.0, 0.0, 1.0],
                [1.0, -0.0, 0.0, -0.014244, 0.0, -0.0, -1.0, 8.838649, 0.0, 1.0, -0.0, 0.63067, 0.0, 0.0, 0.0, 1.0],
                [1.0, -0.0, 0.0, -0.007148, 0.0, -0.0, -1.0, 8.861633, 0.0, 1.0, -0.0, 0.633125, 0.0, 0.0, 0.0, 1.0],
                [1.0, -0.0, 0.0, -5.1e-05, 0.0, -0.0, -1.0, 8.884617, 0.0, 1.0, -0.0, 0.635581, 0.0, 0.0, 0.0, 1.0],
                [1.0, -0.0, 0.0, 0.007045, 0.0, -0.0, -1.0, 8.907601, 0.0, 1.0, -0.0, 0.638036, 0.0, 0.0, 0.0, 1.0],
                [1.0, -0.0, 0.0, 0.028117, 0.0, -0.0, -1.0, 8.913378, 0.0, 1.0, -0.0, 0.640715, 0.0, 0.0, 0.0, 1.0],
                [1.0, -0.0, 0.0, 0.049188, 0.0, -0.0, -1.0, 8.919154, 0.0, 1.0, -0.0, 0.643394, 0.0, 0.0, 0.0, 1.0],
                [1.0, -0.0, 0.0, 0.070259, 0.0, -0.0, -1.0, 8.924932, 0.0, 1.0, -0.0, 0.646072, 0.0, 0.0, 0.0, 1.0],
                [1.0, -0.0, 0.0, 0.091331, 0.0, -0.0, -1.0, 8.930708, 0.0, 1.0, -0.0, 0.648751, 0.0, 0.0, 0.0, 1.0],
                [1.0, -0.0, 0.0, 0.112402, 0.0, -0.0, -1.0, 8.936484, 0.0, 1.0, -0.0, 0.65143, 0.0, 0.0, 0.0, 1.0],
                [1.0, -0.0, 0.0, 0.133473, 0.0, -0.0, -1.0, 8.942261, 0.0, 1.0, -0.0, 0.654109, 0.0, 0.0, 0.0, 1.0],
                [1.0, -0.0, 0.0, 0.154545, 0.0, -0.0, -1.0, 8.948037, 0.0, 1.0, -0.0, 0.656787, 0.0, 0.0, 0.0, 1.0],
                [1.0, -0.0, 0.0, 0.175616, 0.0, -0.0, -1.0, 8.953814, 0.0, 1.0, -0.0, 0.659466, 0.0, 0.0, 0.0, 1.0],
                [1.0, -0.0, 0.0, 0.196687, 0.0, -0.0, -1.0, 8.959591, 0.0, 1.0, -0.0, 0.662145, 0.0, 0.0, 0.0, 1.0],
                [1.0, -0.0, 0.0, 0.217759, 0.0, -0.0, -1.0, 8.965367, 0.0, 1.0, -0.0, 0.664824, 0.0, 0.0, 0.0, 1.0],
                [1.0, -0.0, 0.0, 0.23883, 0.0, -0.0, -1.0, 8.971144, 0.0, 1.0, -0.0, 0.667502, 0.0, 0.0, 0.0, 1.0],
                [1.0, -0.0, 0.0, 0.260514, 0.0, -0.0, -1.0, 8.972767, 0.0, 1.0, -0.0, 0.669607, 0.0, 0.0, 0.0, 1.0],
                [1.0, -0.0, 0.0, 0.282198, 0.0, -0.0, -1.0, 8.974391, 0.0, 1.0, -0.0, 0.671712, 0.0, 0.0, 0.0, 1.0],
                [1.0, -0.0, 0.0, 0.303881, 0.0, -0.0, -1.0, 8.976014, 0.0, 1.0, -0.0, 0.673817, 0.0, 0.0, 0.0, 1.0],
                [1.0, -0.0, 0.0, 0.325565, 0.0, -0.0, -1.0, 8.977638, 0.0, 1.0, -0.0, 0.675921, 0.0, 0.0, 0.0, 1.0],
                [1.0, -0.0, 0.0, 0.347249, 0.0, -0.0, -1.0, 8.979261, 0.0, 1.0, -0.0, 0.678026, 0.0, 0.0, 0.0, 1.0],
                [1.0, -0.0, 0.0, 0.368933, 0.0, -0.0, -1.0, 8.980886, 0.0, 1.0, -0.0, 0.680131, 0.0, 0.0, 0.0, 1.0],
                [1.0, -0.0, 0.0, 0.390616, 0.0, -0.0, -1.0, 8.982509, 0.0, 1.0, -0.0, 0.682235, 0.0, 0.0, 0.0, 1.0],
                [1.0, -0.0, 0.0, 0.381526, 0.0, -0.0, -1.0, 8.994851, 0.0, 1.0, -0.0, 0.677324, 0.0, 0.0, 0.0, 1.0],
                [1.0, -0.0, 0.0, 0.372437, 0.0, -0.0, -1.0, 9.007193, 0.0, 1.0, -0.0, 0.672413, 0.0, 0.0, 0.0, 1.0],
                [1.0, -0.0, 0.0, 0.363347, 0.0, -0.0, -1.0, 9.019535, 0.0, 1.0, -0.0, 0.667502, 0.0, 0.0, 0.0, 1.0],
                [1.0, -0.0, 0.0, 0.354257, 0.0, -0.0, -1.0, 9.031877, 0.0, 1.0, -0.0, 0.662591, 0.0, 0.0, 0.0, 1.0],
                [1.0, -0.0, 0.0, 0.345167, 0.0, -0.0, -1.0, 9.044219, 0.0, 1.0, -0.0, 0.65768, 0.0, 0.0, 0.0, 1.0],
                [1.0, -0.0, 0.0, 0.336077, 0.0, -0.0, -1.0, 9.056561, 0.0, 1.0, -0.0, 0.652769, 0.0, 0.0, 0.0, 1.0],
                [1.0, -0.0, 0.0, 0.326988, 0.0, -0.0, -1.0, 9.068903, 0.0, 1.0, -0.0, 0.647858, 0.0, 0.0, 0.0, 1.0],
                [1.0, -0.0, 0.0, 0.317898, 0.0, -0.0, -1.0, 9.081245, 0.0, 1.0, -0.0, 0.642947, 0.0, 0.0, 0.0, 1.0],
                [1.0, -0.0, 0.0, 0.308808, 0.0, -0.0, -1.0, 9.093587, 0.0, 1.0, -0.0, 0.638036, 0.0, 0.0, 0.0, 1.0],
                [1.0, -0.0, 0.0, 0.299718, 0.0, -0.0, -1.0, 9.105929, 0.0, 1.0, -0.0, 0.633125, 0.0, 0.0, 0.0, 1.0],
                [1.0, -0.0, 0.0, 0.290628, 0.0, -0.0, -1.0, 9.118271, 0.0, 1.0, -0.0, 0.628214, 0.0, 0.0, 0.0, 1.0],
                [1.0, -0.0, 0.0, 0.281538, 0.0, -0.0, -1.0, 9.130613, 0.0, 1.0, -0.0, 0.623303, 0.0, 0.0, 0.0, 1.0]
            ]
        },
        {
            "name": "Thigh_R",
            "time": [0.0, 0.0333, 0.0667, 0.1, 0.1333, 0.1667, 0.2, 0.2333, 0.2667, 0.3, 0.3333, 0.3667, 0.4, 0.4333, 0.4667, 0.5, 0.5333, 0.5667, 0.6, 0.6333, 0.6667, 0.7, 0.7333, 0.7667, 0.8, 0.8333, 0.8667, 0.9, 0.9333, 0.9667, 1.0, 1.0333, 1.0667, 1.1, 1.1333, 1.1667, 1.2, 1.2333, 1.2667, 1.3, 1.3333, 1.3667, 1.4, 1.4333, 1.4667, 1.5, 1.5333, 1.5667, 1.6, 1.6333, 1.6667, 1.7, 1.7333, 1.7667, 1.8, 1.8333, 1.8667, 1.9, 1.9333, 1.9667, 2.0, 2.0333, 2.0667, 2.1, 2.1333, 2.1667, 2.2, 2.2333, 2.2667, 2.3, 2.3333, 2.3667, 2.4, 2.4333, 2.4667, 2.5, 2.5333, 2.5667, 2.6, 2.6333, 2.6667, 2.7, 2.7333, 2.7667, 2.8, 2.8333, 2.8667, 2.9, 2.9333, 2.9667, 3.0, 3.0333, 3.0667, 3.1, 3.1333, 3.1667, 3.2, 3.2333, 3.2667, 3.3, 3.3333, 3.3667, 3.4, 3.4333, 3.4667, 3.5, 3.5333, 3.5667, 3.6, 3.6333, 3.6667, 3.7, 3.7333, 3.7667, 3.8, 3.8333, 3.8667, 3.9, 3.9333, 3.9667, 4.0, 4.0333, 4.0667, 4.1, 4.1333, 4.1667, 4.2, 4.2333, 4.2667, 4.3, 4.3333, 4.3667, 4.4, 4.4333, 4.4667, 4.5, 4.5333, 4.5667, 4.6, 4.6333, 4.6667, 4.7, 4.7333, 4.7667, 4.8, 4.8333, 4.8667, 4.9, 4.9333, 4.9667, 5.0, 5.0333],
            "transform": [
                [-0.287104, 0.951921, 0.106855, 0.124994, 0.284464, -0.02179, 0.958439, -0.002831, 0.914687, 0.305568, -0.264531, -1.2e-05, 0.0, 0.0, 0.0, 1.0],
                [-0.198639, 0.964504, 0.173999, 0.124994, 0.345055, -0.097346, 0.933521, -0.002831, 0.917322, 0.245473, -0.313471, -1.2e-05, 0.0, 0.0, 0.0, 1.0],
                [-0.10209, 0.966114, 0.237068, 0.124994, 0.398831, -0.17857, 0.89947, -0.002831, 0.911324, 0.186377, -0.367087, -1.2e-05, 0.0, 0.0, 0.0, 1.0],
                [0.000852, 0.955761, 0.294145, 0.124994, 0.443867, -0.263942, 0.856339, -0.002831, 0.896092, 0.129831, -0.424456, -1.2e-05, 0.0, 0.0, 0.0, 1.0],
                [0.108003, 0.932952, 0.343419, 0.124994, 0.478483, -0.351578, 0.804641, -0.002831, 0.871429, 0.077417, -0.484373, -1.2e-05, 0.0, 0.0, 0.0, 1.0],
                [0.216819, 0.897792, 0.383353, 0.124994, 0.501413, -0.439355, 0.745354, -0.002831, 0.837601, 0.030612, -0.545425, -1.2e-05, 0.0, 0.0, 0.0, 1.0],
                [0.324589, 0.851009, 0.412828, 0.124994, 0.511933, -0.525068, 0.679874, -0.002831, 0.795341, -0.009339, -0.606091, -1.2e-05, 0.0, 0.0, 0.0, 1.0],
                [0.428654, 0.793906, 0.431241, 0.124994, 0.509936, -0.60662, 0.609899, -0.002831, 0.745802, -0.04153, -0.664872, -1.2e-05, 0.0, 0.0, 0.0, 1.0],
                [0.526621, 0.728248, 0.438549, 0.124994, 0.495928, -0.68218, 0.537294, -0.002831, 0.690453, -0.065461, -0.72041, -1.2e-05, 0.0, 0.0, 0.0, 1.0],
                [0.616535, 0.656091, 0.435236, 0.124994, 0.47095, -0.750316, 0.463931, -0.002831, 0.630945, -0.081055, -0.771582, -1.2e-05, 0.0, 0.0, 0.0, 1.0],
                [0.696987, 0.5796, 0.422224, 0.124994, 0.436446, -0.810068, 0.391542, -0.002831, 0.568968, -0.088622, -0.817571, -1.2e-05, 0.0, 0.0, 0.0, 1.0],
                [0.780735, 0.581615, 0.228423, 0.124994, 0.40964, -0.752446, 0.515772, -0.002831, 0.471857, -0.309109, -0.825714, -1.2e-05, 0.0, 0.0, 0.0, 1.0],
                [0.846326, 0.532202, 0.022206, 0.124994, 0.400588, -0.663398, 0.632006, -0.002831, 0.351086, -0.525987, -0.774646, -1.2e-05, 0.0, 0.0, 0.0, 1.0],
                [0.884944, 0.431149, -0.176025, 0.124994, 0.412113, -0.548992, 0.727166, -0.002831, 0.216881, -0.716043, -0.66351, -1.2e-05, 0.0, 0.0, 0.0, 1.0],
                [0.892661, 0.288733, -0.346106, 0.124994, 0.443041, -0.420864, 0.791574, -0.002831, 0.08289, -0.859946, -0.50361, -1.2e-05, 0.0, 0.0, 0.0, 1.0],
                [0.871686, 0.12246, -0.474518, 0.124994, 0.488579, -0.292524, 0.822022, -0.002831, -0.038143, -0.948384, -0.314821, -1.2e-05, 0.0, 0.0, 0.0, 1.0],
                [0.895142, -0.001224, -0.44578, 0.124994, 0.429188, -0.267935, 0.862559, -0.002831, -0.120496, -0.963436, -0.239315, -1.2e-05, 0.0, 0.0, 0.0, 1.0],
                [0.905458, -0.128661, -0.404465, 0.124994, 0.368845, -0.232961, 0.899823, -0.002831, -0.209997, -0.963937, -0.163481, -1.2e-05, 0.0, 0.0, 0.0, 1.0],
                [0.900842, -0.25621, -0.350486, 0.124994, 0.309367, -0.187558, 0.932263, -0.002831, -0.304591, -0.94825, -0.089697, -1.2e-05, 0.0, 0.0, 0.0, 1.0],
                [0.880234, -0.379751, -0.284566, 0.124994, 0.252748, -0.132352, 0.958437, -0.002831, -0.40163, -0.915572, -0.02052, -1.2e-05, 0.0, 0.0, 0.0, 1.0],
                [0.843525, -0.495067, -0.208267, 0.124994, 0.200971, -0.068661, 0.977188, -0.002831, -0.498074, -0.866138, 0.041577, -1.2e-05, 0.0, 0.0, 0.0, 1.0],
                [0.791641, -0.598294, -0.123891, 0.124994, 0.15579, 0.00159, 0.987789, -0.002831, -0.590792, -0.801275, 0.094466, -1.2e-05, 0.0, 0.0, 0.0, 1.0],
                [0.726477, -0.686336, -0.034254, 0.124994, 0.118538, 0.07606, 0.990032, -0.002831, -0.67689, -0.723296, 0.136613, -1.2e-05, 0.0, 0.0, 0.0, 1.0],
                [0.650674, -0.757168, 0.057618, 0.124994, 0.090004, 0.152241, 0.984237, -0.002831, -0.754005, -0.635232, 0.167207, -1.1e-05, 0.0, 0.0, 0.0, 1.0],
                [0.567297, -0.809958, 0.148806, 0.124993, 0.070387, 0.227725, 0.971178, -0.002831, -0.8205, -0.540473, 0.186198, -1.1e-05, 0.0, 0.0, 0.0, 1.0],
                [0.479496, -0.845001, 0.236765, 0.124993, 0.059358, 0.300417, 0.951959, -0.002831, -0.875534, -0.442407, 0.194206, -1.1e-05, 0.0, 0.0, 0.0, 1.0],
                [0.396248, -0.886928, 0.237375, 0.124993, 0.044901, 0.276948, 0.959835, -0.002831, -0.917045, -0.369674, 0.149564, -1.1e-05, 0.0, 0.0, 0.0, 1.0],
                [0.309185, -0.921835, 0.233721, 0.124994, 0.028076, 0.254503, 0.966664, -0.002831, -0.950588, -0.292317, 0.10457, -1.2e-05, 0.0, 0.0, 0.0, 1.0],
                [0.219489, -0.949127, 0.225794, 0.124994, 0.009087, 0.233417, 0.972334, -0.002831, -0.975573, -0.211365, 0.059857, -1.2e-05, 0.0, 0.0, 0.0, 1.0],
                [0.128421, -0.96842, 0.213707, 0.124994, -0.011799, 0.213984, 0.976766, -0.002831, -0.99165, -0.127959, 0.016054, -1.2e-05, 0.0, 0.0, 0.0, 1.0],
                [0.037273, -0.979557, 0.197686, 0.124994, -0.034262, 0.196454, 0.979914, -0.002831, -0.998718, -0.043298, -0.02624, -1.2e-05, 0.0, 0.0, 0.0, 1.0],
                [-0.046539, -0.981922, 0.183477, 0.124994, -0.035483, 0.185185, 0.982063, -0.002831, -0.998286, 0.039193, -0.043461, -1.2e-05, 0.0, 0.0, 0.0, 1.0],
                [-0.131266, -0.977078, 0.167596, 0.124994, -0.037702, 0.173856, 0.984049, -0.002831, -0.99063, 0.122853, -0.059659, -1.2e-05, 0.0, 0.0, 0.0, 1.0],
                [-0.215959, -0.964787, 0.150159, 0.124994, -0.040931, 0.162598, 0.985843, -0.002831, -0.975544, 0.206755, -0.074605, -1.2e-05, 0.0, 0.0, 0.0, 1.0],
                [-0.299624, -0.944976, 0.131326, 0.124994, -0.045165, 0.151544, 0.987418, -0.002831, -0.952988, 0.289923, -0.088086, -1.2e-05, 0.0, 0.0, 0.0, 1.0],
                [-0.381263, -0.917744, 0.111292, 0.124994, -0.050369, 0.140828, 0.988752, -0.002831, -0.923094, 0.371368, -0.099919, -1.2e-05, 0.0, 0.0, 0.0, 1.0],
                [-0.459906, -0.883366, 0.090286, 0.124994, -0.05649, 0.130577, 0.989828, -0.002831, -0.886169, 0.450127, -0.109954, -1.2e-05, 0.0, 0.0, 0.0, 1.0],
                [-0.534654, -0.842286, 0.068558, 0.124994, -0.06345, 0.120908, 0.990634, -0.002831, -0.842686, 0.525297, -0.118087, -1.1e-05, 0.0, 0.0, 0.0, 1.0],
                [-0.604714, -0.795092, 0.046369, 0.124994, -0.071154, 0.111921, 0.991166, -0.002831, -0.793258, 0.596073, -0.124255, -1.1e-05, 0.0, 0.0, 0.0, 1.0],
                [-0.669422, -0.742495, 0.023988, 0.124994, -0.079495, 0.103701, 0.991427, -0.002831, -0.738617, 0.661775, -0.128445, -1.1e-05, 0.0, 0.0, 0.0, 1.0],
                [-0.728262, -0.685297, 0.001671, 0.124994, -0.088353, 0.096309, 0.991422, -0.002831, -0.679579, 0.721868, -0.130686, -1.1e-05, 0.0, 0.0, 0.0, 1.0],
                [-0.792782, -0.609406, -0.010987, 0.103772, -0.031059, 0.022388, 0.999267, -0.014257, -0.608713, 0.792542, -0.036677, 0.00114, 0.0, 0.0, 0.0, 1.0],
                [-0.851488, -0.524185, -0.014095, 0.08255, 0.020214, -0.059672, 0.998013, -0.025684, -0.523985, 0.849511, 0.061405, 0.002292, 0.0, 0.0, 0.0, 1.0],
                [-0.902032, -0.431618, -0.006788, 0.061328, 0.063339, -0.147893, 0.986973, -0.03711, -0.426999, 0.889851, 0.160742, 0.003443, 0.0, 0.0, 0.0, 1.0],
                [-0.942389, -0.334332, 0.011202, 0.040106, 0.096532, -0.239729, 0.966029, -0.048537, -0.320289, 0.911456, 0.258191, 0.004595, 0.0, 0.0, 0.0, 1.0],
                [-0.971104, -0.235371, 0.03947, 0.018884, 0.11857, -0.332294, 0.935693, -0.059964, -0.207119, 0.913336, 0.3506, 0.005747, 0.0, 0.0, 0.0, 1.0],
                [-0.987454, -0.137883, 0.076962, -0.002338, 0.128935, -0.422657, 0.897071, -0.071391, -0.091162, 0.89574, 0.435132, 0.006898, 0.0, 0.0, 0.0, 1.0],
                [-0.991506, -0.044797, 0.122099, -0.02356, 0.127845, -0.508141, 0.851732, -0.082817, 0.023888, 0.860108, 0.509552, 0.00805, 0.0, 0.0, 0.0, 1.0],
                [-0.984054, 0.041449, 0.172975, -0.044782, 0.116182, -0.586571, 0.801521, -0.094244, 0.134685, 0.808837, 0.572402, 0.009202, 0.0, 0.0, 0.0, 1.0],
                [-0.964144, 0.02391, 0.264302, -0.107937, 0.233387, -0.39768, 0.887345, -0.071114, 0.126324, 0.917213, 0.37784, 0.033858, 0.0, 0.0, 0.0, 1.0],
                [-0.931985, 0.170365, 0.319969, -0.060037, 0.292624, -0.167387, 0.941463, -0.069308, 0.213951, 0.97106, 0.106149, 0.082842, 0.0, 0.0, 0.0, 1.0],
                [-0.886347, 0.323223, 0.331536, -0.012137, 0.369857, 0.063472, 0.926918, -0.067502, 0.278557, 0.944192, -0.175805, 0.131825, 0.0, 0.0, 0.0, 1.0],
                [-0.799653, 0.406341, 0.442089, -0.035384, 0.477185, -0.01687, 0.878641, -0.046856, 0.364486, 0.913566, -0.18041, 0.098695, 0.0, 0.0, 0.0, 1.0],
                [-0.691136, 0.474992, 0.544714, -0.058631, 0.568893, -0.107302, 0.815382, -0.02621, 0.445749, 0.873424, -0.196059, 0.065565, 0.0, 0.0, 0.0, 1.0],
                [-0.565306, 0.526324, 0.635148, -0.081879, 0.64117, -0.204067, 0.739769, -0.005565, 0.51897, 0.825433, -0.222103, 0.032435, 0.0, 0.0, 0.0, 1.0],
                [-0.500137, 0.364585, 0.785456, -0.061063, 0.676029, -0.402452, 0.617266, -0.004198, 0.541154, 0.839709, -0.045189, 0.064408, 0.0, 0.0, 0.0, 1.0],
                [-0.433165, 0.168336, 0.885455, -0.040248, 0.694131, -0.564355, 0.446861, -0.002831, 0.574934, 0.808187, 0.127612, 0.09638, 0.0, 0.0, 0.0, 1.0],
                [-0.424175, 0.240261, 0.873127, -0.02751, 0.68786, -0.541623, 0.483211, -0.002831, 0.589002, 0.805556, 0.064477, 0.09156, 0.0, 0.0, 0.0, 1.0],
                [-0.414061, 0.311125, 0.855427, -0.014773, 0.682201, -0.5161, 0.517922, -0.002831, 0.602624, 0.798024, 0.001447, 0.08674, 0.0, 0.0, 0.0, 1.0],
                [-0.402905, 0.380309, 0.832486, -0.002035, 0.677204, -0.487996, 0.550686, -0.002831, 0.61568, 0.785637, -0.060932, 0.081921, 0.0, 0.0, 0.0, 1.0],
                [-0.390807, 0.447226, 0.804524, 0.010702, 0.672911, -0.457563, 0.581229, -0.002831, 0.628061, 0.768522, -0.122125, 0.077102, 0.0, 0.0, 0.0, 1.0],
                [-0.391388, 0.445753, 0.805059, 0.014512, 0.672843, -0.458196, 0.580809, -0.002831, 0.627772, 0.769, -0.12059, 0.074531, 0.0, 0.0, 0.0, 1.0],
                [-0.391969, 0.444279, 0.805591, 0.018321, 0.672775, -0.458829, 0.580388, -0.002831, 0.627483, 0.769475, -0.119054, 0.07196, 0.0, 0.0, 0.0, 1.0],
                [-0.392549, 0.442805, 0.80612, 0.022131, 0.672707, -0.459461, 0.579966, -0.002831, 0.627192, 0.769948, -0.117517, 0.06939, 0.0, 0.0, 0.0, 1.0],
                [-0.393129, 0.441329, 0.806647, 0.025941, 0.67264, -0.460092, 0.579543, -0.002831, 0.626901, 0.770418, -0.11598, 0.066819, 0.0, 0.0, 0.0, 1.0],
                [-0.393708, 0.439851, 0.807171, 0.029751, 0.672574, -0.460723, 0.579119, -0.002831, 0.626608, 0.770886, -0.114442, 0.064249, 0.0, 0.0, 0.0, 1.0],
                [-0.394287, 0.438373, 0.807692, 0.03356, 0.672508, -0.461353, 0.578694, -0.002831, 0.626315, 0.771351, -0.112904, 0.061679, 0.0, 0.0, 0.0, 1.0],
                [-0.394866, 0.436894, 0.808211, 0.03737, 0.672442, -0.461983, 0.578267, -0.002831, 0.626021, 0.771813, -0.111365, 0.059109, 0.0, 0.0, 0.0, 1.0],
                [-0.395444, 0.435413, 0.808727, 0.04118, 0.672377, -0.462612, 0.57784, -0.002831, 0.625725, 0.772273, -0.109825, 0.056538, 0.0, 0.0, 0.0, 1.0],
                [-0.396022, 0.433931, 0.809241, 0.04499, 0.672313, -0.46324, 0.577412, -0.002831, 0.625429, 0.772731, -0.108285, 0.053967, 0.0, 0.0, 0.0, 1.0],
                [-0.396599, 0.432449, 0.809752, 0.048799, 0.672249, -0.463868, 0.576982, -0.002831, 0.625133, 0.773185, -0.106744, 0.051397, 0.0, 0.0, 0.0, 1.0],
                [-0.397176, 0.430965, 0.81026, 0.052609, 0.672185, -0.464494, 0.576552, -0.002831, 0.624834, 0.773637, -0.105202, 0.048826, 0.0, 0.0, 0.0, 1.0],
                [-0.397753, 0.42948, 0.810765, 0.056419, 0.672122, -0.46512, 0.576121, -0.002831, 0.624535, 0.774087, -0.10366, 0.046256, 0.0, 0.0, 0.0, 1.0],
                [-0.398329, 0.427994, 0.811268, 0.060229, 0.672059, -0.465746, 0.575688, -0.002831, 0.624235, 0.774534, -0.102118, 0.043686, 0.0, 0.0, 0.0, 1.0],
                [-0.398904, 0.426507, 0.811768, 0.064039, 0.671997, -0.466371, 0.575254, -0.002831, 0.623935, 0.774978, -0.100575, 0.041116, 0.0, 0.0, 0.0, 1.0],
                [-0.399479, 0.425019, 0.812266, 0.067848, 0.671936, -0.466995, 0.57482, -0.002831, 0.623633, 0.775419, -0.099031, 0.038545, 0.0, 0.0, 0.0, 1.0],
                [-0.400054, 0.42353, 0.81276, 0.071658, 0.671875, -0.467619, 0.574384, -0.002831, 0.623331, 0.775858, -0.097487, 0.035974, 0.0, 0.0, 0.0, 1.0],
                [-0.400629, 0.422039, 0.813253, 0.075468, 0.671814, -0.468241, 0.573948, -0.002831, 0.623027, 0.776294, -0.095941, 0.033404, 0.0, 0.0, 0.0, 1.0],
                [-0.401202, 0.420548, 0.813742, 0.079278, 0.671754, -0.468864, 0.57351, -0.002831, 0.622723, 0.776728, -0.094396, 0.030833, 0.0, 0.0, 0.0, 1.0],
                [-0.401776, 0.419056, 0.814229, 0.083087, 0.671694, -0.469485, 0.573071, -0.002831, 0.622417, 0.777159, -0.09285, 0.028263, 0.0, 0.0, 0.0, 1.0],
                [-0.402349, 0.417562, 0.814713, 0.086897, 0.671635, -0.470106, 0.572631, -0.002831, 0.622111, 0.777587, -0.091303, 0.025693, 0.0, 0.0, 0.0, 1.0],
                [-0.402921, 0.416068, 0.815195, 0.090707, 0.671576, -0.470726, 0.572191, -0.002831, 0.621804, 0.778013, -0.089756, 0.023123, 0.0, 0.0, 0.0, 1.0],
                [-0.403493, 0.414573, 0.815673, 0.094517, 0.671518, -0.471346, 0.571749, -0.002831, 0.621495, 0.778436, -0.088208, 0.020552, 0.0, 0.0, 0.0, 1.0],
                [-0.404065, 0.413076, 0.816149, 0.098326, 0.67146, -0.471964, 0.571306, -0.002831, 0.621186, 0.778857, -0.08666, 0.017982, 0.0, 0.0, 0.0, 1.0],
                [-0.404636, 0.411579, 0.816623, 0.102136, 0.671403, -0.472582, 0.570862, -0.002831, 0.620876, 0.779275, -0.085112, 0.015411, 0.0, 0.0, 0.0, 1.0],
                [-0.405207, 0.41008, 0.817093, 0.105946, 0.671346, -0.4732, 0.570417, -0.002831, 0.620565, 0.77969, -0.083563, 0.01284, 0.0, 0.0, 0.0, 1.0],
                [-0.405777, 0.408581, 0.817561, 0.109756, 0.67129, -0.473816, 0.569971, -0.002831, 0.620253, 0.780102, -0.082013, 0.01027, 0.0, 0.0, 0.0, 1.0],
                [-0.406347, 0.407081, 0.818027, 0.113565, 0.671234, -0.474432, 0.569525, -0.002831, 0.619941, 0.780512, -0.080463, 0.0077, 0.0, 0.0, 0.0, 1.0],
                [-0.406916, 0.405579, 0.818489, 0.117375, 0.671179, -0.475047, 0.569077, -0.002831, 0.619627, 0.78092, -0.078912, 0.00513, 0.0, 0.0, 0.0, 1.0],
                [-0.407485, 0.404077, 0.818949, 0.121185, 0.671124, -0.475662, 0.568628, -0.002831, 0.619312, 0.781324, -0.077361, 0.002559, 0.0, 0.0, 0.0, 1.0],
                [-0.408053, 0.402574, 0.819407, 0.124995, 0.67107, -0.476276, 0.568178, -0.002831, 0.618997, 0.781726, -0.075809, -1.1e-05, 0.0, 0.0, 0.0, 1.0],
                [-0.39542, 0.410587, 0.821622, 0.124994, 0.658214, -0.497231, 0.565257, -0.002831, 0.640623, 0.764316, -0.073639, -1.1e-05, 0.0, 0.0, 0.0, 1.0],
                [-0.382546, 0.418242, 0.823852, 0.124994, 0.644752, -0.51783, 0.562269, -0.002831, 0.66178, 0.746274, -0.071569, -1.1e-05, 0.0, 0.0, 0.0, 1.0],
                [-0.369449, 0.425529, 0.826095, 0.124994, 0.630701, -0.538046, 0.559216, -0.002831, 0.68244, 0.727621, -0.069601, -1.1e-05, 0.0, 0.0, 0.0, 1.0],
                [-0.356143, 0.432437, 0.828348, 0.124994, 0.616075, -0.557854, 0.556103, -0.002831, 0.702577, 0.708377, -0.067738, -1.1e-05, 0.0, 0.0, 0.0, 1.0],
                [-0.342644, 0.438959, 0.830609, 0.124994, 0.600892, -0.577228, 0.552934, -0.002831, 0.722166, 0.688566, -0.065983, -1.1e-05, 0.0, 0.0, 0.0, 1.0],
                [-0.328969, 0.445085, 0.832873, 0.124994, 0.585171, -0.596147, 0.549711, -0.002831, 0.741184, 0.668212, -0.064337, -1.1e-05, 0.0, 0.0, 0.0, 1.0],
                [-0.315136, 0.450811, 0.83514, 0.124994, 0.568933, -0.614587, 0.54644, -0.002831, 0.759608, 0.647342, -0.062803, -1.1e-05, 0.0, 0.0, 0.0, 1.0],
                [-0.30116, 0.45613, 0.837406, 0.124994, 0.552198, -0.632529, 0.543125, -0.002831, 0.777419, 0.625981, -0.061382, -1.1e-05, 0.0, 0.0, 0.0, 1.0],
                [-0.286327, 0.447882, 0.847005, 0.124994, 0.530554, -0.661999, 0.529406, -0.002831, 0.797828, 0.600965, -0.048078, -1.1e-05, 0.0, 0.0, 0.0, 1.0],
                [-0.271754, 0.438925, 0.856443, 0.124994, 0.507905, -0.690487, 0.515034, -0.002831, 0.817424, 0.574954, -0.03529, -1.1e-05, 0.0, 0.0, 0.0, 1.0],
                [-0.257475, 0.429275, 0.865696, 0.124994, 0.4843, -0.717923, 0.50004, -0.002831, 0.836157, 0.548005, -0.023052, -1.1e-05, 0.0, 0.0, 0.0, 1.0],
                [-0.243527, 0.418955, 0.874741, 0.124994, 0.459793, -0.744238, 0.484457, -0.002831, 0.853982, 0.520179, -0.011391, -1.1e-05, 0.0, 0.0, 0.0, 1.0],
                [-0.229941, 0.407987, 0.883557, 0.124994, 0.434442, -0.769372, 0.468323, -0.002831, 0.870854, 0.491541, -0.000337, -1.1e-05, 0.0, 0.0, 0.0, 1.0],
                [-0.216748, 0.3964, 0.892125, 0.124994, 0.408307, -0.793268, 0.451676, -0.002831, 0.886739, 0.462161, 0.010086, -1.1e-05, 0.0, 0.0, 0.0, 1.0],
                [-0.203979, 0.384225, 0.900424, 0.124994, 0.381454, -0.815874, 0.434559, -0.002831, 0.901601, 0.432112, 0.019857, -1.1e-05, 0.0, 0.0, 0.0, 1.0],
                [-0.198098, 0.358562, 0.912245, 0.124994, 0.387373, -0.826285, 0.408895, -0.002831, 0.900389, 0.43438, 0.024788, -1.1e-05, 0.0, 0.0, 0.0, 1.0],
                [-0.192043, 0.332592, 0.92331, 0.124994, 0.393124, -0.835968, 0.382898, -0.002831, 0.899207, 0.436509, 0.029792, -1.1e-05, 0.0, 0.0, 0.0, 1.0],
                [-0.185821, 0.306347, 0.933607, 0.124994, 0.398701, -0.844911, 0.356599, -0.002831, 0.898058, 0.438494, 0.034861, -1.1e-05, 0.0, 0.0, 0.0, 1.0],
                [-0.17944, 0.279859, 0.943123, 0.124994, 0.404097, -0.853103, 0.330032, -0.002831, 0.896943, 0.440334, 0.03999, -1.1e-05, 0.0, 0.0, 0.0, 1.0],
                [-0.131405, 0.292618, 0.947157, 0.124994, 0.399446, -0.858817, 0.320744, -0.002831, 0.90729, 0.420486, -0.004032, -1.1e-05, 0.0, 0.0, 0.0, 1.0],
                [-0.082655, 0.304407, 0.948949, 0.124994, 0.394229, -0.864548, 0.311672, -0.002831, 0.915288, 0.399865, -0.048547, -1.1e-05, 0.0, 0.0, 0.0, 1.0],
                [-0.033368, 0.315164, 0.948451, 0.124994, 0.388457, -0.870276, 0.302854, -0.002831, 0.920862, 0.378539, -0.093388, -1.1e-05, 0.0, 0.0, 0.0, 1.0],
                [0.016269, 0.324831, 0.945632, 0.124994, 0.382146, -0.875976, 0.29433, -0.002831, 0.923959, 0.356581, -0.138384, -1.1e-05, 0.0, 0.0, 0.0, 1.0],
                [0.066063, 0.33336, 0.940482, 0.124994, 0.375314, -0.881627, 0.286135, -0.002831, 0.924541, 0.334073, -0.183358, -1.1e-05, 0.0, 0.0, 0.0, 1.0],
                [0.11582, 0.34071, 0.933007, 0.124994, 0.367985, -0.887205, 0.278304, -0.002831, 0.92259, 0.3111, -0.228132, -1.1e-05, 0.0, 0.0, 0.0, 1.0],
                [0.165341, 0.346849, 0.923232, 0.124994, 0.360188, -0.892689, 0.270869, -0.002831, 0.91811, 0.287752, -0.272529, -1.1e-05, 0.0, 0.0, 0.0, 1.0],
                [0.214432, 0.351756, 0.911201, 0.124994, 0.351954, -0.898057, 0.263858, -0.002831, 0.911124, 0.264122, -0.316374, -1.1e-05, 0.0, 0.0, 0.0, 1.0],
                [0.262902, 0.35542, 0.896972, 0.124994, 0.343318, -0.903289, 0.257296, -0.002831, 0.901673, 0.240304, -0.359499, -1.1e-05, 0.0, 0.0, 0.0, 1.0],
                [0.310569, 0.357836, 0.880625, 0.124994, 0.334319, -0.908365, 0.251205, -0.002831, 0.889819, 0.216393, -0.401741, -1.1e-05, 0.0, 0.0, 0.0, 1.0],
                [0.357257, 0.359015, 0.862251, 0.124994, 0.324995, -0.913268, 0.245602, -0.002831, 0.87564, 0.192484, -0.442949, -1.1e-05, 0.0, 0.0, 0.0, 1.0],
                [0.402803, 0.358971, 0.841956, 0.124994, 0.315388, -0.917981, 0.2405, -0.002831, 0.859232, 0.168669, -0.482981, -1.1e-05, 0.0, 0.0, 0.0, 1.0],
                [0.428155, 0.349674, 0.833313, 0.124993, 0.304626, -0.923984, 0.231205, -0.002831, 0.850815, 0.154858, -0.502128, -1.1e-05, 0.0, 0.0, 0.0, 1.0],
