{
    "animation": [
        {
            "name": "Root",
            "time": [0.0, 0.1, 0.2333, 0.3333, 0.4333, 0.5333, 0.6667, 0.7667, 0.8667, 0.9667, 1.1, 1.2, 1.3, 1.4, 1.5333, 1.6333, 1.7333, 1.8667, 1.9667, 2.0667, 2.1667, 2.3, 2.4, 2.6, 2.8333, 3.0333, 3.2667, 3.5, 3.7, 3.9333, 4.1333, 4.3667, 4.5667, 4.8, 5.0, 5.2333, 5.3667],
            "transform": [
                [1.0, -0.0, 0.0, -2.2e-05, 0.0, -0.0, -1.0, 4.1e-05, 0.0, 1.0, -0.0, 0.567583, 0.0, 0.0, 0.0, 1.0],
                [1.0, -0.0, 0.0, 0.095679, 0.0, -0.0, -1.0, -1.185138, 0.0, 1.0, -0.0, 0.539162, 0.0, 0.0, 0.0, 1.0],
                [1.0, -0.0, 0.0, 0.094258, 0.0, -0.0, -1.0, -1.892521, 0.0, 1.0, -0.0, 0.539162, 0.0, 0.0, 0.0, 1.0],
                [1.0, -0.0, 0.0, 0.007311, 0.0, -0.0, -1.0, -2.73316, 0.0, 1.0, -0.0, 0.669896, 0.0, 0.0, 0.0, 1.0],
                [1.0, -0.0, 0.0, -0.092935, 0.0, -0.0, -1.0, -3.747704, 0.0, 1.0, -0.0, 0.695475, 0.0, 0.0, 0.0, 1.0],
                [1.0, -0.0, 0.0, -0.165903, 0.0, -0.0, -1.0, -4.424172, 0.0, 1.0, -0.0, 0.610214, 0.0, 0.0, 0.0, 1.0],
                [1.0, -0.0, 0.0, -0.199049, 0.0, -0.0, -1.0, -5.13255, 0.0, 1.0, -0.0, 0.485348, 0.0, 0.0, 0.0, 1.0],
                [1.0, -0.0, 0.0, -0.233797, 0.0, -0.0, -1.0, -5.695828, 0.0, 1.0, -0.0, 0.371699, 0.0, 0.0, 0.0, 1.0],
                [1.0, -0.0, 0.0, -0.303583, 0.0, -0.0, -1.0, -6.005797, 0.0, 1.0, -0.0, 0.36864, 0.0, 0.0, 0.0, 1.0],
                [1.0, -0.0, 0.0, -0.31625, 0.0, -0.0, -1.0, -6.031782, 0.0, 1.0, -0.0, 0.361534, 0.0, 0.0, 0.0, 1.0],
                [1.0, -0.0, 0.0, -0.317811, 0.0, -0.0, -1.0, -6.019687, 0.0, 1.0, -0.0, 0.347324, 0.0, 0.0, 0.0, 1.0],
                [1.0, -0.0, 0.0, -0.315239, 0.0, -0.0, -1.0, -5.96981, 0.0, 1.0, -0.0, 0.354429, 0.0, 0.0, 0.0, 1.0],
                [1.0, -0.0, 0.0, -0.311285, 0.0, -0.0, -1.0, -5.924346, 0.0, 1.0, -0.0, 0.375745, 0.0, 0.0, 0.0, 1.0],
                [1.0, -0.0, 0.0, -0.305418, 0.0, -0.0, -1.0, -5.886811, 0.0, 1.0, -0.0, 0.432586, 0.0, 0.0, 0.0, 1.0],
                [1.0, -0.0, 0.0, -0.293168, 0.0, -0.0, -1.0, -5.830138, 0.0, 1.0, -0.0, 0.482321, 0.0, 0.0, 0.0, 1.0],
                [1.0, -0.0, 0.0, -0.271236, 0.0, -0.0, -1.0, -5.726772, 0.0, 1.0, -0.0, 0.567583, 0.0, 0.0, 0.0, 1.0],
                [1.0, -0.0, 0.0, -0.240331, 0.0, -0.0, -1.0, -5.579653, 0.0, 1.0, -0.0, 0.603108, 0.0, 0.0, 0.0, 1.0],
                [1.0, -0.0, 0.0, -0.224124, 0.0, -0.0, -1.0, -5.472363, 0.0, 1.0, -0.0, 0.638634, 0.0, 0.0, 0.0, 1.0],
                [1.0, -0.0, 0.0, -0.212727, 0.0, -0.0, -1.0, -5.386246, 0.0, 1.0, -0.0, 0.659949, 0.0, 0.0, 0.0, 1.0],
                [1.0, -0.0, 0.0, -0.193379, 0.0, -0.0, -1.0, -5.320673, 0.0, 1.0, -0.0, 0.652844, 0.0, 0.0, 0.0, 1.0],
                [1.0, -0.0, 0.0, -0.166599, 0.0, -0.0, -1.0, -5.272521, 0.0, 1.0, -0.0, 0.67416, 0.0, 0.0, 0.0, 1.0],
                [1.0, -0.0, 0.0, -0.131694, 0.0, -0.0, -1.0, -5.232094, 0.0, 1.0, -0.0, 0.67416, 0.0, 0.0, 0.0, 1.0],
                [1.0, -0.0, 0.0, -0.082459, 0.0, -0.0, -1.0, -5.1978, 0.0, 1.0, -0.0, 0.67416, 0.0, 0.0, 0.0, 1.0],
                [1.0, -0.0, 0.0, 0.084208, 0.0, -0.0, -1.0, -5.14208, 0.0, 1.0, -0.0, 0.667054, 0.0, 0.0, 0.0, 1.0],
                [1.0, -0.0, 0.0, 0.241104, 0.0, -0.0, -1.0, -5.084295, 0.0, 1.0, -0.0, 0.650476, 0.0, 0.0, 0.0, 1.0],
                [1.0, -0.0, 0.0, 0.319154, 0.0, -0.0, -1.0, -5.020945, 0.0, 1.0, -0.0, 0.644555, 0.0, 0.0, 0.0, 1.0],
                [1.0, -0.0, 0.0, 0.34362, 0.0, -0.0, -1.0, -4.969414, 0.0, 1.0, -0.0, 0.650476, 0.0, 0.0, 0.0, 1.0],
                [1.0, -0.0, 0.0, 0.310803, 0.0, -0.0, -1.0, -4.898375, 0.0, 1.0, -0.0, 0.662318, 0.0, 0.0, 0.0, 1.0],
                [1.0, -0.0, 0.0, 0.235976, 0.0, -0.0, -1.0, -4.785522, 0.0, 1.0, -0.0, 0.656397, 0.0, 0.0, 0.0, 1.0],
                [1.0, -0.0, 0.0, 0.123573, 0.0, -0.0, -1.0, -4.647638, 0.0, 1.0, -0.0, 0.638634, 0.0, 0.0, 0.0, 1.0],
                [1.0, -0.0, 0.0, 0.09764, 0.0, -0.0, -1.0, -4.574812, 0.0, 1.0, -0.0, 0.656397, 0.0, 0.0, 0.0, 1.0],
                [1.0, -0.0, 0.0, 0.11062, 0.0, -0.0, -1.0, -4.564287, 0.0, 1.0, -0.0, 0.650476, 0.0, 0.0, 0.0, 1.0],
                [1.0, -0.0, 0.0, 0.152742, 0.0, -0.0, -1.0, -4.58405, 0.0, 1.0, -0.0, 0.668239, 0.0, 0.0, 0.0, 1.0],
                [1.0, -0.0, 0.0, 0.174697, 0.0, -0.0, -1.0, -4.588328, 0.0, 1.0, -0.0, 0.668239, 0.0, 0.0, 0.0, 1.0],
                [1.0, -0.0, 0.0, 0.160855, 0.0, -0.0, -1.0, -4.582629, 0.0, 1.0, -0.0, 0.668239, 0.0, 0.0, 0.0, 1.0],
                [1.0, -0.0, 0.0, 0.139039, 0.0, -0.0, -1.0, -4.57109, 0.0, 1.0, -0.0, 0.662318, 0.0, 0.0, 0.0, 1.0],
                [1.0, -0.0, 0.0, 0.131893, 0.0, -0.0, -1.0, -4.564772, 0.0, 1.0, -0.0, 0.662318, 0.0, 0.0, 0.0, 1.0]
            ]
        },
        {
            "name": "Thigh_R",
            "time": [0.0, 0.1, 0.2333, 0.3333, 0.4333, 0.5333, 0.6667, 0.7667, 0.8667, 0.9667, 1.1, 1.2, 1.3, 1.4, 1.5333, 1.6333, 1.7333, 1.8667, 1.9667, 2.0667, 2.1667, 2.3, 2.4, 2.6, 2.8333, 3.0333, 3.2667, 3.5, 3.7, 3.9333, 4.1333, 4.3667, 4.5667, 4.8, 5.0, 5.2333, 5.3667],
            "transform": [
                [-0.256277, -0.562709, -0.785927, 0.008494, 0.35397, -0.811236, 0.465406, -0.002831, -0.89946, -0.158921, 0.407082, -0.116512, 0.0, 0.0, 0.0, 1.0],
                [0.978007, 0.202954, 0.048078, 0.124994, 0.169598, -0.908014, 0.383075, -0.002831, 0.121402, -0.366497, -0.922464, -1.2e-05, 0.0, 0.0, 0.0, 1.0],
                [0.742665, 0.42824, 0.514839, 0.124994, 0.24668, -0.889687, 0.384195, -0.002831, 0.622574, -0.158327, -0.766377, -1.2e-05, 0.0, 0.0, 0.0, 1.0],
                [0.740218, 0.533952, 0.408623, 0.124994, -0.224701, -0.376345, 0.898818, -0.002831, 0.633709, -0.757139, -0.158598, -1.2e-05, 0.0, 0.0, 0.0, 1.0],
                [0.725079, 0.420702, 0.545225, 0.124994, -0.306848, -0.511415, 0.802682, -0.002831, 0.616526, -0.749309, -0.241725, -1.2e-05, 0.0, 0.0, 0.0, 1.0],
                [0.649532, 0.632876, 0.421398, 0.124994, -0.056337, -0.512644, 0.85675, -0.002831, 0.758245, -0.580227, -0.297324, -1.2e-05, 0.0, 0.0, 0.0, 1.0],
                [0.428341, 0.768301, 0.475645, 0.124994, 0.522715, -0.640046, 0.563125, -0.002831, 0.737084, 0.007418, -0.67576, -1.2e-05, 0.0, 0.0, 0.0, 1.0],
                [0.348177, 0.804367, 0.481422, 0.124994, 0.610548, -0.584276, 0.534652, -0.00283, 0.711339, 0.107778, -0.694536, -1.2e-05, 0.0, 0.0, 0.0, 1.0],
                [0.139849, 0.986576, 0.084314, 0.124994, 0.537244, -0.14713, 0.830494, -0.002831, 0.831752, -0.070846, -0.550609, -1.2e-05, 0.0, 0.0, 0.0, 1.0],
                [0.018365, 0.999815, 0.005704, 0.124994, 0.453323, -0.013411, 0.891245, -0.002831, 0.891158, -0.013782, -0.453486, -1.2e-05, 0.0, 0.0, 0.0, 1.0],
                [-0.10372, 0.994596, -0.004573, 0.124994, 0.373578, 0.043219, 0.926591, -0.002831, 0.921782, 0.094397, -0.376042, -1.1e-05, 0.0, 0.0, 0.0, 1.0],
                [-0.213361, 0.976557, 0.028522, 0.124994, 0.310357, 0.040068, 0.949776, -0.002831, 0.926367, 0.211497, -0.31163, -1.1e-05, 0.0, 0.0, 0.0, 1.0],
                [-0.286878, 0.951997, 0.106781, 0.124994, 0.284341, -0.021823, 0.958474, -0.002831, 0.914796, 0.305328, -0.264432, -1.1e-05, 0.0, 0.0, 0.0, 1.0],
                [-0.219264, 0.922993, 0.316239, 0.124994, 0.27561, -0.25233, 0.927561, -0.002831, 0.935929, 0.290539, -0.199059, -1.2e-05, 0.0, 0.0, 0.0, 1.0],
                [-0.027114, 0.795705, 0.605078, 0.124994, 0.33429, -0.563233, 0.755657, -0.002831, 0.94208, 0.222761, -0.250725, -1.2e-05, 0.0, 0.0, 0.0, 1.0],
                [0.156531, 0.587418, 0.794001, 0.124994, 0.427114, -0.765114, 0.481844, -0.002831, 0.890546, 0.263706, -0.370658, -1.2e-05, 0.0, 0.0, 0.0, 1.0],
                [0.347106, 0.357211, 0.867132, 0.124994, 0.492903, -0.856101, 0.155362, -0.002831, 0.797849, 0.373486, -0.473228, -1.2e-05, 0.0, 0.0, 0.0, 1.0],
                [0.489626, 0.315496, 0.812852, 0.124994, 0.445695, -0.891809, 0.077675, -0.002831, 0.749414, 0.324253, -0.577268, -1.2e-05, 0.0, 0.0, 0.0, 1.0],
                [0.605197, 0.344836, 0.717513, 0.124994, 0.358424, -0.922821, 0.141189, -0.002831, 0.710823, 0.171728, -0.682085, -1.2e-05, 0.0, 0.0, 0.0, 1.0],
                [0.685581, 0.326171, 0.650839, 0.124994, 0.250888, -0.945105, 0.209363, -0.002831, 0.683399, 0.019753, -0.729778, -1.1e-05, 0.0, 0.0, 0.0, 1.0],
                [0.750686, 0.290557, 0.593336, 0.124994, 0.155316, -0.950541, 0.268977, -0.002831, 0.642144, -0.109762, -0.758685, -1.2e-05, 0.0, 0.0, 0.0, 1.0],
                [0.827608, 0.268203, 0.493085, 0.124994, 0.1719, -0.957355, 0.232211, -0.002831, 0.534337, -0.107418, -0.838418, -1.2e-05, 0.0, 0.0, 0.0, 1.0],
                [0.880571, 0.273213, 0.387233, 0.124994, 0.209156, -0.957259, 0.199775, -0.002831, 0.425263, -0.094923, -0.900078, -1.1e-05, 0.0, 0.0, 0.0, 1.0],
                [0.93529, 0.262232, 0.237629, 0.124994, 0.17576, -0.927033, 0.331239, -0.002831, 0.307151, -0.268039, -0.913134, -1.2e-05, 0.0, 0.0, 0.0, 1.0],
                [0.988615, 0.092843, 0.118413, 0.124994, 0.060665, -0.966088, 0.250986, -0.002831, 0.137699, -0.240945, -0.96072, -1.2e-05, 0.0, 0.0, 0.0, 1.0],
                [0.985354, 0.032849, 0.167326, 0.124994, 0.005526, -0.986905, 0.161206, -0.002831, 0.170431, -0.15792, -0.972633, -1.1e-05, 0.0, 0.0, 0.0, 1.0],
                [0.952127, 0.037974, 0.303333, 0.124994, 0.009058, -0.995323, 0.096173, -0.002831, 0.305567, -0.088821, -0.948018, -1.2e-05, 0.0, 0.0, 0.0, 1.0],
                [0.890085, 0.097041, 0.445344, 0.124994, 0.077514, -0.995068, 0.061903, -0.002831, 0.449154, -0.020578, -0.893217, -1.1e-05, 0.0, 0.0, 0.0, 1.0],
                [0.777484, 0.210574, 0.592602, 0.124994, 0.208548, -0.975288, 0.072945, -0.002831, 0.593318, 0.066873, -0.802185, -1.2e-05, 0.0, 0.0, 0.0, 1.0],
                [0.698215, 0.294615, 0.652455, 0.124994, 0.34767, -0.936245, 0.050707, -0.002831, 0.625797, 0.191435, -0.756129, -1.2e-05, 0.0, 0.0, 0.0, 1.0],
                [0.764278, 0.213016, 0.608689, 0.124994, 0.277827, -0.960548, -0.012692, -0.00283, 0.581971, 0.178811, -0.793307, -1.2e-05, 0.0, 0.0, 0.0, 1.0],
                [0.832627, 0.205683, 0.514224, 0.124994, 0.238771, -0.971074, 0.001803, -0.002831, 0.499721, 0.121282, -0.857653, -1.2e-05, 0.0, 0.0, 0.0, 1.0],
                [0.776592, 0.182708, 0.602928, 0.124994, 0.209602, -0.977435, 0.026222, -0.002831, 0.594114, 0.106012, -0.797364, -1.2e-05, 0.0, 0.0, 0.0, 1.0],
                [0.683688, 0.206607, 0.699917, 0.124994, 0.210953, -0.974094, 0.08148, -0.002831, 0.69862, 0.091943, -0.709561, -1.2e-05, 0.0, 0.0, 0.0, 1.0],
                [0.614986, 0.258682, 0.7449, 0.124994, 0.236229, -0.961712, 0.138945, -0.00283, 0.752322, 0.090519, -0.652547, -1.2e-05, 0.0, 0.0, 0.0, 1.0],
                [0.607419, 0.285765, 0.741202, 0.124994, 0.257953, -0.953447, 0.156201, -0.002831, 0.751334, 0.096316, -0.652856, -1.2e-05, 0.0, 0.0, 0.0, 1.0],
                [0.632557, 0.28051, 0.721932, 0.124994, 0.258352, -0.955144, 0.144758, -0.002831, 0.730155, 0.094945, -0.676653, -1.2e-05, 0.0, 0.0, 0.0, 1.0]
            ]
        },
        {
            "name": "Leg_R",
            "time": [0.0, 0.1, 0.2333, 0.3333, 0.4333, 0.5333, 0.6667, 0.7667, 0.8667, 0.9667, 1.1, 1.2, 1.3, 1.4, 1.5333, 1.6333, 1.7333, 1.8667, 1.9667, 2.0667, 2.1667, 2.3, 2.4, 2.6, 2.8333, 3.0333, 3.2667, 3.5, 3.7, 3.9333, 4.1333, 4.3667, 4.5667, 4.8, 5.0, 5.2333, 5.3667],
            "transform": [
                [1.0, -0.0, -0.0, 0.0, 0.0, 0.505083, 0.86307, 0.37472, 0.0, -0.863071, 0.505083, -0.0, 0.0, 0.0, 0.0, 1.0],
                [1.0, 0.0, -0.0, 0.0, 0.0, -0.112378, 0.993665, 0.37472, 0.0, -0.993666, -0.112378, 0.0, 0.0, 0.0, 0.0, 1.0],
                [1.0, 0.0, -0.0, 0.0, 0.0, 0.08171, 0.996656, 0.37472, -0.0, -0.996657, 0.08171, 0.0, 0.0, 0.0, 0.0, 1.0],
                [1.0, 0.0, -0.0, 0.0, 0.0, 0.065675, 0.997841, 0.37472, 0.0, -0.997841, 0.065675, 0.0, 0.0, 0.0, 0.0, 1.0],
                [1.0, -0.0, -0.0, 0.0, 0.0, 0.722065, 0.691826, 0.37472, 0.0, -0.691825, 0.722065, -0.0, 0.0, 0.0, 0.0, 1.0],
                [1.0, 0.0, -0.0, -0.0, 0.0, 0.262255, 0.964999, 0.37472, 0.0, -0.964999, 0.262255, -0.0, 0.0, 0.0, 0.0, 1.0],
                [1.0, 0.0, -0.0, -0.0, 0.0, -0.027921, 0.99961, 0.37472, -0.0, -0.999611, -0.027921, -0.0, 0.0, 0.0, 0.0, 1.0],
                [1.0, 0.0, -0.0, -0.0, 0.0, -0.021892, 0.99976, 0.37472, 0.0, -0.999761, -0.021892, -0.0, 0.0, 0.0, 0.0, 1.0],
                [1.0, 0.0, -0.0, -1e-06, 0.0, -0.403901, 0.914803, 0.37472, -0.0, -0.914803, -0.403901, -0.0, 0.0, 0.0, 0.0, 1.0],
                [1.0, 0.0, -0.0, -0.0, 0.0, -0.421446, 0.906854, 0.37472, 0.0, -0.906854, -0.421445, 0.0, 0.0, 0.0, 0.0, 1.0],
                [1.0, 0.0, -0.0, 1e-06, 0.0, -0.387381, 0.92192, 0.37472, 0.0, -0.92192, -0.387381, 0.0, 0.0, 0.0, 0.0, 1.0],
                [1.0, 0.0, -0.0, -0.0, 0.0, -0.309802, 0.950801, 0.37472, 0.0, -0.950801, -0.309803, -0.0, 0.0, 0.0, 0.0, 1.0],
                [1.0, 0.0, -0.0, 0.0, 0.0, -0.205092, 0.978743, 0.37472, 0.0, -0.978743, -0.205092, -0.0, 0.0, 0.0, 0.0, 1.0],
                [1.0, 0.0, -0.0, 1e-06, 0.0, -0.05328, 0.99858, 0.37472, 0.0, -0.99858, -0.05328, -0.0, 0.0, 0.0, 0.0, 1.0],
                [1.0, 0.0, -0.0, -0.0, 0.0, 0.182819, 0.983147, 0.37472, 0.0, -0.983147, 0.182819, -0.0, 0.0, 0.0, 0.0, 1.0],
                [1.0, -0.0, -0.0, -0.0, 0.0, 0.546214, 0.837646, 0.37472, 0.0, -0.837646, 0.546214, 0.0, 0.0, 0.0, 0.0, 1.0],
                [1.0, -0.0, -0.0, 0.0, 0.0, 0.877573, 0.479443, 0.37472, 0.0, -0.479443, 0.877573, -0.0, 0.0, 0.0, 0.0, 1.0],
                [1.0, -0.0, -0.0, 0.0, 0.0, 0.880753, 0.473575, 0.37472, 0.0, -0.473575, 0.880753, 0.0, 0.0, 0.0, 0.0, 1.0],
                [1.0, -0.0, -0.0, -0.0, 0.0, 0.770448, 0.637503, 0.37472, -0.0, -0.637503, 0.770447, 0.0, 0.0, 0.0, 0.0, 1.0],
                [1.0, -0.0, -0.0, 0.0, 0.0, 0.756597, 0.653881, 0.37472, 0.0, -0.653882, 0.756597, 1e-06, 0.0, 0.0, 0.0, 1.0],
                [1.0, -0.0, -0.0, 0.0, 0.0, 0.813575, 0.58146, 0.37472, 0.0, -0.581461, 0.813574, 0.0, 0.0, 0.0, 0.0, 1.0],
                [1.0, -0.0, -0.0, -0.0, 0.0, 0.939796, 0.341733, 0.37472, 0.0, -0.341733, 0.939797, -0.0, 0.0, 0.0, 0.0, 1.0],
                [1.0, -0.0, 0.0, -0.0, 0.0, 0.990795, 0.135373, 0.37472, -0.0, -0.135373, 0.990795, -0.0, 0.0, 0.0, 0.0, 1.0],
                [1.0, -0.0, -0.0, 0.0, 0.0, 0.904157, 0.4272, 0.37472, 0.0, -0.4272, 0.904157, -0.0, 0.0, 0.0, 0.0, 1.0],
                [1.0, -0.0, -0.0, -0.0, 0.0, 0.878538, 0.477673, 0.37472, 0.0, -0.477673, 0.878538, -0.0, 0.0, 0.0, 0.0, 1.0],
                [1.0, -0.0, -0.0, 0.0, 0.0, 0.903783, 0.427992, 0.37472, 0.0, -0.427992, 0.903783, -1e-06, 0.0, 0.0, 0.0, 1.0],
                [1.0, -0.0, -0.0, -0.0, 0.0, 0.92927, 0.3694, 0.37472, 0.0, -0.3694, 0.92927, 0.0, 0.0, 0.0, 0.0, 1.0],
                [1.0, -0.0, -0.0, -0.0, 0.0, 0.943856, 0.330357, 0.37472, 0.0, -0.330357, 0.943856, 0.0, 0.0, 0.0, 0.0, 1.0],
                [1.0, -0.0, -0.0, -0.0, 0.0, 0.938048, 0.346506, 0.37472, 0.0, -0.346506, 0.938048, 0.0, 0.0, 0.0, 0.0, 1.0],
                [1.0, -0.0, 0.0, 0.0, 0.0, 0.951853, 0.306555, 0.37472, 0.0, -0.306555, 0.951853, 0.0, 0.0, 0.0, 0.0, 1.0],
                [1.0, -0.0, -0.0, 0.0, 0.0, 0.952194, 0.305496, 0.37472, -0.0, -0.305496, 0.952193, -0.0, 0.0, 0.0, 0.0, 1.0],
                [1.0, -0.0, -0.0, 0.0, 0.0, 0.91623, 0.400651, 0.37472, 0.0, -0.400651, 0.91623, -0.0, 0.0, 0.0, 0.0, 1.0],
                [1.0, -0.0, -0.0, -0.0, 0.0, 0.919005, 0.394245, 0.37472, -0.0, -0.394245, 0.919005, -0.0, 0.0, 0.0, 0.0, 1.0],
                [1.0, -0.0, -0.0, 0.0, 0.0, 0.908176, 0.418589, 0.37472, 0.0, -0.418589, 0.908176, -0.0, 0.0, 0.0, 0.0, 1.0],
                [1.0, -0.0, -0.0, 1e-06, 0.0, 0.890415, 0.455148, 0.37472, 0.0, -0.455148, 0.890416, -0.0, 0.0, 0.0, 0.0, 1.0],
                [1.0, -0.0, -0.0, -0.0, 0.0, 0.886316, 0.46308, 0.37472, -0.0, -0.46308, 0.886316, -0.0, 0.0, 0.0, 0.0, 1.0],
                [1.0, -0.0, -0.0, 0.0, 0.0, 0.887337, 0.461122, 0.37472, 0.0, -0.461122, 0.887337, -0.0, 0.0, 0.0, 0.0, 1.0]
            ]
        },
        {
            "name": "Knee_R",
            "time": [0.0, 0.1, 0.2333, 0.3333, 0.4333, 0.5333, 0.6667, 0.7667, 0.8667, 0.9667, 1.1, 1.2, 1.3, 1.4, 1.5333, 1.6333, 1.7333, 1.8667, 1.9667, 2.0667, 2.1667, 2.3, 2.4, 2.6, 2.8333, 3.0333, 3.2667, 3.5, 3.7, 3.9333, 4.1333, 4.3667, 4.5667, 4.8, 5.0, 5.2333, 5.3667],
            "transform": [
                [1.0, 0.0, -0.0, 0.0, -0.0, 1e-06, -1.0, 0.37472, -0.0, 1.0, 1e-06, -0.0, 0.0, 0.0, 0.0, 1.0],
                [1.0, 0.0, -0.0, 0.0, -0.0, 1e-06, -1.0, 0.37472, -0.0, 1.0, 1e-06, 0.0, 0.0, 0.0, 0.0, 1.0],
                [1.0, 0.0, -0.0, 0.0, -0.0, 1e-06, -1.0, 0.37472, -0.0, 1.0, 1e-06, 0.0, 0.0, 0.0, 0.0, 1.0],
                [1.0, 0.0, -0.0, 0.0, -0.0, 1e-06, -1.0, 0.37472, -0.0, 1.0, 1e-06, 0.0, 0.0, 0.0, 0.0, 1.0],
                [1.0, 0.0, -0.0, 0.0, -0.0, 1e-06, -1.0, 0.37472, -0.0, 1.0, 1e-06, -0.0, 0.0, 0.0, 0.0, 1.0],
                [1.0, 0.0, -0.0, -0.0, -0.0, 1e-06, -1.0, 0.37472, -0.0, 1.0, 1e-06, -0.0, 0.0, 0.0, 0.0, 1.0],
                [1.0, 0.0, -0.0, -0.0, -0.0, 1e-06, -1.0, 0.37472, -0.0, 1.0, 1e-06, -0.0, 0.0, 0.0, 0.0, 1.0],
                [1.0, 0.0, -0.0, -0.0, -0.0, 1e-06, -1.0, 0.37472, -0.0, 1.0, 1e-06, -0.0, 0.0, 0.0, 0.0, 1.0],
                [1.0, 0.0, -0.0, -1e-06, -0.0, 1e-06, -1.0, 0.37472, -0.0, 1.0, 1e-06, -0.0, 0.0, 0.0, 0.0, 1.0],
                [1.0, 0.0, -0.0, -0.0, -0.0, 1e-06, -1.0, 0.37472, -0.0, 1.0, 1e-06, 0.0, 0.0, 0.0, 0.0, 1.0],
                [1.0, 0.0, -0.0, 1e-06, -0.0, 1e-06, -1.0, 0.37472, -0.0, 1.0, 1e-06, 0.0, 0.0, 0.0, 0.0, 1.0],
                [1.0, 0.0, -0.0, -0.0, -0.0, 1e-06, -1.0, 0.37472, -0.0, 1.0, 1e-06, -0.0, 0.0, 0.0, 0.0, 1.0],
                [1.0, 0.0, -0.0, 0.0, -0.0, 1e-06, -1.0, 0.37472, -0.0, 1.0, 1e-06, -0.0, 0.0, 0.0, 0.0, 1.0],
                [1.0, 0.0, -0.0, 1e-06, -0.0, 1e-06, -1.0, 0.37472, -0.0, 1.0, 1e-06, -0.0, 0.0, 0.0, 0.0, 1.0],
                [1.0, 0.0, -0.0, -0.0, -0.0, 1e-06, -1.0, 0.37472, -0.0, 1.0, 1e-06, -0.0, 0.0, 0.0, 0.0, 1.0],
                [1.0, 0.0, -0.0, -0.0, -0.0, 1e-06, -1.0, 0.37472, -0.0, 1.0, 1e-06, 0.0, 0.0, 0.0, 0.0, 1.0],
                [1.0, 0.0, -0.0, 0.0, -0.0, 1e-06, -1.0, 0.37472, -0.0, 1.0, 1e-06, -0.0, 0.0, 0.0, 0.0, 1.0],
                [1.0, 0.0, -0.0, 0.0, -0.0, 1e-06, -1.0, 0.37472, -0.0, 1.0, 1e-06, 0.0, 0.0, 0.0, 0.0, 1.0],
                [1.0, 0.0, -0.0, -0.0, -0.0, 1e-06, -1.0, 0.37472, -0.0, 1.0, 1e-06, 0.0, 0.0, 0.0, 0.0, 1.0],
                [1.0, 0.0, -0.0, 0.0, -0.0, 1e-06, -1.0, 0.37472, -0.0, 1.0, 1e-06, 1e-06, 0.0, 0.0, 0.0, 1.0],
                [1.0, 0.0, -0.0, 0.0, -0.0, 1e-06, -1.0, 0.37472, -0.0, 1.0, 1e-06, 0.0, 0.0, 0.0, 0.0, 1.0],
                [1.0, 0.0, -0.0, -0.0, -0.0, 1e-06, -1.0, 0.37472, -0.0, 1.0, 1e-06, -0.0, 0.0, 0.0, 0.0, 1.0],
                [1.0, 0.0, -0.0, -0.0, -0.0, 1e-06, -1.0, 0.37472, -0.0, 1.0, 1e-06, -0.0, 0.0, 0.0, 0.0, 1.0],
                [1.0, 0.0, -0.0, 0.0, -0.0, 1e-06, -1.0, 0.37472, -0.0, 1.0, 1e-06, -0.0, 0.0, 0.0, 0.0, 1.0],
                [1.0, 0.0, -0.0, -0.0, -0.0, 1e-06, -1.0, 0.37472, -0.0, 1.0, 1e-06, -0.0, 0.0, 0.0, 0.0, 1.0],
                [1.0, 0.0, -0.0, 0.0, -0.0, 1e-06, -1.0, 0.37472, -0.0, 1.0, 1e-06, -1e-06, 0.0, 0.0, 0.0, 1.0],
                [1.0, 0.0, -0.0, -0.0, -0.0, 1e-06, -1.0, 0.37472, -0.0, 1.0, 1e-06, 0.0, 0.0, 0.0, 0.0, 1.0],
                [1.0, 0.0, -0.0, -0.0, -0.0, 1e-06, -1.0, 0.37472, -0.0, 1.0, 1e-06, 0.0, 0.0, 0.0, 0.0, 1.0],
                [1.0, 0.0, -0.0, -0.0, -0.0, 1e-06, -1.0, 0.37472, -0.0, 1.0, 1e-06, 0.0, 0.0, 0.0, 0.0, 1.0],
                [1.0, 0.0, -0.0, 0.0, -0.0, 1e-06, -1.0, 0.37472, -0.0, 1.0, 1e-06, 0.0, 0.0, 0.0, 0.0, 1.0],
                [1.0, 0.0, -0.0, 0.0, -0.0, 1e-06, -1.0, 0.37472, -0.0, 1.0, 1e-06, -0.0, 0.0, 0.0, 0.0, 1.0],
                [1.0, 0.0, -0.0, 0.0, -0.0, 1e-06, -1.0, 0.37472, -0.0, 1.0, 1e-06, -0.0, 0.0, 0.0, 0.0, 1.0],
                [1.0, 0.0, -0.0, -0.0, -0.0, 1e-06, -1.0, 0.37472, -0.0, 1.0, 1e-06, -0.0, 0.0, 0.0, 0.0, 1.0],
                [1.0, 0.0, -0.0, 0.0, -0.0, 1e-06, -1.0, 0.37472, -0.0, 1.0, 1e-06, -0.0, 0.0, 0.0, 0.0, 1.0],
                [1.0, 0.0, -0.0, 1e-06, -0.0, 1e-06, -1.0, 0.37472, -0.0, 1.0, 1e-06, -0.0, 0.0, 0.0, 0.0, 1.0],
                [1.0, 0.0, -0.0, -0.0, -0.0, 1e-06, -1.0, 0.37472, -0.0, 1.0, 1e-06, -0.0, 0.0, 0.0, 0.0, 1.0],
                [1.0, 0.0, -0.0, 0.0, -0.0, 1e-06, -1.0, 0.37472, -0.0, 1.0, 1e-06, -0.0, 0.0, 0.0, 0.0, 1.0]
            ]
        },
        {
            "name": "Thigh_L",
            "time": [0.0, 0.1, 0.2333, 0.3333, 0.4333, 0.5333, 0.6667, 0.7667, 0.8667, 0.9667, 1.1, 1.2, 1.3, 1.4, 1.5333, 1.6333, 1.7333, 1.8667, 1.9667, 2.0667, 2.1667, 2.3, 2.4, 2.6, 2.8333, 3.0333, 3.2667, 3.5, 3.7, 3.9333, 4.1333, 4.3667, 4.5667, 4.8, 5.0, 5.2333, 5.3667],
            "transform": [
                [-0.618251, -0.2613, -0.741275, 0.060023, -0.459712, -0.64476, 0.610695, -0.002831, -0.637519, 0.718336, 0.2785, 0.123341, 0.0, 0.0, 0.0, 1.0],
                [0.859947, -0.331164, -0.388358, -0.125006, 0.15696, -0.552441, 0.81864, -0.002831, -0.48565, -0.764943, -0.423091, -1.2e-05, 0.0, 0.0, 0.0, 1.0],
                [0.96073, 0.094228, 0.260999, -0.125006, -0.201206, -0.411165, 0.889078, -0.002831, 0.191089, -0.906678, -0.376059, -1.2e-05, 0.0, 0.0, 0.0, 1.0],
                [0.924862, 0.205228, 0.320174, -0.125006, -0.065221, -0.743825, 0.665184, -0.002831, 0.374667, -0.636086, -0.67455, -1.2e-05, 0.0, 0.0, 0.0, 1.0],
                [0.889004, 0.223077, 0.399884, -0.125006, 0.193812, -0.974535, 0.112776, -0.002831, 0.414859, -0.022756, -0.909601, -1.3e-05, 0.0, 0.0, 0.0, 1.0],
                [0.884446, 0.251506, 0.393065, -0.125006, 0.263484, -0.964361, 0.024183, -0.002831, 0.385139, 0.082178, -0.919192, -1.2e-05, 0.0, 0.0, 0.0, 1.0],
                [0.944344, 0.288116, 0.158759, -0.125006, -0.029904, -0.405423, 0.91364, -0.002831, 0.327599, -0.867537, -0.374243, -1.2e-05, 0.0, 0.0, 0.0, 1.0],
                [0.7833, 0.416787, 0.461227, -0.125006, -0.433048, -0.166461, 0.885867, -0.002831, 0.445995, -0.893632, 0.0501, -1.2e-05, 0.0, 0.0, 0.0, 1.0],
                [0.42199, 0.38668, 0.820002, -0.125007, -0.776761, -0.312208, 0.546963, -0.00283, 0.467511, -0.867758, 0.16861, -1.2e-05, 0.0, 0.0, 0.0, 1.0],
                [0.31616, 0.33974, 0.885788, -0.125006, -0.82842, -0.356159, 0.432287, -0.002831, 0.462346, -0.870475, 0.168844, -1.2e-05, 0.0, 0.0, 0.0, 1.0],
                [0.259508, 0.401906, 0.878138, -0.125006, -0.836504, -0.360859, 0.412362, -0.002831, 0.482616, -0.841577, 0.24255, -1.2e-05, 0.0, 0.0, 0.0, 1.0],
                [0.248172, 0.478516, 0.842278, -0.125006, -0.817704, -0.362708, 0.446994, -0.002831, 0.519396, -0.799665, 0.30127, -1.2e-05, 0.0, 0.0, 0.0, 1.0],
                [0.269324, 0.529428, 0.804469, -0.125007, -0.772089, -0.380587, 0.508952, -0.00283, 0.575624, -0.758195, 0.306264, -1.2e-05, 0.0, 0.0, 0.0, 1.0],
                [0.417697, 0.429472, 0.800676, -0.125006, -0.671427, -0.447808, 0.590469, -0.002831, 0.61214, -0.784232, 0.101311, -1.2e-05, 0.0, 0.0, 0.0, 1.0],
                [0.644959, 0.308685, 0.699101, -0.125006, -0.48039, -0.547698, 0.68502, -0.002831, 0.594352, -0.777651, -0.204953, -1.2e-05, 0.0, 0.0, 0.0, 1.0],
                [0.759646, 0.239853, 0.604491, -0.125006, -0.313013, -0.67991, 0.663133, -0.00283, 0.570054, -0.692959, -0.441414, -1.2e-05, 0.0, 0.0, 0.0, 1.0],
                [0.799342, 0.18119, 0.572907, -0.125006, -0.189811, -0.828491, 0.526853, -0.002831, 0.570109, -0.52988, -0.627856, -1.2e-05, 0.0, 0.0, 0.0, 1.0],
                [0.812058, 0.159081, 0.561475, -0.125006, -0.108638, -0.904101, 0.413278, -0.00283, 0.573375, -0.396603, -0.716901, -1.2e-05, 0.0, 0.0, 0.0, 1.0],
                [0.813914, 0.140682, 0.563695, -0.125006, -0.059084, -0.945167, 0.321198, -0.002831, 0.577973, -0.294733, -0.760973, -1.2e-05, 0.0, 0.0, 0.0, 1.0],
                [0.838196, 0.105978, 0.534974, -0.125006, -0.037149, -0.967564, 0.249879, -0.002831, 0.544103, -0.229321, -0.807071, -1.2e-05, 0.0, 0.0, 0.0, 1.0],
                [0.87041, 0.058554, 0.488833, -0.125006, -0.04348, -0.97988, 0.194794, -0.002831, 0.490404, -0.190805, -0.850351, -1.2e-05, 0.0, 0.0, 0.0, 1.0],
                [0.894802, 0.006455, 0.446416, -0.125006, -0.065334, -0.987238, 0.145232, -0.002831, 0.441656, -0.15912, -0.882961, -1.2e-05, 0.0, 0.0, 0.0, 1.0],
                [0.921137, -0.064904, 0.38379, -0.125006, -0.11129, -0.988754, 0.099896, -0.002831, 0.372991, -0.13473, -0.918001, -1.1e-05, 0.0, 0.0, 0.0, 1.0],
                [0.961001, -0.246306, 0.125736, -0.125006, -0.26045, -0.958957, 0.112109, -0.002831, 0.092963, -0.140484, -0.985709, -1.1e-05, 0.0, 0.0, 0.0, 1.0],
                [0.963591, -0.258238, -0.069326, -0.125006, -0.209858, -0.89109, 0.402391, -0.002831, -0.165688, -0.373191, -0.912839, -1.2e-05, 0.0, 0.0, 0.0, 1.0],
                [0.993127, -0.113396, 0.028971, -0.125006, -0.113875, -0.879049, 0.462932, -0.002831, -0.027028, -0.463049, -0.88592, -1.2e-05, 0.0, 0.0, 0.0, 1.0],
                [0.98534, -0.079099, 0.151157, -0.125006, -0.132927, -0.911334, 0.389615, -0.00283, 0.106937, -0.403996, -0.908488, -1.2e-05, 0.0, 0.0, 0.0, 1.0],
                [0.933004, -0.114598, 0.341131, -0.125006, -0.237778, -0.907851, 0.345351, -0.002831, 0.27012, -0.403327, -0.874278, -1.2e-05, 0.0, 0.0, 0.0, 1.0],
                [0.859545, -0.116599, 0.497582, -0.125006, -0.295942, -0.907332, 0.298607, -0.002831, 0.416655, -0.403922, -0.814399, -1.3e-05, 0.0, 0.0, 0.0, 1.0],
                [0.884647, 0.003709, 0.466246, -0.125006, -0.228264, -0.868494, 0.440015, -0.00283, 0.406564, -0.495685, -0.767464, -1.2e-05, 0.0, 0.0, 0.0, 1.0],
                [0.942091, -0.011877, 0.335146, -0.125006, -0.165371, -0.885868, 0.433463, -0.002831, 0.291747, -0.463785, -0.836533, -1.2e-05, 0.0, 0.0, 0.0, 1.0],
                [0.954286, -0.038346, 0.296425, -0.125006, -0.16888, -0.887435, 0.428879, -0.002831, 0.246613, -0.459334, -0.853343, -1.2e-05, 0.0, 0.0, 0.0, 1.0],
                [0.945241, -0.091127, 0.313394, -0.125006, -0.213504, -0.898916, 0.382578, -0.002831, 0.246852, -0.428539, -0.869148, -1.2e-05, 0.0, 0.0, 0.0, 1.0],
                [0.924315, -0.112788, 0.364584, -0.125006, -0.236536, -0.919015, 0.315375, -0.002831, 0.299488, -0.377743, -0.876137, -1.2e-05, 0.0, 0.0, 0.0, 1.0],
                [0.897777, -0.09179, 0.43078, -0.125006, -0.234379, -0.92763, 0.290806, -0.002831, 0.372912, -0.362045, -0.854318, -1.2e-05, 0.0, 0.0, 0.0, 1.0],
                [0.900692, -0.063666, 0.429767, -0.125006, -0.218201, -0.921684, 0.320761, -0.002831, 0.375688, -0.382683, -0.844045, -1.2e-05, 0.0, 0.0, 0.0, 1.0],
                [0.909628, -0.056564, 0.411555, -0.125006, -0.210613, -0.91672, 0.33951, -0.00283, 0.358077, -0.395506, -0.845787, -1.2e-05, 0.0, 0.0, 0.0, 1.0]
            ]
        },
        {
            "name": "Leg_L",
            "time": [0.0, 0.1, 0.2333, 0.3333, 0.4333, 0.5333, 0.6667, 0.7667, 0.8667, 0.9667, 1.1, 1.2, 1.3, 1.4, 1.5333, 1.6333, 1.7333, 1.8667, 1.9667, 2.0667, 2.1667, 2.3, 2.4, 2.6, 2.8333, 3.0333, 3.2667, 3.5, 3.7, 3.9333, 4.1333, 4.3667, 4.5667, 4.8, 5.0, 5.2333, 5.3667],
            "transform": [
                [1.0, 0.0, 1e-06, 0.0, -1e-06, 0.790898, 0.611949, 0.37472, -0.0, -0.611949, 0.790898, 0.0, 0.0, 0.0, 0.0, 1.0],
                [1.0, 0.0, 1e-06, -0.0, -0.0, 0.158135, 0.987418, 0.37472, 0.0, -0.987418, 0.158135, 0.0, 0.0, 0.0, 0.0, 1.0],
                [1.0, 0.0, 0.0, 0.0, -0.0, 0.767919, 0.640547, 0.37472, -0.0, -0.640548, 0.767918, -0.0, 0.0, 0.0, 0.0, 1.0],
                [1.0, -0.0, 0.0, -0.0, -1e-06, -0.180768, 0.983526, 0.37472, 0.0, -0.983526, -0.180768, -0.0, 0.0, 0.0, 0.0, 1.0],
                [1.0, 0.0, 0.0, -0.0, -0.0, 0.35819, 0.933649, 0.37472, -0.0, -0.933649, 0.358191, 0.0, 0.0, 0.0, 0.0, 1.0],
                [1.0, 0.0, 0.0, 0.0, -1e-06, 0.509929, 0.860216, 0.37472, -0.0, -0.860216, 0.509929, -0.0, 0.0, 0.0, 0.0, 1.0],
                [1.0, 0.0, 0.0, 0.0, -0.0, -0.099398, 0.995048, 0.37472, 0.0, -0.995048, -0.099398, 0.0, 0.0, 0.0, 0.0, 1.0],
                [1.0, 0.0, 0.0, 0.0, -0.0, 0.223578, 0.974687, 0.37472, 0.0, -0.974686, 0.223578, 0.0, 0.0, 0.0, 0.0, 1.0],
                [1.0, 0.0, 0.0, 0.0, -0.0, 0.757151, 0.65324, 0.37472, -0.0, -0.653239, 0.757151, 0.0, 0.0, 0.0, 0.0, 1.0],
                [1.0, 0.0, 0.0, -0.0, -0.0, 0.841478, 0.540291, 0.374721, -0.0, -0.540291, 0.841478, 0.0, 0.0, 0.0, 0.0, 1.0],
                [1.0, 0.0, 0.0, 0.0, -0.0, 0.771935, 0.635702, 0.37472, 0.0, -0.635702, 0.771935, -0.0, 0.0, 0.0, 0.0, 1.0],
                [1.0, 0.0, 0.0, 0.0, -0.0, 0.646951, 0.762532, 0.37472, -0.0, -0.762532, 0.646951, 0.0, 0.0, 0.0, 0.0, 1.0],
                [1.0, 0.0, 0.0, 0.0, -1e-06, 0.555815, 0.831306, 0.374719, 0.0, -0.831306, 0.555815, -0.0, 0.0, 0.0, 0.0, 1.0],
                [1.0, 0.0, 0.0, -0.0, -0.0, 0.511318, 0.859391, 0.37472, -0.0, -0.859391, 0.511318, 0.0, 0.0, 0.0, 0.0, 1.0],
                [1.0, 0.0, 0.0, -0.0, -0.0, 0.491295, 0.870993, 0.37472, 0.0, -0.870993, 0.491295, -0.0, 0.0, 0.0, 0.0, 1.0],
                [1.0, 0.0, 0.0, -0.0, -0.0, 0.539561, 0.841947, 0.374721, -0.0, -0.841946, 0.539561, -0.0, 0.0, 0.0, 0.0, 1.0],
                [1.0, 0.0, 0.0, 0.0, -1e-06, 0.651398, 0.758736, 0.37472, 0.0, -0.758736, 0.651399, 0.0, 0.0, 0.0, 0.0, 1.0],
                [1.0, 0.0, 0.0, 0.0, -0.0, 0.7261, 0.687589, 0.37472, 0.0, -0.687589, 0.7261, 0.0, 0.0, 0.0, 0.0, 1.0],
                [1.0, 0.0, 0.0, 0.0, -0.0, 0.782929, 0.622112, 0.37472, -0.0, -0.622112, 0.782928, 0.0, 0.0, 0.0, 0.0, 1.0],
                [1.0, 0.0, 0.0, -0.0, -0.0, 0.819161, 0.573565, 0.37472, 0.0, -0.573565, 0.81916, -0.0, 0.0, 0.0, 0.0, 1.0],
                [1.0, 0.0, 0.0, -0.0, -0.0, 0.843021, 0.537881, 0.37472, 0.0, -0.537881, 0.843021, -0.0, 0.0, 0.0, 0.0, 1.0],
                [1.0, 0.0, 0.0, -0.0, -0.0, 0.863158, 0.504934, 0.37472, -0.0, -0.504934, 0.863158, 0.0, 0.0, 0.0, 0.0, 1.0],
                [1.0, 0.0, 0.0, -0.0, -0.0, 0.883774, 0.467913, 0.37472, -0.0, -0.467913, 0.883774, -0.0, 0.0, 0.0, 0.0, 1.0],
                [1.0, 0.0, 0.0, 0.0, -0.0, 0.88527, 0.465076, 0.37472, -0.0, -0.465077, 0.88527, 1e-06, 0.0, 0.0, 0.0, 1.0],
                [1.0, 0.0, 0.0, 0.0, -0.0, 0.651093, 0.758998, 0.37472, 0.0, -0.758998, 0.651093, -1e-06, 0.0, 0.0, 0.0, 1.0],
                [1.0, 0.0, 0.0, -0.0, -0.0, 0.610781, 0.791799, 0.37472, -0.0, -0.791799, 0.610782, 0.0, 0.0, 0.0, 0.0, 1.0],
                [1.0, 0.0, 0.0, -0.0, -0.0, 0.908621, 0.417623, 0.37472, -0.0, -0.417623, 0.90862, 0.0, 0.0, 0.0, 0.0, 1.0],
                [1.0, 0.0, 0.0, -0.0, -0.0, 0.97536, 0.22062, 0.37472, -0.0, -0.22062, 0.97536, -0.0, 0.0, 0.0, 0.0, 1.0],
                [1.0, 0.0, 0.0, -0.0, -0.0, 0.951207, 0.308553, 0.37472, 0.0, -0.308553, 0.951207, 0.0, 0.0, 0.0, 0.0, 1.0],
                [1.0, 0.0, 0.0, 0.0, -0.0, 0.810017, 0.586406, 0.37472, -0.0, -0.586406, 0.810018, 0.0, 0.0, 0.0, 0.0, 1.0],
                [1.0, 0.0, 0.0, -0.0, -0.0, 0.818499, 0.574508, 0.37472, -0.0, -0.574509, 0.818498, -0.0, 0.0, 0.0, 0.0, 1.0],
                [1.0, 0.0, 0.0, 0.0, -0.0, 0.813687, 0.581303, 0.37472, -0.0, -0.581303, 0.813687, 0.0, 0.0, 0.0, 0.0, 1.0],
                [1.0, 0.0, 0.0, -0.0, -0.0, 0.85917, 0.511691, 0.37472, -0.0, -0.511691, 0.859169, 0.0, 0.0, 0.0, 0.0, 1.0],
                [1.0, 0.0, 0.0, 0.0, -0.0, 0.896084, 0.443884, 0.37472, -0.0, -0.443884, 0.896084, 0.0, 0.0, 0.0, 0.0, 1.0],
                [1.0, 0.0, 0.0, 0.0, -0.0, 0.89286, 0.450335, 0.37472, -0.0, -0.450335, 0.89286, -0.0, 0.0, 0.0, 0.0, 1.0],
                [1.0, 0.0, 0.0, 0.0, -0.0, 0.866048, 0.499961, 0.37472, -0.0, -0.499961, 0.866048, 0.0, 0.0, 0.0, 0.0, 1.0],
                [1.0, 0.0, 0.0, 0.0, -0.0, 0.852318, 0.523025, 0.37472, -0.0, -0.523024, 0.852318, -0.0, 0.0, 0.0, 0.0, 1.0]
            ]
        },
        {
            "name": "Knee_L",
            "time": [0.0, 0.1, 0.2333, 0.3333, 0.4333, 0.5333, 0.6667, 0.7667, 0.8667, 0.9667, 1.1, 1.2, 1.3, 1.4, 1.5333, 1.6333, 1.7333, 1.8667, 1.9667, 2.0667, 2.1667, 2.3, 2.4, 2.6, 2.8333, 3.0333, 3.2667, 3.5, 3.7, 3.9333, 4.1333, 4.3667, 4.5667, 4.8, 5.0, 5.2333, 5.3667],
            "transform": [
                [1.0, 0.0, -0.0, 0.0, -0.0, 1e-06, -1.0, 0.37472, -0.0, 1.0, 1e-06, 0.0, 0.0, 0.0, 0.0, 1.0],
                [1.0, 0.0, -0.0, -0.0, -0.0, 1e-06, -1.0, 0.37472, -0.0, 1.0, 1e-06, 0.0, 0.0, 0.0, 0.0, 1.0],
                [1.0, 0.0, -0.0, 0.0, -0.0, 1e-06, -1.0, 0.37472, -0.0, 1.0, 1e-06, -0.0, 0.0, 0.0, 0.0, 1.0],
                [1.0, 0.0, -0.0, -0.0, -0.0, 1e-06, -1.0, 0.37472, -0.0, 1.0, 1e-06, -0.0, 0.0, 0.0, 0.0, 1.0],
                [1.0, 0.0, -0.0, -0.0, -0.0, 1e-06, -1.0, 0.37472, -0.0, 1.0, 1e-06, 0.0, 0.0, 0.0, 0.0, 1.0],
                [1.0, 0.0, -0.0, 0.0, -0.0, 1e-06, -1.0, 0.37472, -0.0, 1.0, 1e-06, -0.0, 0.0, 0.0, 0.0, 1.0],
                [1.0, 0.0, -0.0, 0.0, -0.0, 1e-06, -1.0, 0.37472, -0.0, 1.0, 1e-06, 0.0, 0.0, 0.0, 0.0, 1.0],
                [1.0, 0.0, -0.0, 0.0, -0.0, 1e-06, -1.0, 0.37472, -0.0, 1.0, 1e-06, 0.0, 0.0, 0.0, 0.0, 1.0],
                [1.0, 0.0, -0.0, 0.0, -0.0, 1e-06, -1.0, 0.37472, -0.0, 1.0, 1e-06, 0.0, 0.0, 0.0, 0.0, 1.0],
                [1.0, 0.0, -0.0, -0.0, -0.0, 1e-06, -1.0, 0.374721, -0.0, 1.0, 1e-06, 0.0, 0.0, 0.0, 0.0, 1.0],
                [1.0, 0.0, -0.0, 0.0, -0.0, 1e-06, -1.0, 0.37472, -0.0, 1.0, 1e-06, -0.0, 0.0, 0.0, 0.0, 1.0],
                [1.0, 0.0, -0.0, 0.0, -0.0, 1e-06, -1.0, 0.37472, -0.0, 1.0, 1e-06, 0.0, 0.0, 0.0, 0.0, 1.0],
                [1.0, 0.0, -0.0, 0.0, -0.0, 1e-06, -1.0, 0.374719, -0.0, 1.0, 1e-06, -0.0, 0.0, 0.0, 0.0, 1.0],
                [1.0, 0.0, -0.0, -0.0, -0.0, 1e-06, -1.0, 0.37472, -0.0, 1.0, 1e-06, 0.0, 0.0, 0.0, 0.0, 1.0],
                [1.0, 0.0, -0.0, -0.0, -0.0, 1e-06, -1.0, 0.37472, -0.0, 1.0, 1e-06, -0.0, 0.0, 0.0, 0.0, 1.0],
                [1.0, 0.0, -0.0, -0.0, -0.0, 1e-06, -1.0, 0.374721, -0.0, 1.0, 1e-06, -0.0, 0.0, 0.0, 0.0, 1.0],
                [1.0, 0.0, -0.0, 0.0, -0.0, 1e-06, -1.0, 0.37472, -0.0, 1.0, 1e-06, 0.0, 0.0, 0.0, 0.0, 1.0],
                [1.0, 0.0, -0.0, 0.0, -0.0, 1e-06, -1.0, 0.37472, -0.0, 1.0, 1e-06, 0.0, 0.0, 0.0, 0.0, 1.0],
                [1.0, 0.0, -0.0, 0.0, -0.0, 1e-06, -1.0, 0.37472, -0.0, 1.0, 1e-06, 0.0, 0.0, 0.0, 0.0, 1.0],
                [1.0, 0.0, -0.0, -0.0, -0.0, 1e-06, -1.0, 0.37472, -0.0, 1.0, 1e-06, -0.0, 0.0, 0.0, 0.0, 1.0],
                [1.0, 0.0, -0.0, -0.0, -0.0, 1e-06, -1.0, 0.37472, -0.0, 1.0, 1e-06, -0.0, 0.0, 0.0, 0.0, 1.0],
                [1.0, 0.0, -0.0, -0.0, -0.0, 1e-06, -1.0, 0.37472, -0.0, 1.0, 1e-06, 0.0, 0.0, 0.0, 0.0, 1.0],
                [1.0, 0.0, -0.0, -0.0, -0.0, 1e-06, -1.0, 0.37472, -0.0, 1.0, 1e-06, -0.0, 0.0, 0.0, 0.0, 1.0],
                [1.0, 0.0, -0.0, 0.0, -0.0, 1e-06, -1.0, 0.37472, -0.0, 1.0, 1e-06, 1e-06, 0.0, 0.0, 0.0, 1.0],
                [1.0, 0.0, -0.0, 0.0, -0.0, 1e-06, -1.0, 0.37472, -0.0, 1.0, 1e-06, -1e-06, 0.0, 0.0, 0.0, 1.0],
                [1.0, 0.0, -0.0, -0.0, -0.0, 1e-06, -1.0, 0.37472, -0.0, 1.0, 1e-06, 0.0, 0.0, 0.0, 0.0, 1.0],
                [1.0, 0.0, -0.0, -0.0, -0.0, 1e-06, -1.0, 0.37472, -0.0, 1.0, 1e-06, 0.0, 0.0, 0.0, 0.0, 1.0],
                [1.0, 0.0, -0.0, -0.0, -0.0, 1e-06, -1.0, 0.37472, -0.0, 1.0, 1e-06, -0.0, 0.0, 0.0, 0.0, 1.0],
                [1.0, 0.0, -0.0, -0.0, -0.0, 1e-06, -1.0, 0.37472, -0.0, 1.0, 1e-06, 0.0, 0.0, 0.0, 0.0, 1.0],
                [1.0, 0.0, -0.0, 0.0, -0.0, 1e-06, -1.0, 0.37472, -0.0, 1.0, 1e-06, 0.0, 0.0, 0.0, 0.0, 1.0],
                [1.0, 0.0, -0.0, -0.0, -0.0, 1e-06, -1.0, 0.37472, -0.0, 1.0, 1e-06, -0.0, 0.0, 0.0, 0.0, 1.0],
                [1.0, 0.0, -0.0, 0.0, -0.0, 1e-06, -1.0, 0.37472, -0.0, 1.0, 1e-06, 0.0, 0.0, 0.0, 0.0, 1.0],
                [1.0, 0.0, -0.0, -0.0, -0.0, 1e-06, -1.0, 0.37472, -0.0, 1.0, 1e-06, 0.0, 0.0, 0.0, 0.0, 1.0],
                [1.0, 0.0, -0.0, 0.0, -0.0, 1e-06, -1.0, 0.37472, -0.0, 1.0, 1e-06, 0.0, 0.0, 0.0, 0.0, 1.0],
                [1.0, 0.0, -0.0, 0.0, -0.0, 1e-06, -1.0, 0.37472, -0.0, 1.0, 1e-06, -0.0, 0.0, 0.0, 0.0, 1.0],
                [1.0, 0.0, -0.0, 0.0, -0.0, 1e-06, -1.0, 0.37472, -0.0, 1.0, 1e-06, 0.0, 0.0, 0.0, 0.0, 1.0],
                [1.0, 0.0, -0.0, 0.0, -0.0, 1e-06, -1.0, 0.37472, -0.0, 1.0, 1e-06, -0.0, 0.0, 0.0, 0.0, 1.0]
            ]
        },
        {
            "name": "Torso",
            "time": [0.0, 0.1, 0.2333, 0.3333, 0.4333, 0.5333, 0.6667, 0.7667, 0.8667, 0.9667, 1.1, 1.2, 1.3, 1.4, 1.5333, 1.6333, 1.7333, 1.8667, 1.9667, 2.0667, 2.1667, 2.3, 2.4, 2.6, 2.8333, 3.0333, 3.2667, 3.5, 3.7, 3.9333, 4.1333, 4.3667, 4.5667, 4.8, 5.0, 5.2333, 5.3667],
            "transform": [
                [-0.360068, 0.00094, 0.932925, -0.0, -0.038481, 0.999134, -0.015859, 0.05, -0.932132, -0.04161, -0.359719, 0.0, 0.0, 0.0, 0.0, 1.0],
                [0.928987, -0.022121, 0.369452, 0.0, 0.005686, 0.998947, 0.045516, 0.05, -0.37007, -0.040183, 0.928134, -0.0, 0.0, 0.0, 0.0, 1.0],
                [0.873259, 0.013539, -0.487067, 0.0, -0.085077, 0.988495, -0.125056, 0.05, 0.47977, 0.150645, 0.864365, -0.0, 0.0, 0.0, 0.0, 1.0],
                [0.711065, 0.021662, -0.702793, -0.0, -0.207389, 0.96152, -0.180193, 0.05, 0.671846, 0.27388, 0.688195, -0.0, 0.0, 0.0, 0.0, 1.0],
                [0.658266, 0.027978, -0.752265, 0.0, -0.066252, 0.997585, -0.020872, 0.05, 0.749864, 0.063579, 0.65853, -0.0, 0.0, 0.0, 0.0, 1.0],
                [0.669656, 0.080912, -0.73825, -0.0, 0.026625, 0.990793, 0.132742, 0.05, 0.742194, -0.108548, 0.661336, -0.0, 0.0, 0.0, 0.0, 1.0],
                [0.726258, 0.209753, -0.65464, 0.0, -0.000813, 0.952572, 0.304312, 0.05, 0.687422, -0.220477, 0.691983, -0.0, 0.0, 0.0, 0.0, 1.0],
                [0.575109, 0.367066, -0.731104, 0.0, -0.011576, 0.897247, 0.441376, 0.05, 0.817995, -0.245376, 0.520264, -0.0, 0.0, 0.0, 0.0, 1.0],
                [0.309859, 0.518683, -0.796841, -0.0, -0.020681, 0.841568, 0.539755, 0.05, 0.950558, -0.150768, 0.271494, -0.0, 0.0, 0.0, 0.0, 1.0],
                [0.193629, 0.540032, -0.819068, -0.0, -0.011815, 0.836091, 0.548463, 0.05, 0.981004, -0.096521, 0.168272, -0.0, 0.0, 0.0, 0.0, 1.0],
                [0.09952, 0.540072, -0.835715, -0.0, -0.002925, 0.840039, 0.542518, 0.05, 0.995031, -0.051547, 0.08518, -0.0, 0.0, 0.0, 0.0, 1.0],
                [0.042873, 0.520505, -0.852782, -0.0, -0.001965, 0.853609, 0.520911, 0.05, 0.999078, -0.020658, 0.03762, -0.0, 0.0, 0.0, 0.0, 1.0],
                [0.038519, 0.485118, -0.8736, -0.0, -0.014295, 0.874427, 0.484946, 0.05, 0.999156, -0.006191, 0.040617, -0.0, 0.0, 0.0, 0.0, 1.0],
                [0.182965, 0.40683, -0.894993, 0.0, -0.053954, 0.913144, 0.404051, 0.05, 0.981638, -0.025639, 0.189024, -0.0, 0.0, 0.0, 0.0, 1.0],
                [0.411149, 0.286669, -0.865319, -0.0, -0.080203, 0.956959, 0.27892, 0.05, 0.908033, -0.045276, 0.416445, -0.0, 0.0, 0.0, 0.0, 1.0],
                [0.528816, 0.177373, -0.829996, -0.0, -0.062527, 0.983403, 0.170319, 0.05, 0.84643, -0.03817, 0.53113, -0.0, 0.0, 0.0, 0.0, 1.0],
                [0.573587, 0.078918, -0.815334, 0.0, -0.022265, 0.996483, 0.080788, 0.05, 0.818842, -0.028186, 0.573326, -0.0, 0.0, 0.0, 0.0, 1.0],
                [0.637702, 0.017894, -0.770075, 0.0, 0.011046, 0.999415, 0.03237, 0.05, 0.770203, -0.029149, 0.637132, -0.0, 0.0, 0.0, 0.0, 1.0],
                [0.703132, -0.020767, -0.710756, -0.0, 0.039046, 0.999193, 0.009433, 0.05, 0.709986, -0.034385, 0.703376, -0.0, 0.0, 0.0, 0.0, 1.0],
                [0.760337, -0.05042, -0.647569, 0.0, 0.058378, 0.998252, -0.009179, 0.05, 0.6469, -0.030825, 0.761951, -0.0, 0.0, 0.0, 0.0, 1.0],
                [0.815178, -0.068407, -0.575157, -0.0, 0.068591, 0.997415, -0.021413, 0.05, 0.575135, -0.021995, 0.817763, -0.0, 0.0, 0.0, 0.0, 1.0],
