{
    "animation": [
        {
            "name": "Root",
            "time": [0.0, 0.0333, 0.0667, 0.1, 0.1333, 0.1667, 0.2, 0.2333, 0.2667, 0.3, 0.3333, 0.3667, 0.4, 0.4333, 0.4667, 0.5, 0.5333, 0.5667, 0.6, 0.6333, 0.6667, 0.7, 0.7333, 0.7667, 0.8, 0.8333, 0.8667, 0.9, 0.9333, 0.9667, 1.0, 1.0333, 1.0667, 1.1, 1.1333, 1.1667, 1.2, 1.2333, 1.2667, 1.3, 1.3333, 1.3667, 1.4, 1.4333, 1.4667, 1.5, 1.5333, 1.5667, 1.6, 1.6333, 1.6667, 1.7, 1.7333, 1.7667, 1.8, 1.8333, 2.0, 2.1667, 2.3333, 2.5, 2.6667, 2.8333, 3.0, 3.3333],
            "transform": [
                [1.0, -0.0, 0.0, 0.009383, 0.0, -0.0, -1.0, -0.337115, 0.0, 1.0, -0.0, 0.317366, 0.0, 0.0, 0.0, 1.0],
                [1.0, -0.0, 0.0, 0.007632, 0.0, -0.0, -1.0, 0.043932, 0.0, 1.0, -0.0, 0.312643, 0.0, 0.0, 0.0, 1.0],
                [1.0, -0.0, 0.0, 0.004103, 0.0, -0.0, -1.0, 0.087823, 0.0, 1.0, -0.0, 0.317116, 0.0, 0.0, 0.0, 1.0],
                [1.0, -0.0, 0.0, 0.000574, 0.0, -0.0, -1.0, 0.131714, 0.0, 1.0, -0.0, 0.321589, 0.0, 0.0, 0.0, 1.0],
                [1.0, -0.0, 0.0, -0.002955, 0.0, -0.0, -1.0, 0.175605, 0.0, 1.0, -0.0, 0.326062, 0.0, 0.0, 0.0, 1.0],
                [1.0, -0.0, 0.0, -0.006484, 0.0, -0.0, -1.0, 0.219496, 0.0, 1.0, -0.0, 0.330535, 0.0, 0.0, 0.0, 1.0],
                [1.0, -0.0, 0.0, -0.010013, 0.0, -0.0, -1.0, 0.263387, 0.0, 1.0, -0.0, 0.335008, 0.0, 0.0, 0.0, 1.0],
                [1.0, -0.0, 0.0, -0.013542, 0.0, -0.0, -1.0, 0.307278, 0.0, 1.0, -0.0, 0.339481, 0.0, 0.0, 0.0, 1.0],
                [1.0, -0.0, 0.0, -0.017071, 0.0, -0.0, -1.0, 0.351169, 0.0, 1.0, -0.0, 0.343954, 0.0, 0.0, 0.0, 1.0],
                [1.0, -0.0, 0.0, -0.0206, 0.0, -0.0, -1.0, 0.39506, 0.0, 1.0, -0.0, 0.348427, 0.0, 0.0, 0.0, 1.0],
                [1.0, -0.0, 0.0, -0.024129, 0.0, -0.0, -1.0, 0.438951, 0.0, 1.0, -0.0, 0.3529, 0.0, 0.0, 0.0, 1.0],
                [1.0, -0.0, 0.0, -0.024669, 0.0, -0.0, -1.0, 0.55001, 0.0, 1.0, -0.0, 0.341717, 0.0, 0.0, 0.0, 1.0],
                [1.0, -0.0, 0.0, -0.017419, 0.0, -0.0, -1.0, 0.941473, 0.0, 1.0, -0.0, 0.340226, 0.0, 0.0, 0.0, 1.0],
                [1.0, -0.0, 0.0, -0.010169, 0.0, -0.0, -1.0, 1.332936, 0.0, 1.0, -0.0, 0.338735, 0.0, 0.0, 0.0, 1.0],
                [1.0, -0.0, 0.0, -0.002918, 0.0, -0.0, -1.0, 1.7244, 0.0, 1.0, -0.0, 0.337244, 0.0, 0.0, 0.0, 1.0],
                [1.0, -0.0, 0.0, 0.004332, 0.0, -0.0, -1.0, 2.115863, 0.0, 1.0, -0.0, 0.335753, 0.0, 0.0, 0.0, 1.0],
                [1.0, -0.0, 0.0, 0.011583, 0.0, -0.0, -1.0, 2.507326, 0.0, 1.0, -0.0, 0.334262, 0.0, 0.0, 0.0, 1.0],
                [1.0, -0.0, 0.0, 0.011598, 0.0, -0.0, -1.0, 2.522601, 0.0, 1.0, -0.0, 0.333641, 0.0, 0.0, 0.0, 1.0],
                [1.0, -0.0, 0.0, 0.011614, 0.0, -0.0, -1.0, 2.537875, 0.0, 1.0, -0.0, 0.33302, 0.0, 0.0, 0.0, 1.0],
                [1.0, -0.0, 0.0, 0.011629, 0.0, -0.0, -1.0, 2.553149, 0.0, 1.0, -0.0, 0.332398, 0.0, 0.0, 0.0, 1.0],
                [1.0, -0.0, 0.0, 0.011645, 0.0, -0.0, -1.0, 2.568423, 0.0, 1.0, -0.0, 0.331777, 0.0, 0.0, 0.0, 1.0],
                [1.0, -0.0, 0.0, 0.01166, 0.0, -0.0, -1.0, 2.583697, 0.0, 1.0, -0.0, 0.331156, 0.0, 0.0, 0.0, 1.0],
                [1.0, -0.0, 0.0, 0.011676, 0.0, -0.0, -1.0, 2.598972, 0.0, 1.0, -0.0, 0.330535, 0.0, 0.0, 0.0, 1.0],
                [1.0, -0.0, 0.0, 0.011516, 0.0, -0.0, -1.0, 2.594888, 0.0, 1.0, -0.0, 0.330821, 0.0, 0.0, 0.0, 1.0],
                [1.0, -0.0, 0.0, 0.011355, 0.0, -0.0, -1.0, 2.590805, 0.0, 1.0, -0.0, 0.331108, 0.0, 0.0, 0.0, 1.0],
                [1.0, -0.0, 0.0, 0.011195, 0.0, -0.0, -1.0, 2.586721, 0.0, 1.0, -0.0, 0.331395, 0.0, 0.0, 0.0, 1.0],
                [1.0, -0.0, 0.0, 0.011035, 0.0, -0.0, -1.0, 2.582638, 0.0, 1.0, -0.0, 0.331682, 0.0, 0.0, 0.0, 1.0],
                [1.0, -0.0, 0.0, 0.010875, 0.0, -0.0, -1.0, 2.578555, 0.0, 1.0, -0.0, 0.331968, 0.0, 0.0, 0.0, 1.0],
                [1.0, -0.0, 0.0, 0.010715, 0.0, -0.0, -1.0, 2.574471, 0.0, 1.0, -0.0, 0.332255, 0.0, 0.0, 0.0, 1.0],
                [1.0, -0.0, 0.0, 0.010555, 0.0, -0.0, -1.0, 2.570388, 0.0, 1.0, -0.0, 0.332542, 0.0, 0.0, 0.0, 1.0],
                [1.0, -0.0, 0.0, 0.010394, 0.0, -0.0, -1.0, 2.566304, 0.0, 1.0, -0.0, 0.332829, 0.0, 0.0, 0.0, 1.0],
                [1.0, -0.0, 0.0, 0.010234, 0.0, -0.0, -1.0, 2.562221, 0.0, 1.0, -0.0, 0.333115, 0.0, 0.0, 0.0, 1.0],
                [1.0, -0.0, 0.0, 0.010074, 0.0, -0.0, -1.0, 2.558138, 0.0, 1.0, -0.0, 0.333402, 0.0, 0.0, 0.0, 1.0],
                [1.0, -0.0, 0.0, 0.009914, 0.0, -0.0, -1.0, 2.554054, 0.0, 1.0, -0.0, 0.333689, 0.0, 0.0, 0.0, 1.0],
                [1.0, -0.0, 0.0, 0.009754, 0.0, -0.0, -1.0, 2.549971, 0.0, 1.0, -0.0, 0.333976, 0.0, 0.0, 0.0, 1.0],
                [1.0, -0.0, 0.0, 0.009593, 0.0, -0.0, -1.0, 2.545887, 0.0, 1.0, -0.0, 0.334262, 0.0, 0.0, 0.0, 1.0],
                [1.0, -0.0, 0.0, 0.006486, 0.0, -0.0, -1.0, 2.499794, 0.0, 1.0, -0.0, 0.3529, 0.0, 0.0, 0.0, 1.0],
                [1.0, -0.0, 0.0, 0.002612, 0.0, -0.0, -1.0, 2.44286, 0.0, 1.0, -0.0, 0.3529, 0.0, 0.0, 0.0, 1.0],
                [1.0, -0.0, 0.0, -0.001679, 0.0, -0.0, -1.0, 2.382841, 0.0, 1.0, -0.0, 0.3529, 0.0, 0.0, 0.0, 1.0],
                [1.0, -0.0, 0.0, -0.006036, 0.0, -0.0, -1.0, 2.327491, 0.0, 1.0, -0.0, 0.3529, 0.0, 0.0, 0.0, 1.0],
                [1.0, -0.0, 0.0, -0.010107, 0.0, -0.0, -1.0, 2.284562, 0.0, 1.0, -0.0, 0.3529, 0.0, 0.0, 0.0, 1.0],
                [1.0, -0.0, 0.0, -0.013543, 0.0, -0.0, -1.0, 2.26181, 0.0, 1.0, -0.0, 0.3529, 0.0, 0.0, 0.0, 1.0],
                [1.0, -0.0, 0.0, -0.015992, 0.0, -0.0, -1.0, 2.266988, 0.0, 1.0, -0.0, 0.3529, 0.0, 0.0, 0.0, 1.0],
                [1.0, -0.0, 0.0, -0.017197, 0.0, -0.0, -1.0, 2.310688, 0.0, 1.0, -0.0, 0.3529, 0.0, 0.0, 0.0, 1.0],
                [1.0, -0.0, 0.0, -0.017384, 0.0, -0.0, -1.0, 2.390219, 0.0, 1.0, -0.0, 0.3529, 0.0, 0.0, 0.0, 1.0],
                [1.0, -0.0, 0.0, -0.018269, 0.0, -0.0, -1.0, 2.463144, 0.0, 1.0, -0.0, 0.357559, 0.0, 0.0, 0.0, 1.0],
                [1.0, -0.0, 0.0, -0.019155, 0.0, -0.0, -1.0, 2.536068, 0.0, 1.0, -0.0, 0.362219, 0.0, 0.0, 0.0, 1.0],
                [1.0, -0.0, 0.0, -0.020041, 0.0, -0.0, -1.0, 2.608993, 0.0, 1.0, -0.0, 0.366878, 0.0, 0.0, 0.0, 1.0],
                [1.0, -0.0, 0.0, -0.020927, 0.0, -0.0, -1.0, 2.681918, 0.0, 1.0, -0.0, 0.371537, 0.0, 0.0, 0.0, 1.0],
                [1.0, -0.0, 0.0, -0.021812, 0.0, -0.0, -1.0, 2.754843, 0.0, 1.0, -0.0, 0.376197, 0.0, 0.0, 0.0, 1.0],
                [1.0, -0.0, 0.0, -0.022698, 0.0, -0.0, -1.0, 2.827768, 0.0, 1.0, -0.0, 0.380856, 0.0, 0.0, 0.0, 1.0],
                [1.0, -0.0, 0.0, -0.023584, 0.0, -0.0, -1.0, 2.900692, 0.0, 1.0, -0.0, 0.385515, 0.0, 0.0, 0.0, 1.0],
                [1.0, -0.0, 0.0, -0.02447, 0.0, -0.0, -1.0, 2.973617, 0.0, 1.0, -0.0, 0.390175, 0.0, 0.0, 0.0, 1.0],
                [1.0, -0.0, 0.0, -0.025355, 0.0, -0.0, -1.0, 3.046542, 0.0, 1.0, -0.0, 0.394834, 0.0, 0.0, 0.0, 1.0],
                [1.0, -0.0, 0.0, -0.026241, 0.0, -0.0, -1.0, 3.119467, 0.0, 1.0, -0.0, 0.399494, 0.0, 0.0, 0.0, 1.0],
                [1.0, -0.0, 0.0, -0.026892, 0.0, -0.0, -1.0, 3.150427, 0.0, 1.0, -0.0, 0.403118, 0.0, 0.0, 0.0, 1.0],
                [1.0, -0.0, 0.0, -0.030149, 0.0, -0.0, -1.0, 3.305227, 0.0, 1.0, -0.0, 0.421237, 0.0, 0.0, 0.0, 1.0],
                [1.0, -0.0, 0.0, -0.033405, 0.0, -0.0, -1.0, 3.460027, 0.0, 1.0, -0.0, 0.439357, 0.0, 0.0, 0.0, 1.0],
                [1.0, -0.0, 0.0, -0.036661, 0.0, -0.0, -1.0, 3.614826, 0.0, 1.0, -0.0, 0.441946, 0.0, 0.0, 0.0, 1.0],
                [1.0, -0.0, 0.0, -0.037771, 0.0, -0.0, -1.0, 3.695217, 0.0, 1.0, -0.0, 0.455079, 0.0, 0.0, 0.0, 1.0],
                [1.0, -0.0, 0.0, -0.037451, 0.0, -0.0, -1.0, 3.726002, 0.0, 1.0, -0.0, 0.457123, 0.0, 0.0, 0.0, 1.0],
                [1.0, -0.0, 0.0, -0.037131, 0.0, -0.0, -1.0, 3.756786, 0.0, 1.0, -0.0, 0.466932, 0.0, 0.0, 0.0, 1.0],
                [1.0, -0.0, 0.0, -0.036811, 0.0, -0.0, -1.0, 3.787571, 0.0, 1.0, -0.0, 0.476741, 0.0, 0.0, 0.0, 1.0],
                [1.0, -0.0, 0.0, -0.036143, 0.0, -0.0, -1.0, 3.81654, 0.0, 1.0, -0.0, 0.47715, 0.0, 0.0, 0.0, 1.0]
            ]
        },
        {
            "name": "Thigh_R",
            "time": [0.0, 0.0333, 0.0667, 0.1, 0.1333, 0.1667, 0.2, 0.2333, 0.2667, 0.3, 0.3333, 0.3667, 0.4, 0.4333, 0.4667, 0.5, 0.5333, 0.5667, 0.6, 0.6333, 0.6667, 0.7, 0.7333, 0.7667, 0.8, 0.8333, 0.8667, 0.9, 0.9333, 0.9667, 1.0, 1.0333, 1.0667, 1.1, 1.1333, 1.1667, 1.2, 1.2333, 1.2667, 1.3, 1.3333, 1.3667, 1.4, 1.4333, 1.4667, 1.5, 1.5333, 1.5667, 1.6, 1.6333, 1.6667, 1.7, 1.7333, 1.7667, 1.8, 1.8333, 2.0, 2.1667, 2.3333, 2.5, 2.6667, 2.8333, 3.0, 3.3333],
            "transform": [
                [-0.303328, 0.874286, 0.378967, 0.124994, 0.275088, -0.300426, 0.913275, -0.002831, 0.912315, 0.38127, -0.149378, -1.2e-05, 0.0, 0.0, 0.0, 1.0],
                [-0.214916, 0.855055, 0.471903, 0.124994, 0.353483, -0.38233, 0.853741, -0.002831, 0.910418, 0.350292, -0.220078, -1.2e-05, 0.0, 0.0, 0.0, 1.0],
                [-0.137979, 0.835427, 0.532, 0.124994, 0.417639, -0.437972, 0.796089, -0.002831, 0.898076, 0.332027, -0.288476, -1.2e-05, 0.0, 0.0, 0.0, 1.0],
                [-0.054815, 0.809627, 0.58438, 0.124994, 0.475073, -0.493624, 0.728451, -0.002831, 0.878238, 0.317553, -0.357574, -1.2e-05, 0.0, 0.0, 0.0, 1.0],
                [0.033165, 0.77787, 0.62755, 0.124994, 0.524235, -0.548126, 0.651717, -0.002831, 0.850928, 0.307369, -0.425966, -1.2e-05, 0.0, 0.0, 0.0, 1.0],
                [0.124271, 0.740634, 0.660316, 0.124994, 0.563838, -0.600302, 0.567207, -0.002831, 0.816483, 0.301824, -0.492198, -1.2e-05, 0.0, 0.0, 0.0, 1.0],
                [0.216638, 0.698638, 0.681889, 0.124994, 0.592957, -0.649041, 0.4766, -0.002831, 0.775545, 0.30108, -0.55487, -1.2e-05, 0.0, 0.0, 0.0, 1.0],
                [0.308346, 0.652799, 0.691937, 0.124994, 0.611098, -0.693372, 0.381831, -0.002831, 0.729029, 0.305105, -0.612722, -1.2e-05, 0.0, 0.0, 0.0, 1.0],
                [0.397554, 0.604161, 0.690608, 0.124994, 0.618228, -0.732529, 0.284947, -0.002831, 0.678045, 0.313671, -0.66473, -1.2e-05, 0.0, 0.0, 0.0, 1.0],
                [0.48262, 0.553828, 0.678492, 0.124994, 0.614751, -0.765994, 0.187973, -0.002831, 0.623827, 0.326384, -0.710151, -1.2e-05, 0.0, 0.0, 0.0, 1.0],
                [0.562185, 0.502883, 0.656549, 0.124994, 0.601448, -0.793506, 0.092782, -0.002831, 0.567634, 0.342719, -0.748556, -1.2e-05, 0.0, 0.0, 0.0, 1.0],
                [0.659737, 0.290938, 0.692894, 0.124994, 0.593492, -0.767308, -0.242908, -0.002831, 0.460993, 0.571482, -0.678891, -1.2e-05, 0.0, 0.0, 0.0, 1.0],
                [0.854852, 0.383311, 0.349715, 0.124994, 0.463118, -0.867594, -0.181113, -0.002831, 0.233988, 0.316784, -0.919183, -1.2e-05, 0.0, 0.0, 0.0, 1.0],
                [0.931038, 0.338125, -0.137261, 0.124994, 0.338305, -0.940761, -0.022738, -0.002831, -0.136818, -0.025266, -0.990274, -1.2e-05, 0.0, 0.0, 0.0, 1.0],
                [0.792601, 0.110074, -0.599724, 0.124994, 0.282994, -0.937627, 0.201914, -0.002831, -0.540092, -0.329755, -0.774314, -1.2e-05, 0.0, 0.0, 0.0, 1.0],
                [0.497897, -0.20471, -0.84273, 0.124994, 0.320501, -0.859512, 0.398143, -0.002831, -0.80584, -0.46833, -0.362339, -1.2e-05, 0.0, 0.0, 0.0, 1.0],
                [0.195322, -0.474104, -0.858531, 0.124994, 0.407942, -0.756793, 0.510732, -0.002831, -0.891871, -0.449987, 0.045589, -1.2e-05, 0.0, 0.0, 0.0, 1.0],
                [0.168957, -0.464929, -0.869077, 0.124994, 0.415307, -0.766072, 0.490564, -0.002831, -0.893854, -0.443818, 0.063655, -1.2e-05, 0.0, 0.0, 0.0, 1.0],
                [0.142372, -0.455418, -0.87882, 0.124994, 0.422073, -0.775164, 0.470079, -0.002831, -0.895313, -0.437852, 0.081858, -1.2e-05, 0.0, 0.0, 0.0, 1.0],
                [0.115603, -0.445583, -0.887745, 0.124994, 0.428228, -0.784057, 0.449304, -0.002831, -0.896246, -0.432098, 0.100171, -1.2e-05, 0.0, 0.0, 0.0, 1.0],
                [0.088687, -0.435439, -0.895839, 0.124994, 0.433764, -0.792739, 0.428267, -0.002831, -0.896652, -0.426564, 0.118572, -1.2e-05, 0.0, 0.0, 0.0, 1.0],
                [0.061658, -0.424998, -0.903092, 0.124994, 0.438673, -0.801198, 0.406997, -0.002831, -0.896529, -0.421257, 0.137035, -1.2e-05, 0.0, 0.0, 0.0, 1.0],
                [0.034555, -0.414276, -0.909495, 0.124994, 0.442951, -0.809423, 0.385523, -0.002831, -0.89588, -0.416184, 0.155535, -1.2e-05, 0.0, 0.0, 0.0, 1.0],
                [0.053778, -0.419663, -0.906086, 0.124994, 0.454159, -0.797836, 0.396481, -0.002831, -0.889297, -0.432828, 0.147688, -1.2e-05, 0.0, 0.0, 0.0, 1.0],
                [0.073091, -0.424651, -0.902402, 0.124994, 0.465018, -0.785935, 0.407509, -0.002831, -0.882279, -0.449419, 0.140026, -1.2e-05, 0.0, 0.0, 0.0, 1.0],
                [0.092479, -0.429234, -0.898446, 0.124994, 0.475519, -0.77373, 0.418597, -0.002831, -0.874831, -0.46594, 0.132555, -1.2e-05, 0.0, 0.0, 0.0, 1.0],
                [0.111925, -0.433408, -0.89422, 0.124994, 0.48565, -0.761229, 0.429737, -0.002831, -0.866959, -0.482376, 0.125284, -1.2e-05, 0.0, 0.0, 0.0, 1.0],
                [0.131411, -0.437167, -0.889728, 0.124994, 0.495401, -0.748444, 0.440917, -0.002831, -0.858667, -0.498714, 0.118219, -1.2e-05, 0.0, 0.0, 0.0, 1.0],
                [0.15092, -0.440507, -0.884973, 0.124994, 0.504764, -0.735386, 0.452129, -0.002831, -0.849963, -0.514938, 0.111368, -1.2e-05, 0.0, 0.0, 0.0, 1.0],
                [0.170436, -0.443425, -0.879958, 0.124994, 0.513729, -0.722065, 0.463363, -0.002831, -0.840854, -0.531033, 0.104735, -1.2e-05, 0.0, 0.0, 0.0, 1.0],
                [0.18994, -0.445919, -0.874689, 0.124994, 0.522288, -0.708493, 0.474607, -0.002831, -0.831348, -0.546986, 0.098327, -1.2e-05, 0.0, 0.0, 0.0, 1.0],
                [0.209415, -0.447985, -0.869169, 0.124994, 0.530435, -0.694683, 0.485854, -0.002831, -0.821453, -0.562782, 0.092149, -1.2e-05, 0.0, 0.0, 0.0, 1.0],
                [0.228844, -0.449624, -0.863405, 0.124994, 0.538162, -0.680649, 0.497091, -0.002831, -0.81118, -0.578408, 0.086208, -1.2e-05, 0.0, 0.0, 0.0, 1.0],
                [0.248211, -0.450835, -0.857403, 0.124994, 0.545464, -0.666401, 0.50831, -0.002831, -0.800538, -0.59385, 0.080506, -1.2e-05, 0.0, 0.0, 0.0, 1.0],
                [0.267497, -0.451618, -0.851168, 0.124994, 0.552336, -0.651954, 0.519501, -0.002831, -0.789539, -0.609096, 0.075049, -1.2e-05, 0.0, 0.0, 0.0, 1.0],
                [0.286688, -0.451975, -0.844706, 0.124994, 0.558774, -0.637321, 0.530654, -0.002831, -0.778192, -0.624132, 0.06984, -1.2e-05, 0.0, 0.0, 0.0, 1.0],
                [0.371197, -0.464056, -0.804279, 0.124994, 0.582024, -0.558613, 0.590931, -0.002831, -0.723506, -0.687461, 0.062736, -1.2e-05, 0.0, 0.0, 0.0, 1.0],
                [0.476131, -0.395988, -0.785171, 0.124994, 0.596474, -0.510646, 0.619241, -0.002831, -0.646156, -0.763174, -0.006938, -1.2e-05, 0.0, 0.0, 0.0, 1.0],
                [0.590116, -0.313179, -0.744098, 0.124994, 0.588068, -0.464727, 0.66197, -0.002831, -0.553118, -0.828219, -0.090073, -1.2e-05, 0.0, 0.0, 0.0, 1.0],
                [0.697473, -0.215699, -0.683378, 0.124994, 0.554683, -0.441279, 0.705407, -0.002831, -0.453716, -0.871061, -0.188136, -1.2e-05, 0.0, 0.0, 0.0, 1.0],
                [0.789676, -0.113499, -0.602934, 0.124994, 0.500391, -0.449476, 0.739986, -0.002831, -0.354992, -0.886052, -0.298147, -1.2e-05, 0.0, 0.0, 0.0, 1.0],
                [0.861204, -0.045192, -0.506247, 0.124994, 0.429792, -0.466926, 0.772825, -0.002831, -0.271306, -0.88314, -0.382696, -1.2e-05, 0.0, 0.0, 0.0, 1.0],
                [0.910712, -0.006002, -0.412999, 0.124994, 0.358633, -0.484546, 0.79787, -0.002831, -0.204906, -0.874745, -0.439129, -1.2e-05, 0.0, 0.0, 0.0, 1.0],
                [0.946838, 0.009564, -0.321569, 0.124994, 0.286318, -0.480838, 0.828744, -0.002831, -0.146696, -0.876757, -0.458014, -1.2e-05, 0.0, 0.0, 0.0, 1.0],
                [0.974092, 0.026599, -0.224582, 0.124994, 0.210703, -0.467477, 0.858527, -0.002831, -0.082151, -0.883605, -0.46097, -1.2e-05, 0.0, 0.0, 0.0, 1.0],
                [0.981105, 0.069137, -0.180704, 0.124994, 0.190943, -0.496689, 0.846664, -0.002831, -0.031218, -0.865171, -0.500505, -1.2e-05, 0.0, 0.0, 0.0, 1.0],
                [0.984769, 0.110354, -0.134359, 0.124994, 0.172576, -0.526307, 0.832597, -0.002831, 0.021167, -0.843103, -0.537335, -1.2e-05, 0.0, 0.0, 0.0, 1.0],
                [0.984968, 0.149904, -0.085835, 0.124994, 0.155779, -0.556116, 0.816375, -0.002831, 0.074644, -0.817474, -0.571108, -1.2e-05, 0.0, 0.0, 0.0, 1.0],
                [0.981633, 0.187452, -0.03546, 0.124994, 0.140711, -0.585893, 0.798078, -0.002831, 0.128825, -0.78841, -0.601509, -1.2e-05, 0.0, 0.0, 0.0, 1.0],
                [0.974752, 0.222689, 0.016402, 0.124994, 0.127506, -0.61541, 0.777825, -0.002831, 0.183307, -0.756095, -0.628267, -1.2e-05, 0.0, 0.0, 0.0, 1.0],
                [0.964361, 0.255337, 0.069363, 0.124994, 0.116272, -0.644442, 0.755761, -0.002831, 0.237675, -0.720761, -0.651163, -1.2e-05, 0.0, 0.0, 0.0, 1.0],
                [0.950553, 0.28516, 0.123016, 0.124994, 0.107087, -0.672769, 0.732061, -0.002831, 0.291515, -0.68269, -0.670039, -1.2e-05, 0.0, 0.0, 0.0, 1.0],
                [0.933472, 0.311962, 0.176947, 0.124994, 0.099996, -0.700186, 0.706923, -0.002831, 0.344429, -0.642199, -0.684799, -1.2e-05, 0.0, 0.0, 0.0, 1.0],
                [0.913306, 0.335601, 0.230749, 0.124994, 0.095014, -0.726504, 0.680561, -0.002831, 0.396038, -0.599636, -0.695407, -1.2e-05, 0.0, 0.0, 0.0, 1.0],
                [0.890283, 0.355984, 0.284027, 0.124994, 0.092123, -0.751559, 0.653202, -0.002831, 0.445992, -0.555369, -0.701894, -1.2e-05, 0.0, 0.0, 0.0, 1.0],
                [0.875955, 0.368658, 0.311117, 0.124994, 0.098713, -0.768285, 0.632451, -0.002831, 0.472185, -0.523287, -0.709374, -1.2e-05, 0.0, 0.0, 0.0, 1.0],
                [0.79117, 0.414784, 0.44945, 0.124994, 0.144182, -0.840661, 0.522016, -0.002831, 0.594359, -0.348201, -0.72491, -1.2e-05, 0.0, 0.0, 0.0, 1.0],
                [0.688178, 0.428634, 0.585392, 0.124994, 0.208869, -0.889718, 0.405924, -0.002831, 0.694828, -0.157078, -0.701813, -1.2e-05, 0.0, 0.0, 0.0, 1.0],
                [0.574178, 0.408994, 0.709255, 0.124994, 0.288309, -0.911802, 0.292393, -0.002831, 0.766289, 0.036599, -0.641453, -1.2e-05, 0.0, 0.0, 0.0, 1.0],
                [0.53737, 0.37533, 0.755222, 0.124994, 0.311867, -0.920465, 0.235548, -0.002831, 0.783565, 0.108953, -0.611683, -1.2e-05, 0.0, 0.0, 0.0, 1.0],
                [0.553513, 0.346553, 0.757314, 0.124994, 0.293171, -0.93219, 0.212302, -0.002831, 0.779536, 0.104511, -0.617578, -1.2e-05, 0.0, 0.0, 0.0, 1.0],
                [0.569017, 0.317376, 0.758612, 0.124994, 0.273973, -0.942982, 0.189009, -0.002831, 0.775344, 0.10029, -0.623525, -1.2e-05, 0.0, 0.0, 0.0, 1.0],
                [0.583859, 0.287845, 0.759114, 0.124994, 0.254302, -0.952823, 0.165704, -0.002831, 0.770999, 0.096297, -0.629514, -1.1e-05, 0.0, 0.0, 0.0, 1.0],
                [0.589239, 0.231011, 0.77423, 0.124994, 0.263975, -0.96071, 0.08575, -0.002831, 0.76362, 0.15385, -0.627069, -1.1e-05, 0.0, 0.0, 0.0, 1.0]
            ]
        },
        {
            "name": "Leg_R",
            "time": [0.0, 0.0333, 0.0667, 0.1, 0.1333, 0.1667, 0.2, 0.2333, 0.2667, 0.3, 0.3333, 0.3667, 0.4, 0.4333, 0.4667, 0.5, 0.5333, 0.5667, 0.6, 0.6333, 0.6667, 0.7, 0.7333, 0.7667, 0.8, 0.8333, 0.8667, 0.9, 0.9333, 0.9667, 1.0, 1.0333, 1.0667, 1.1, 1.1333, 1.1667, 1.2, 1.2333, 1.2667, 1.3, 1.3333, 1.3667, 1.4, 1.4333, 1.4667, 1.5, 1.5333, 1.5667, 1.6, 1.6333, 1.6667, 1.7, 1.7333, 1.7667, 1.8, 1.8333, 2.0, 2.1667, 2.3333, 2.5, 2.6667, 2.8333, 3.0, 3.3333],
            "transform": [
                [1.0, -0.0, 0.0, -0.0, -0.0, -0.041796, 0.999126, 0.37472, -0.0, -0.999127, -0.041796, 0.0, 0.0, 0.0, 0.0, 1.0],
                [1.0, -0.0, 0.0, -0.0, -0.0, 0.054553, 0.998511, 0.37472, -0.0, -0.998511, 0.054553, 0.0, 0.0, 0.0, 0.0, 1.0],
                [1.0, -0.0, 0.0, 0.0, -0.0, 0.126771, 0.991932, 0.37472, -0.0, -0.991932, 0.126771, -0.0, 0.0, 0.0, 0.0, 1.0],
                [1.0, -0.0, 0.0, -0.0, -0.0, 0.198897, 0.98002, 0.37472, -0.0, -0.98002, 0.198897, -0.0, 0.0, 0.0, 0.0, 1.0],
                [1.0, -0.0, 0.0, -0.0, -0.0, 0.270342, 0.962764, 0.37472, -0.0, -0.962764, 0.270342, -0.0, 0.0, 0.0, 0.0, 1.0],
                [1.0, -0.0, 0.0, 0.0, -0.0, 0.340514, 0.940239, 0.37472, -0.0, -0.940239, 0.340514, -0.0, 0.0, 0.0, 0.0, 1.0],
                [1.0, -0.0, 0.0, 0.0, -0.0, 0.408837, 0.912608, 0.37472, -0.0, -0.912608, 0.408837, -0.0, 0.0, 0.0, 0.0, 1.0],
                [1.0, 0.0, 0.0, -0.0, -0.0, 0.474763, 0.880114, 0.37472, -0.0, -0.880114, 0.474763, -0.0, 0.0, 0.0, 0.0, 1.0],
                [1.0, 0.0, 0.0, -0.0, -0.0, 0.53779, 0.843079, 0.37472, -0.0, -0.843078, 0.53779, 0.0, 0.0, 0.0, 0.0, 1.0],
                [1.0, 0.0, 0.0, 0.0, -0.0, 0.597474, 0.801888, 0.37472, -0.0, -0.801888, 0.597474, -0.0, 0.0, 0.0, 0.0, 1.0],
                [1.0, 0.0, 0.0, 0.0, -0.0, 0.653434, 0.756983, 0.37472, -0.0, -0.756983, 0.653434, 0.0, 0.0, 0.0, 0.0, 1.0],
                [1.0, 0.0, 0.0, 0.0, -0.0, 0.9147, 0.404133, 0.37472, -0.0, -0.404133, 0.9147, 0.0, 0.0, 0.0, 0.0, 1.0],
                [1.0, 0.0, 0.0, 0.0, -0.0, 0.795758, 0.605615, 0.37472, -0.0, -0.605615, 0.795758, 0.0, 0.0, 0.0, 0.0, 1.0],
                [1.0, 0.0, 0.0, -0.0, -0.0, 0.624936, 0.780676, 0.37472, -0.0, -0.780676, 0.624936, -0.0, 0.0, 0.0, 0.0, 1.0],
                [1.0, -0.0, 0.0, -0.0, -0.0, 0.413282, 0.910603, 0.37472, -0.0, -0.910603, 0.413282, 0.0, 0.0, 0.0, 0.0, 1.0],
                [1.0, -0.0, 0.0, -0.0, -0.0, 0.179862, 0.983692, 0.37472, -0.0, -0.983692, 0.179863, -0.0, 0.0, 0.0, 0.0, 1.0],
                [1.0, -0.0, 0.0, 0.0, -0.0, -0.053635, 0.998561, 0.37472, -0.0, -0.998561, -0.053635, -0.0, 0.0, 0.0, 0.0, 1.0],
                [1.0, -0.0, 0.0, 0.0, -0.0, -0.038682, 0.999252, 0.37472, -0.0, -0.999251, -0.038682, 0.0, 0.0, 0.0, 0.0, 1.0],
                [1.0, -0.0, 0.0, -0.0, -0.0, -0.023717, 0.999719, 0.37472, -0.0, -0.999719, -0.023717, -0.0, 0.0, 0.0, 0.0, 1.0],
                [1.0, -0.0, 0.0, 0.0, -0.0, -0.008746, 0.999962, 0.37472, -0.0, -0.999962, -0.008746, 0.0, 0.0, 0.0, 0.0, 1.0],
                [1.0, -0.0, 0.0, -0.0, -0.0, 0.006227, 0.999981, 0.37472, -0.0, -0.999981, 0.006227, -0.0, 0.0, 0.0, 0.0, 1.0],
                [1.0, -0.0, 0.0, 0.0, -0.0, 0.021198, 0.999775, 0.37472, -0.0, -0.999775, 0.021198, -0.0, 0.0, 0.0, 0.0, 1.0],
                [1.0, -0.0, 0.0, 0.0, -0.0, 0.03616, 0.999346, 0.37472, -0.0, -0.999346, 0.036159, -0.0, 0.0, 0.0, 0.0, 1.0],
                [1.0, -0.0, 0.0, -0.0, -0.0, 0.036355, 0.999339, 0.37472, -0.0, -0.999339, 0.036355, -0.0, 0.0, 0.0, 0.0, 1.0],
                [1.0, -0.0, 0.0, -0.0, -0.0, 0.03655, 0.999332, 0.37472, -0.0, -0.999332, 0.03655, 0.0, 0.0, 0.0, 0.0, 1.0],
                [1.0, -0.0, 0.0, -0.0, -0.0, 0.036746, 0.999324, 0.37472, -0.0, -0.999325, 0.036745, -0.0, 0.0, 0.0, 0.0, 1.0],
                [1.0, -0.0, 0.0, 0.0, -0.0, 0.036941, 0.999318, 0.37472, -0.0, -0.999318, 0.036941, 0.0, 0.0, 0.0, 0.0, 1.0],
                [1.0, -0.0, 0.0, 0.0, -0.0, 0.037136, 0.99931, 0.37472, -0.0, -0.99931, 0.037136, -0.0, 0.0, 0.0, 0.0, 1.0],
                [1.0, -0.0, 0.0, 0.0, -0.0, 0.037332, 0.999303, 0.37472, -0.0, -0.999303, 0.037332, 0.0, 0.0, 0.0, 0.0, 1.0],
                [1.0, -0.0, 0.0, -0.0, -0.0, 0.037528, 0.999296, 0.37472, -0.0, -0.999296, 0.037528, -0.0, 0.0, 0.0, 0.0, 1.0],
                [1.0, -0.0, 0.0, -0.0, -0.0, 0.037723, 0.999288, 0.37472, -0.0, -0.999288, 0.037723, -0.0, 0.0, 0.0, 0.0, 1.0],
                [1.0, -0.0, 0.0, 0.0, -0.0, 0.037919, 0.999281, 0.37472, -0.0, -0.999281, 0.037919, 0.0, 0.0, 0.0, 0.0, 1.0],
                [1.0, -0.0, -0.0, -0.0, -0.0, 0.038114, 0.999273, 0.37472, -0.0, -0.999274, 0.038114, -0.0, 0.0, 0.0, 0.0, 1.0],
                [1.0, -0.0, -0.0, -0.0, 0.0, 0.038309, 0.999266, 0.37472, -0.0, -0.999266, 0.038309, 0.0, 0.0, 0.0, 0.0, 1.0],
                [1.0, -0.0, -0.0, 0.0, -0.0, 0.038505, 0.999258, 0.37472, -0.0, -0.999259, 0.038504, -0.0, 0.0, 0.0, 0.0, 1.0],
                [1.0, -0.0, 0.0, 0.0, 0.0, 0.0387, 0.999251, 0.37472, -0.0, -0.999251, 0.0387, 0.0, 0.0, 0.0, 0.0, 1.0],
                [1.0, -0.0, 0.0, 0.0, 0.0, 0.081544, 0.99667, 0.37472, -0.0, -0.99667, 0.081544, 0.0, 0.0, 0.0, 0.0, 1.0],
                [1.0, -0.0, 0.0, -0.0, -0.0, 0.190993, 0.981592, 0.37472, -0.0, -0.981592, 0.190993, 0.0, 0.0, 0.0, 0.0, 1.0],
                [1.0, -0.0, 0.0, 0.0, -0.0, 0.321158, 0.947025, 0.37472, -0.0, -0.947026, 0.321158, 0.0, 0.0, 0.0, 0.0, 1.0],
                [1.0, -0.0, 0.0, 0.0, -0.0, 0.466402, 0.884573, 0.37472, -0.0, -0.884572, 0.466403, 0.0, 0.0, 0.0, 0.0, 1.0],
                [1.0, -0.0, 0.0, 0.0, -0.0, 0.609704, 0.792629, 0.37472, -0.0, -0.792629, 0.609704, 0.0, 0.0, 0.0, 0.0, 1.0],
                [1.0, 0.0, 0.0, -0.0, -0.0, 0.712518, 0.701654, 0.37472, -0.0, -0.701654, 0.712518, 0.0, 0.0, 0.0, 0.0, 1.0],
                [1.0, 0.0, 0.0, -0.0, -0.0, 0.760331, 0.649536, 0.37472, -0.0, -0.649536, 0.76033, -0.0, 0.0, 0.0, 0.0, 1.0],
                [1.0, 0.0, 0.0, 0.0, -0.0, 0.733459, 0.679734, 0.37472, -0.0, -0.679734, 0.733459, 0.0, 0.0, 0.0, 0.0, 1.0],
                [1.0, -0.0, 0.0, 0.0, -0.0, 0.652621, 0.757684, 0.37472, -0.0, -0.757684, 0.652621, -0.0, 0.0, 0.0, 0.0, 1.0],
                [1.0, -0.0, 0.0, -0.0, -0.0, 0.626062, 0.779773, 0.37472, -0.0, -0.779773, 0.626062, -0.0, 0.0, 0.0, 0.0, 1.0],
                [1.0, -0.0, 0.0, 0.0, -0.0, 0.598689, 0.800982, 0.37472, -0.0, -0.800981, 0.598689, 0.0, 0.0, 0.0, 0.0, 1.0],
                [1.0, -0.0, 0.0, 0.0, -0.0, 0.570547, 0.821265, 0.37472, -0.0, -0.821265, 0.570547, 0.0, 0.0, 0.0, 0.0, 1.0],
                [1.0, -0.0, 0.0, -0.0, -0.0, 0.541684, 0.840582, 0.37472, -0.0, -0.840582, 0.541684, 0.0, 0.0, 0.0, 0.0, 1.0],
                [1.0, -0.0, 0.0, -0.0, -0.0, 0.512148, 0.858898, 0.37472, -0.0, -0.858898, 0.512148, -0.0, 0.0, 0.0, 0.0, 1.0],
                [1.0, -0.0, 0.0, -0.0, -0.0, 0.481994, 0.876174, 0.37472, -0.0, -0.876175, 0.481994, -0.0, 0.0, 0.0, 0.0, 1.0],
                [1.0, -0.0, 0.0, 0.0, 0.0, 0.451277, 0.892384, 0.37472, -0.0, -0.892384, 0.451277, -0.0, 0.0, 0.0, 0.0, 1.0],
                [1.0, -0.0, 0.0, 0.0, 0.0, 0.420053, 0.907499, 0.37472, -0.0, -0.907499, 0.420053, 0.0, 0.0, 0.0, 0.0, 1.0],
                [1.0, -0.0, 0.0, -0.0, 0.0, 0.388382, 0.921498, 0.37472, -0.0, -0.921498, 0.388382, 0.0, 0.0, 0.0, 0.0, 1.0],
                [1.0, -0.0, 0.0, -0.0, 0.0, 0.356322, 0.934363, 0.37472, -0.0, -0.934363, 0.356322, -0.0, 0.0, 0.0, 0.0, 1.0],
                [1.0, -0.0, 0.0, -0.0, 0.0, 0.386456, 0.922307, 0.37472, -0.0, -0.922308, 0.386456, -0.0, 0.0, 0.0, 0.0, 1.0],
                [1.0, -0.0, 0.0, -0.0, 0.0, 0.531895, 0.84681, 0.37472, -0.0, -0.84681, 0.531895, 0.0, 0.0, 0.0, 0.0, 1.0],
                [1.0, -0.0, 0.0, 0.0, 0.0, 0.664057, 0.747681, 0.37472, -0.0, -0.747682, 0.664057, -0.0, 0.0, 0.0, 0.0, 1.0],
                [1.0, -0.0, 0.0, 0.0, -0.0, 0.777531, 0.628845, 0.37472, -0.0, -0.628845, 0.77753, -0.0, 0.0, 0.0, 0.0, 1.0],
                [1.0, -0.0, 0.0, 0.0, -0.0, 0.829183, 0.558977, 0.37472, -0.0, -0.558977, 0.829183, 0.0, 0.0, 0.0, 0.0, 1.0],
                [1.0, -0.0, 0.0, -0.0, 0.0, 0.849007, 0.528382, 0.37472, -0.0, -0.528382, 0.849006, -0.0, 0.0, 0.0, 0.0, 1.0],
                [1.0, -0.0, 0.0, 0.0, 0.0, 0.867706, 0.497078, 0.37472, -0.0, -0.497079, 0.867705, 0.0, 0.0, 0.0, 0.0, 1.0],
                [1.0, -0.0, 0.0, -0.0, -0.0, 0.885243, 0.465129, 0.37472, -0.0, -0.465129, 0.885243, -0.0, 0.0, 0.0, 0.0, 1.0],
                [1.0, -0.0, 0.0, 0.0, 0.0, 0.932201, 0.361941, 0.37472, 0.0, -0.361941, 0.932201, -0.0, 0.0, 0.0, 0.0, 1.0]
            ]
        },
        {
            "name": "Knee_R",
            "time": [0.0, 0.0333, 0.0667, 0.1, 0.1333, 0.1667, 0.2, 0.2333, 0.2667, 0.3, 0.3333, 0.3667, 0.4, 0.4333, 0.4667, 0.5, 0.5333, 0.5667, 0.6, 0.6333, 0.6667, 0.7, 0.7333, 0.7667, 0.8, 0.8333, 0.8667, 0.9, 0.9333, 0.9667, 1.0, 1.0333, 1.0667, 1.1, 1.1333, 1.1667, 1.2, 1.2333, 1.2667, 1.3, 1.3333, 1.3667, 1.4, 1.4333, 1.4667, 1.5, 1.5333, 1.5667, 1.6, 1.6333, 1.6667, 1.7, 1.7333, 1.7667, 1.8, 1.8333, 2.0, 2.1667, 2.3333, 2.5, 2.6667, 2.8333, 3.0, 3.3333],
            "transform": [
                [1.0, 0.0, -0.0, 0.0, -1e-06, 0.0, -1.0, 0.37472, -0.0, 1.0, 0.0, 0.0, 0.0, 0.0, 0.0, 1.0],
                [1.0, 0.0, -1e-06, 0.0, -0.0, 0.0, -1.0, 0.37472, -0.0, 1.0, 0.0, 0.0, 0.0, 0.0, 0.0, 1.0],
                [1.0, 0.0, -0.0, 0.0, -0.0, 0.0, -1.0, 0.37472, -0.0, 1.0, 0.0, -0.0, 0.0, 0.0, 0.0, 1.0],
                [1.0, 0.0, -0.0, 0.0, -1e-06, 0.0, -1.0, 0.37472, -0.0, 1.0, 0.0, -0.0, 0.0, 0.0, 0.0, 1.0],
                [1.0, 0.0, -1e-06, 0.0, -0.0, 0.0, -1.0, 0.37472, -0.0, 1.0, 0.0, -0.0, 0.0, 0.0, 0.0, 1.0],
                [1.0, 0.0, -0.0, 0.0, -1e-06, 0.0, -1.0, 0.37472, -0.0, 1.0, 0.0, -0.0, 0.0, 0.0, 0.0, 1.0],
                [1.0, 0.0, -0.0, 0.0, -0.0, 0.0, -1.0, 0.37472, -0.0, 1.0, 0.0, -0.0, 0.0, 0.0, 0.0, 1.0],
                [1.0, 0.0, -1e-06, 0.0, -0.0, 0.0, -1.0, 0.37472, -0.0, 1.0, 0.0, -0.0, 0.0, 0.0, 0.0, 1.0],
                [1.0, 0.0, -1e-06, 0.0, -1e-06, 0.0, -1.0, 0.37472, -0.0, 1.0, 0.0, 0.0, 0.0, 0.0, 0.0, 1.0],
                [1.0, 0.0, -1e-06, 0.0, -0.0, 0.0, -1.0, 0.37472, -0.0, 1.0, 0.0, -0.0, 0.0, 0.0, 0.0, 1.0],
                [1.0, 0.0, -1e-06, 0.0, -1e-06, 0.0, -1.0, 0.37472, -0.0, 1.0, 0.0, 0.0, 0.0, 0.0, 0.0, 1.0],
                [1.0, 0.0, -0.0, 0.0, -0.0, 0.0, -1.0, 0.37472, -0.0, 1.0, 0.0, 0.0, 0.0, 0.0, 0.0, 1.0],
                [1.0, 0.0, -1e-06, 0.0, -1e-06, 0.0, -1.0, 0.37472, -0.0, 1.0, 0.0, 0.0, 0.0, 0.0, 0.0, 1.0],
                [1.0, 0.0, -0.0, -0.0, -1e-06, 0.0, -1.0, 0.37472, -0.0, 1.0, 0.0, -0.0, 0.0, 0.0, 0.0, 1.0],
                [1.0, 0.0, -0.0, -0.0, -1e-06, 0.0, -1.0, 0.37472, -0.0, 1.0, 0.0, 0.0, 0.0, 0.0, 0.0, 1.0],
                [1.0, 0.0, -1e-06, -0.0, -1e-06, 0.0, -1.0, 0.37472, -0.0, 1.0, 0.0, -0.0, 0.0, 0.0, 0.0, 1.0],
                [1.0, 0.0, -0.0, 0.0, -0.0, 0.0, -1.0, 0.37472, -0.0, 1.0, 0.0, -0.0, 0.0, 0.0, 0.0, 1.0],
                [1.0, 0.0, -0.0, 0.0, -0.0, 0.0, -1.0, 0.37472, -0.0, 1.0, 0.0, 0.0, 0.0, 0.0, 0.0, 1.0],
                [1.0, 0.0, -0.0, -0.0, -0.0, 0.0, -1.0, 0.37472, -0.0, 1.0, 0.0, -0.0, 0.0, 0.0, 0.0, 1.0],
                [1.0, 0.0, -0.0, 0.0, -0.0, 0.0, -1.0, 0.37472, -0.0, 1.0, 0.0, 0.0, 0.0, 0.0, 0.0, 1.0],
                [1.0, 0.0, -0.0, -0.0, -1e-06, 0.0, -1.0, 0.37472, -0.0, 1.0, 0.0, -0.0, 0.0, 0.0, 0.0, 1.0],
                [1.0, 0.0, -0.0, 0.0, -0.0, 0.0, -1.0, 0.37472, -0.0, 1.0, 0.0, -0.0, 0.0, 0.0, 0.0, 1.0],
                [1.0, 0.0, -1e-06, 0.0, -0.0, 0.0, -1.0, 0.37472, -0.0, 1.0, 0.0, -0.0, 0.0, 0.0, 0.0, 1.0],
                [1.0, 0.0, -0.0, -0.0, -1e-06, 0.0, -1.0, 0.37472, -0.0, 1.0, 0.0, -0.0, 0.0, 0.0, 0.0, 1.0],
                [1.0, 0.0, -0.0, -0.0, -1e-06, 0.0, -1.0, 0.37472, -0.0, 1.0, 0.0, 0.0, 0.0, 0.0, 0.0, 1.0],
                [1.0, 0.0, -0.0, -0.0, -0.0, 0.0, -1.0, 0.37472, -0.0, 1.0, 0.0, -0.0, 0.0, 0.0, 0.0, 1.0],
                [1.0, 0.0, -1e-06, 0.0, -1e-06, 0.0, -1.0, 0.37472, -0.0, 1.0, 0.0, 0.0, 0.0, 0.0, 0.0, 1.0],
                [1.0, 0.0, -1e-06, -0.0, -1e-06, 0.0, -1.0, 0.37472, -0.0, 1.0, 0.0, -0.0, 0.0, 0.0, 0.0, 1.0],
                [1.0, 0.0, -1e-06, 0.0, -1e-06, 0.0, -1.0, 0.37472, -0.0, 1.0, 0.0, 0.0, 0.0, 0.0, 0.0, 1.0],
                [1.0, 0.0, -0.0, -0.0, -1e-06, 0.0, -1.0, 0.37472, -0.0, 1.0, 0.0, -0.0, 0.0, 0.0, 0.0, 1.0],
                [1.0, 0.0, -1e-06, -0.0, -0.0, 0.0, -1.0, 0.37472, -0.0, 1.0, 0.0, -0.0, 0.0, 0.0, 0.0, 1.0],
                [1.0, 0.0, -0.0, 0.0, -1e-06, 0.0, -1.0, 0.37472, -0.0, 1.0, 0.0, 0.0, 0.0, 0.0, 0.0, 1.0],
                [1.0, 0.0, -0.0, -1e-06, -0.0, 0.0, -1.0, 0.37472, -0.0, 1.0, 0.0, -0.0, 0.0, 0.0, 0.0, 1.0],
                [1.0, 0.0, -0.0, -0.0, -0.0, 0.0, -1.0, 0.37472, -0.0, 1.0, 0.0, 0.0, 0.0, 0.0, 0.0, 1.0],
                [1.0, 0.0, -0.0, 0.0, -1e-06, 0.0, -1.0, 0.37472, -0.0, 1.0, 0.0, -0.0, 0.0, 0.0, 0.0, 1.0],
                [1.0, 0.0, -0.0, -0.0, -0.0, 0.0, -1.0, 0.37472, -0.0, 1.0, 0.0, 0.0, 0.0, 0.0, 0.0, 1.0],
                [1.0, 0.0, -1e-06, 0.0, -0.0, 0.0, -1.0, 0.37472, -0.0, 1.0, 0.0, 0.0, 0.0, 0.0, 0.0, 1.0],
                [1.0, 0.0, -0.0, -0.0, -0.0, 0.0, -1.0, 0.37472, -0.0, 1.0, 0.0, 0.0, 0.0, 0.0, 0.0, 1.0],
                [1.0, 0.0, -1e-06, 0.0, -1e-06, 0.0, -1.0, 0.37472, -0.0, 1.0, 0.0, 0.0, 0.0, 0.0, 0.0, 1.0],
                [1.0, 0.0, -1e-06, -0.0, -0.0, 0.0, -1.0, 0.37472, -0.0, 1.0, 0.0, 0.0, 0.0, 0.0, 0.0, 1.0],
                [1.0, 0.0, -1e-06, 0.0, -1e-06, 0.0, -1.0, 0.37472, -0.0, 1.0, 0.0, 0.0, 0.0, 0.0, 0.0, 1.0],
                [1.0, 0.0, -0.0, -0.0, -0.0, 0.0, -1.0, 0.37472, -0.0, 1.0, 0.0, 0.0, 0.0, 0.0, 0.0, 1.0],
                [1.0, 0.0, -0.0, -0.0, -0.0, 0.0, -1.0, 0.37472, -0.0, 1.0, 0.0, -0.0, 0.0, 0.0, 0.0, 1.0],
                [1.0, 0.0, -1e-06, 0.0, -0.0, 0.0, -1.0, 0.37472, -0.0, 1.0, 0.0, 0.0, 0.0, 0.0, 0.0, 1.0],
                [1.0, 0.0, -0.0, 0.0, -0.0, 0.0, -1.0, 0.37472, -0.0, 1.0, 0.0, -0.0, 0.0, 0.0, 0.0, 1.0],
                [1.0, 0.0, -0.0, -0.0, -0.0, 0.0, -1.0, 0.37472, -0.0, 1.0, 0.0, -0.0, 0.0, 0.0, 0.0, 1.0],
                [1.0, 0.0, -0.0, 0.0, -0.0, 0.0, -1.0, 0.37472, -0.0, 1.0, 0.0, 0.0, 0.0, 0.0, 0.0, 1.0],
                [1.0, 0.0, -0.0, 0.0, -0.0, 0.0, -1.0, 0.37472, -0.0, 1.0, 0.0, 0.0, 0.0, 0.0, 0.0, 1.0],
                [1.0, 0.0, -0.0, -0.0, -0.0, 0.0, -1.0, 0.37472, -0.0, 1.0, 0.0, 0.0, 0.0, 0.0, 0.0, 1.0],
                [1.0, 0.0, -0.0, -0.0, -0.0, 0.0, -1.0, 0.37472, -0.0, 1.0, 0.0, -0.0, 0.0, 0.0, 0.0, 1.0],
                [1.0, 0.0, -0.0, -0.0, -0.0, 0.0, -1.0, 0.37472, -0.0, 1.0, 0.0, -0.0, 0.0, 0.0, 0.0, 1.0],
                [1.0, 0.0, -0.0, 0.0, -0.0, 0.0, -1.0, 0.37472, -0.0, 1.0, 0.0, -0.0, 0.0, 0.0, 0.0, 1.0],
                [1.0, 0.0, -0.0, 0.0, -0.0, 0.0, -1.0, 0.37472, -0.0, 1.0, 0.0, 0.0, 0.0, 0.0, 0.0, 1.0],
                [1.0, 0.0, -0.0, -0.0, -0.0, 0.0, -1.0, 0.37472, -0.0, 1.0, 0.0, 0.0, 0.0, 0.0, 0.0, 1.0],
                [1.0, 0.0, -0.0, -0.0, -0.0, 0.0, -1.0, 0.37472, -0.0, 1.0, 0.0, -0.0, 0.0, 0.0, 0.0, 1.0],
                [1.0, 0.0, -0.0, -0.0, -0.0, 0.0, -1.0, 0.37472, -0.0, 1.0, 0.0, -0.0, 0.0, 0.0, 0.0, 1.0],
                [1.0, 0.0, -0.0, -0.0, -0.0, 0.0, -1.0, 0.37472, -0.0, 1.0, 0.0, 0.0, 0.0, 0.0, 0.0, 1.0],
                [1.0, 0.0, -0.0, -0.0, -0.0, 0.0, -1.0, 0.37472, -0.0, 1.0, 0.0, -0.0, 0.0, 0.0, 0.0, 1.0],
                [1.0, 0.0, -0.0, 0.0, -0.0, 0.0, -1.0, 0.37472, -0.0, 1.0, 0.0, 0.0, 0.0, 0.0, 0.0, 1.0],
                [1.0, 0.0, -0.0, 0.0, -0.0, 0.0, -1.0, 0.37472, -0.0, 1.0, 0.0, 0.0, 0.0, 0.0, 0.0, 1.0],
                [1.0, 0.0, -0.0, -0.0, -0.0, 0.0, -1.0, 0.37472, -0.0, 1.0, 0.0, -0.0, 0.0, 0.0, 0.0, 1.0],
                [1.0, 0.0, -0.0, 0.0, -0.0, 0.0, -1.0, 0.37472, -0.0, 1.0, 0.0, 0.0, 0.0, 0.0, 0.0, 1.0],
                [1.0, 0.0, -0.0, -0.0, -0.0, 0.0, -1.0, 0.37472, -0.0, 1.0, 0.0, -0.0, 0.0, 0.0, 0.0, 1.0],
                [1.0, 0.0, -0.0, 0.0, -0.0, 0.0, -1.0, 0.37472, -0.0, 1.0, 0.0, -0.0, 0.0, 0.0, 0.0, 1.0]
            ]
        },
        {
            "name": "Thigh_L",
            "time": [0.0, 0.0333, 0.0667, 0.1, 0.1333, 0.1667, 0.2, 0.2333, 0.2667, 0.3, 0.3333, 0.3667, 0.4, 0.4333, 0.4667, 0.5, 0.5333, 0.5667, 0.6, 0.6333, 0.6667, 0.7, 0.7333, 0.7667, 0.8, 0.8333, 0.8667, 0.9, 0.9333, 0.9667, 1.0, 1.0333, 1.0667, 1.1, 1.1333, 1.1667, 1.2, 1.2333, 1.2667, 1.3, 1.3333, 1.3667, 1.4, 1.4333, 1.4667, 1.5, 1.5333, 1.5667, 1.6, 1.6333, 1.6667, 1.7, 1.7333, 1.7667, 1.8, 1.8333, 2.0, 2.1667, 2.3333, 2.5, 2.6667, 2.8333, 3.0, 3.3333],
            "transform": [
                [0.299377, 0.028709, 0.953703, -0.125006, -0.767552, -0.586508, 0.258598, -0.002831, 0.566779, -0.809434, -0.153551, -1.2e-05, 0.0, 0.0, 0.0, 1.0],
                [0.387763, 0.038266, 0.920964, -0.125006, -0.746476, -0.57311, 0.338109, -0.002831, 0.540752, -0.818584, -0.193666, -1.2e-05, 0.0, 0.0, 0.0, 1.0],
                [0.459327, 0.041073, 0.887317, -0.125006, -0.727891, -0.555132, 0.402496, -0.002831, 0.50911, -0.830748, -0.22509, -1.2e-05, 0.0, 0.0, 0.0, 1.0],
                [0.528762, 0.042157, 0.847723, -0.125006, -0.703729, -0.536611, 0.465632, -0.002831, 0.474527, -0.842776, -0.254072, -1.2e-05, 0.0, 0.0, 0.0, 1.0],
                [0.595295, 0.041463, 0.802436, -0.125006, -0.674096, -0.517725, 0.526836, -0.002831, 0.437285, -0.854542, -0.280249, -1.2e-05, 0.0, 0.0, 0.0, 1.0],
                [0.658194, 0.03897, 0.751839, -0.125006, -0.639212, -0.498662, 0.585443, -0.002831, 0.397728, -0.86592, -0.303307, -1.2e-05, 0.0, 0.0, 0.0, 1.0],
                [0.716791, 0.034695, 0.696424, -0.125006, -0.599411, -0.47962, 0.640835, -0.002831, 0.356253, -0.87679, -0.322991, -1.2e-05, 0.0, 0.0, 0.0, 1.0],
                [0.770506, 0.028691, 0.636786, -0.125006, -0.555127, -0.460794, 0.692461, -0.002831, 0.313295, -0.887043, -0.339117, -1.2e-05, 0.0, 0.0, 0.0, 1.0],
                [0.818867, 0.021046, 0.573597, -0.125006, -0.50688, -0.442371, 0.739851, -0.002831, 0.269314, -0.896585, -0.351576, -1.2e-05, 0.0, 0.0, 0.0, 1.0],
                [0.861521, 0.011877, 0.507582, -0.125006, -0.455254, -0.424528, 0.782637, -0.002831, 0.224778, -0.905337, -0.360333, -1.2e-05, 0.0, 0.0, 0.0, 1.0],
                [0.898245, 0.001328, 0.439494, -0.125006, -0.400878, -0.407421, 0.820552, -0.002831, 0.180149, -0.91324, -0.365431, -1.2e-05, 0.0, 0.0, 0.0, 1.0],
                [0.941568, -0.097503, 0.322402, -0.125006, -0.330367, -0.453864, 0.827566, -0.002831, 0.065637, -0.88572, -0.459556, -1.2e-05, 0.0, 0.0, 0.0, 1.0],
                [0.881101, -0.461167, 0.104813, -0.125006, -0.344343, -0.473667, 0.810597, -0.002831, -0.324174, -0.75031, -0.576147, -1.2e-05, 0.0, 0.0, 0.0, 1.0],
                [0.596232, -0.778451, -0.196269, -0.125006, -0.372628, -0.484892, 0.791219, -0.002831, -0.711095, -0.398615, -0.57918, -1.2e-05, 0.0, 0.0, 0.0, 1.0],
                [0.116399, -0.872303, -0.474909, -0.125006, -0.408418, -0.477899, 0.777693, -0.002831, -0.905343, 0.103439, -0.411891, -1.2e-05, 0.0, 0.0, 0.0, 1.0],
                [-0.357405, -0.70341, -0.61439, -0.125006, -0.436721, -0.455619, 0.775684, -0.002831, -0.825552, 0.545551, -0.144354, -1.2e-05, 0.0, 0.0, 0.0, 1.0],
                [-0.672011, -0.413109, -0.614607, -0.125006, -0.450722, -0.430351, 0.782079, -0.002831, -0.587581, 0.802583, 0.103003, -1.2e-05, 0.0, 0.0, 0.0, 1.0],
                [-0.674122, -0.419954, -0.607616, -0.125006, -0.445982, -0.424324, 0.788067, -0.002831, -0.588778, 0.802239, 0.098754, -1.2e-05, 0.0, 0.0, 0.0, 1.0],
                [-0.676185, -0.426742, -0.600554, -0.125006, -0.441225, -0.418232, 0.793978, -0.002831, -0.589996, 0.801856, 0.094513, -1.2e-05, 0.0, 0.0, 0.0, 1.0],
                [-0.678198, -0.433472, -0.593421, -0.125006, -0.436452, -0.412079, 0.799812, -0.002831, -0.591233, 0.801432, 0.090282, -1.2e-05, 0.0, 0.0, 0.0, 1.0],
                [-0.680163, -0.440142, -0.586219, -0.125006, -0.431664, -0.405864, 0.805568, -0.002831, -0.59249, 0.800967, 0.08606, -1.2e-05, 0.0, 0.0, 0.0, 1.0],
                [-0.682078, -0.446752, -0.578949, -0.125006, -0.426861, -0.399589, 0.811245, -0.002831, -0.593767, 0.800463, 0.08185, -1.2e-05, 0.0, 0.0, 0.0, 1.0],
                [-0.683943, -0.4533, -0.571612, -0.125006, -0.422045, -0.393254, 0.816841, -0.002831, -0.595063, 0.799919, 0.077651, -1.2e-05, 0.0, 0.0, 0.0, 1.0],
                [-0.674306, -0.458331, -0.579003, -0.125006, -0.429351, -0.394593, 0.812375, -0.002831, -0.600808, 0.796385, 0.069292, -1.2e-05, 0.0, 0.0, 0.0, 1.0],
                [-0.664545, -0.463316, -0.586274, -0.125006, -0.436598, -0.395985, 0.807823, -0.002831, -0.606433, 0.792801, 0.060867, -1.2e-05, 0.0, 0.0, 0.0, 1.0],
                [-0.654665, -0.468255, -0.593423, -0.125006, -0.443785, -0.397428, 0.803184, -0.002831, -0.611938, 0.78917, 0.052377, -1.2e-05, 0.0, 0.0, 0.0, 1.0],
