{
    "animation": [
        {
            "name": "Root",
            "time": [0.0, 1.0, 2.0, 3.0, 4.0, 4.7667],
            "transform": [
                [1.0, -0.0, 0.0, -2.2e-05, 0.0, -0.0, -1.0, 4.1e-05, 0.0, 1.0, -0.0, 2.527435, 0.0, 0.0, 0.0, 1.0],
                [1.0, -0.0, 0.0, -2.2e-05, 0.0, -0.0, -1.0, 4.1e-05, 0.0, 1.0, -0.0, 2.527435, 0.0, 0.0, 0.0, 1.0],
                [1.0, -0.0, 0.0, -2.2e-05, 0.0, -0.0, -1.0, 4.1e-05, 0.0, 1.0, -0.0, 2.527435, 0.0, 0.0, 0.0, 1.0],
                [1.0, -0.0, 0.0, -2.2e-05, 0.0, -0.0, -1.0, 4.1e-05, 0.0, 1.0, -0.0, 2.527435, 0.0, 0.0, 0.0, 1.0],
                [1.0, -0.0, 0.0, -2.2e-05, 0.0, -0.0, -1.0, 4.1e-05, 0.0, 1.0, -0.0, 2.527435, 0.0, 0.0, 0.0, 1.0],
                [1.0, -0.0, 0.0, -2.2e-05, 0.0, -0.0, -1.0, 4.1e-05, 0.0, 1.0, -0.0, 2.527435, 0.0, 0.0, 0.0, 1.0]
            ]
        },
        {
            "name": "Thigh_R",
            "time": [0.0, 1.0, 2.0, 3.0, 4.0, 4.7667],
            "transform": [
                [0.551544, 0.819961, 0.153184, 0.124994, 0.271187, -0.34993, 0.896664, -0.002831, 0.788829, -0.453011, -0.415365, -1.2e-05, 0.0, 0.0, 0.0, 1.0],
                [0.487853, 0.867069, 0.100972, 0.124994, 0.287014, -0.268569, 0.919507, -0.002831, 0.824389, -0.419607, -0.379883, -1.2e-05, 0.0, 0.0, 0.0, 1.0],
                [0.543832, 0.838861, 0.023704, 0.124994, 0.300557, -0.22107, 0.927789, -0.002831, 0.783522, -0.49744, -0.37235, -1.2e-05, 0.0, 0.0, 0.0, 1.0],
                [0.586623, 0.805522, 0.083729, 0.124994, 0.275539, -0.295739, 0.914667, -0.002831, 0.761542, -0.513498, -0.395439, -1.2e-05, 0.0, 0.0, 0.0, 1.0],
                [0.578816, 0.804719, 0.131919, 0.124994, 0.267158, -0.339979, 0.901688, -0.002831, 0.77045, -0.486671, -0.411772, -1.2e-05, 0.0, 0.0, 0.0, 1.0],
                [0.551828, 0.819788, 0.15309, 0.124994, 0.271229, -0.350014, 0.896618, -0.002831, 0.788616, -0.45326, -0.415498, -1.2e-05, 0.0, 0.0, 0.0, 1.0]
            ]
        },
        {
            "name": "Leg_R",
            "time": [0.0, 1.0, 2.0, 3.0, 4.0, 4.7667],
            "transform": [
                [0.999998, -0.0, 0.0, 0.0, 0.0, -0.319402, 0.947622, 0.37472, 0.0, -0.947619, -0.319403, 0.0, 0.0, 0.0, 0.0, 1.0],
                [0.999998, 0.0, -0.0, 0.0, 0.0, -0.419798, 0.90762, 0.37472, 0.0, -0.907618, -0.419799, -0.0, 0.0, 0.0, 0.0, 1.0],
                [0.999998, 0.0, -0.0, 0.0, 0.0, -0.50264, 0.864498, 0.37472, 0.0, -0.864495, -0.502641, 0.0, 0.0, 0.0, 0.0, 1.0],
                [0.999998, 0.0, -0.0, 0.0, 0.0, -0.434751, 0.900553, 0.37472, -0.0, -0.90055, -0.434752, 0.0, 0.0, 0.0, 0.0, 1.0],
                [0.999998, 0.0, -0.0, -0.0, 0.0, -0.362884, 0.931836, 0.37472, 0.0, -0.931834, -0.362885, -0.0, 0.0, 0.0, 0.0, 1.0],
                [0.999998, 0.0, -0.0, -0.0, 0.0, -0.319402, 0.947622, 0.37472, -0.0, -0.947619, -0.319403, 0.0, 0.0, 0.0, 0.0, 1.0]
            ]
        },
        {
            "name": "Knee_R",
            "time": [0.0, 1.0, 2.0, 3.0, 4.0, 4.7667],
            "transform": [
                [1.0, 0.0, -0.0, 0.0, -0.0, 1e-06, -1.0, 0.37472, -0.0, 1.0, 1e-06, 0.0, 0.0, 0.0, 0.0, 1.0],
                [1.0, 0.0, -0.0, 0.0, -0.0, 1e-06, -1.0, 0.37472, -0.0, 1.0, 1e-06, -0.0, 0.0, 0.0, 0.0, 1.0],
                [1.0, 0.0, -0.0, 0.0, -0.0, 1e-06, -1.0, 0.37472, -0.0, 1.0, 1e-06, 0.0, 0.0, 0.0, 0.0, 1.0],
                [1.0, 0.0, -0.0, 0.0, -0.0, 1e-06, -1.0, 0.37472, -0.0, 1.0, 1e-06, 0.0, 0.0, 0.0, 0.0, 1.0],
                [1.0, 0.0, -0.0, -0.0, -0.0, 1e-06, -1.0, 0.37472, -0.0, 1.0, 1e-06, -0.0, 0.0, 0.0, 0.0, 1.0],
                [1.0, 0.0, -0.0, -0.0, -0.0, 1e-06, -1.0, 0.37472, -0.0, 1.0, 1e-06, 0.0, 0.0, 0.0, 0.0, 1.0]
            ]
        },
        {
            "name": "Thigh_L",
            "time": [0.0, 1.0, 2.0, 3.0, 4.0, 4.7667],
            "transform": [
                [0.93786, -0.006872, -0.346947, -0.125006, 0.194212, -0.818164, 0.541194, -0.002831, -0.287579, -0.574946, -0.765988, -1.2e-05, 0.0, 0.0, 0.0, 1.0],
                [0.921928, -0.029618, -0.386228, -0.125006, 0.166054, -0.870596, 0.463133, -0.002831, -0.349965, -0.49111, -0.797707, -1.2e-05, 0.0, 0.0, 0.0, 1.0],
                [0.900958, -0.050297, -0.430982, -0.125006, 0.147562, -0.898543, 0.413337, -0.002831, -0.408045, -0.435996, -0.802127, -1.2e-05, 0.0, 0.0, 0.0, 1.0],
                [0.911672, -0.041297, -0.408839, -0.125006, 0.194347, -0.833293, 0.517546, -0.002831, -0.362055, -0.551289, -0.751663, -1.2e-05, 0.0, 0.0, 0.0, 1.0],
                [0.927255, -0.036488, -0.37265, -0.125006, 0.190716, -0.810441, 0.553908, -0.002831, -0.322221, -0.584685, -0.744525, -1.2e-05, 0.0, 0.0, 0.0, 1.0],
                [0.93786, -0.006872, -0.346947, -0.125006, 0.194212, -0.818164, 0.541194, -0.002831, -0.287579, -0.574946, -0.765988, -1.2e-05, 0.0, 0.0, 0.0, 1.0]
            ]
        },
        {
            "name": "Leg_L",
            "time": [0.0, 1.0, 2.0, 3.0, 4.0, 4.7667],
            "transform": [
                [0.999999, -0.0, 0.0, 0.0, -0.0, -0.769729, 0.638372, 0.37472, -0.0, -0.638373, -0.769728, 0.0, 0.0, 0.0, 0.0, 1.0],
                [0.999999, -0.0, 0.0, -0.0, -0.0, -0.780079, 0.625683, 0.374721, -0.0, -0.625683, -0.780078, 0.0, 0.0, 0.0, 0.0, 1.0],
                [0.999998, -0.0, 0.0, 0.0, -0.0, -0.82738, 0.561644, 0.37472, -0.0, -0.561645, -0.827379, -0.0, 0.0, 0.0, 0.0, 1.0],
                [0.999999, -0.0, 0.0, 0.0, -0.0, -0.82178, 0.569806, 0.37472, -0.0, -0.569806, -0.82178, 0.0, 0.0, 0.0, 0.0, 1.0],
                [0.999999, -0.0, 0.0, 0.0, -0.0, -0.793178, 0.608992, 0.37472, -0.0, -0.608992, -0.793177, 0.0, 0.0, 0.0, 0.0, 1.0],
                [0.999999, -0.0, 0.0, 0.0, -0.0, -0.769729, 0.638372, 0.37472, -0.0, -0.638373, -0.769728, 0.0, 0.0, 0.0, 0.0, 1.0]
            ]
        },
        {
            "name": "Knee_L",
            "time": [0.0, 1.0, 2.0, 3.0, 4.0, 4.7667],
            "transform": [
                [1.0, 0.0, -0.0, 0.0, -0.0, 1e-06, -1.0, 0.37472, -0.0, 1.0, 1e-06, 0.0, 0.0, 0.0, 0.0, 1.0],
                [1.0, 0.0, -0.0, -0.0, -0.0, 1e-06, -1.0, 0.374721, -0.0, 1.0, 1e-06, 0.0, 0.0, 0.0, 0.0, 1.0],
                [1.0, 0.0, -0.0, 0.0, -0.0, 1e-06, -1.0, 0.37472, -0.0, 1.0, 1e-06, -0.0, 0.0, 0.0, 0.0, 1.0],
                [1.0, 0.0, -0.0, 0.0, -0.0, 1e-06, -1.0, 0.37472, -0.0, 1.0, 1e-06, 0.0, 0.0, 0.0, 0.0, 1.0],
                [1.0, 0.0, -0.0, 0.0, -0.0, 1e-06, -1.0, 0.37472, -0.0, 1.0, 1e-06, 0.0, 0.0, 0.0, 0.0, 1.0],
                [1.0, 0.0, -0.0, 0.0, -0.0, 1e-06, -1.0, 0.37472, -0.0, 1.0, 1e-06, 0.0, 0.0, 0.0, 0.0, 1.0]
            ]
        },
        {
            "name": "Torso",
            "time": [0.0, 1.0, 2.0, 3.0, 4.0, 4.7667],
            "transform": [
                [0.730723, -0.41121, -0.544933, -0.0, 0.350469, 0.910975, -0.217472, 0.05, 0.585848, -0.03207, 0.809786, -0.0, 0.0, 0.0, 0.0, 1.0],
                [0.743479, -0.36292, -0.56172, -0.0, 0.293158, 0.931803, -0.214011, 0.05, 0.601082, -0.00556, 0.799168, -0.0, 0.0, 0.0, 0.0, 1.0],
                [0.723082, -0.403332, -0.560782, -0.0, 0.342574, 0.914344, -0.215906, 0.05, 0.599831, -0.035992, 0.799317, -0.0, 0.0, 0.0, 0.0, 1.0],
                [0.710694, -0.448669, -0.541859, -0.0, 0.370474, 0.893466, -0.2539, 0.05, 0.598051, -0.0203, 0.801201, -0.0, 0.0, 0.0, 0.0, 1.0],
                [0.721202, -0.431015, -0.542304, -0.0, 0.359302, 0.902065, -0.239121, 0.05, 0.59226, -0.022396, 0.805436, -0.0, 0.0, 0.0, 0.0, 1.0],
                [0.730723, -0.41121, -0.544933, -0.0, 0.350469, 0.910975, -0.217472, 0.05, 0.585848, -0.03207, 0.809786, -0.0, 0.0, 0.0, 0.0, 1.0]
            ]
        },
        {
            "name": "Chest",
            "time": [0.0, 1.0, 2.0, 3.0, 4.0, 4.7667],
            "transform": [
                [0.996846, 0.079359, 0.00102, -0.0, -0.035122, 0.429577, 0.902347, 0.3, 0.071171, -0.899535, 0.431009, -0.0, 0.0, 0.0, 0.0, 1.0],
                [0.997971, 0.063472, -0.005245, -0.0, -0.02231, 0.425542, 0.904663, 0.3, 0.059653, -0.902709, 0.426094, -0.0, 0.0, 0.0, 0.0, 1.0],
                [0.992783, 0.116328, 0.029189, 0.0, -0.066001, 0.326705, 0.942819, 0.3, 0.10014, -0.937939, 0.332025, 0.0, 0.0, 0.0, 0.0, 1.0],
                [0.994004, 0.108273, 0.015347, -0.0, -0.045904, 0.285741, 0.957207, 0.3, 0.099255, -0.95217, 0.288998, 0.0, 0.0, 0.0, 0.0, 1.0],
                [0.996158, 0.087571, 0.001502, -0.0, -0.035107, 0.38352, 0.922865, 0.3, 0.08024, -0.91937, 0.385121, -0.0, 0.0, 0.0, 0.0, 1.0],
                [0.996846, 0.079359, 0.00102, -0.0, -0.035122, 0.429577, 0.902347, 0.3, 0.071171, -0.899535, 0.431009, 0.0, 0.0, 0.0, 0.0, 1.0]
            ]
        },
        {
            "name": "Head",
            "time": [0.0, 1.0, 2.0, 3.0, 4.0, 4.7667],
            "transform": [
                [0.800891, 0.220502, 0.556733, -0.0, 0.125872, 0.846967, -0.51653, 0.4, -0.585429, 0.483761, 0.650575, -0.0, 0.0, 0.0, 0.0, 1.0],
                [0.842288, 0.150557, 0.517573, -0.0, 0.242416, 0.751811, -0.613201, 0.4, -0.481438, 0.641959, 0.596745, -0.0, 0.0, 0.0, 0.0, 1.0],
                [0.801707, 0.133837, 0.58254, -0.0, 0.268159, 0.790483, -0.550661, 0.4, -0.534186, 0.597681, 0.597847, -0.0, 0.0, 0.0, 0.0, 1.0],
                [0.77939, 0.204732, 0.592144, -0.0, 0.187829, 0.825284, -0.532566, 0.4, -0.59772, 0.526298, 0.604765, -0.0, 0.0, 0.0, 0.0, 1.0],
                [0.78302, 0.232022, 0.5771, -0.0, 0.121542, 0.852856, -0.507802, 0.4, -0.610004, 0.467761, 0.639605, -0.0, 0.0, 0.0, 0.0, 1.0],
                [0.800891, 0.220502, 0.556733, -0.0, 0.125872, 0.846967, -0.516529, 0.4, -0.585429, 0.483761, 0.650575, 0.0, 0.0, 0.0, 0.0, 1.0]
            ]
        },
        {
            "name": "Shoulder_R",
            "time": [0.0, 1.0, 2.0, 3.0, 4.0, 4.7667],
            "transform": [
                [0.501133, 0.561086, -0.658826, -0.0, 0.558921, -0.79109, -0.24857, 0.4, -0.660645, -0.243668, -0.710049, -0.0, 0.0, 0.0, 0.0, 1.0],
                [0.499984, 0.73939, -0.450912, -0.0, 0.721169, -0.643752, -0.255918, 0.4, -0.479488, -0.197232, -0.855097, -0.0, 0.0, 0.0, 0.0, 1.0],
                [0.55624, 0.740928, -0.376331, -0.0, 0.713503, -0.657973, -0.240789, 0.4, -0.426013, -0.134579, -0.894652, -0.0, 0.0, 0.0, 0.0, 1.0],
                [0.54837, 0.612366, -0.569472, -0.0, 0.597057, -0.763524, -0.24608, 0.4, -0.585484, -0.205068, -0.784317, -0.0, 0.0, 0.0, 0.0, 1.0],
                [0.518744, 0.54379, -0.659695, -0.0, 0.552699, -0.802018, -0.226481, 0.4, -0.652231, -0.24713, -0.7166, -0.0, 0.0, 0.0, 0.0, 1.0],
                [0.501132, 0.561086, -0.658825, -0.0, 0.558921, -0.79109, -0.24857, 0.4, -0.660645, -0.243668, -0.710049, 0.0, 0.0, 0.0, 0.0, 1.0]
            ]
        },
        {
            "name": "Arm_R",
            "time": [0.0, 1.0, 2.0, 3.0, 4.0, 4.7667],
            "transform": [
                [0.537523, -0.681012, 0.498195, -0.0, 0.466327, 0.734393, 0.494416, 0.39386, -0.702577, -0.03358, 0.709317, 0.0, 0.0, 0.0, 0.0, 1.0],
                [0.590771, -0.744381, 0.314336, -0.0, 0.627386, 0.669815, 0.398691, 0.39386, -0.507328, -0.038487, 0.859077, 0.0, 0.0, 0.0, 0.0, 1.0],
                [0.756863, -0.637691, 0.148775, 0.0, 0.554798, 0.747695, 0.367341, 0.39386, -0.34549, -0.196315, 0.915807, 0.0, 0.0, 0.0, 0.0, 1.0],
                [0.72574, -0.614029, 0.31217, -0.0, 0.456811, 0.770822, 0.445895, 0.393861, -0.514422, -0.181768, 0.836363, 0.0, 0.0, 0.0, 0.0, 1.0],
                [0.636579, -0.65451, 0.409248, -0.0, 0.436304, 0.745063, 0.505745, 0.393861, -0.635934, -0.143997, 0.756646, 0.0, 0.0, 0.0, 0.0, 1.0],
                [0.537523, -0.681012, 0.498194, 0.0, 0.466327, 0.734392, 0.494416, 0.39386, -0.702577, -0.03358, 0.709317, 0.0, 0.0, 0.0, 0.0, 1.0]
            ]
        },
        {
            "name": "Hand_R",
            "time": [0.0, 1.0, 2.0, 3.0, 4.0, 4.7667],
            "transform": [
                [1.000892, 1e-06, 1e-06, -0.0, 1e-06, 0.478337, -0.875541, 0.3, -2e-06, 0.881651, 0.475023, 0.0, 0.0, 0.0, 0.0, 1.0],
                [1.000892, 1e-06, 1e-06, -0.0, 1e-06, 0.528611, -0.846551, 0.3, -2e-06, 0.852458, 0.524948, 0.0, 0.0, 0.0, 0.0, 1.0],
                [1.000892, 1e-06, 1e-06, 0.0, 1e-06, 0.309168, -0.947605, 0.3, -2e-06, 0.954217, 0.307025, -0.0, 0.0, 0.0, 0.0, 1.0],
                [1.000892, 1e-06, 1e-06, 0.0, 1e-06, 0.268571, -0.959732, 0.3, -2e-06, 0.966429, 0.26671, -0.0, 0.0, 0.0, 0.0, 1.0],
                [1.000892, 1e-06, 1e-06, 0.0, 1e-06, 0.354142, -0.931952, 0.3, -2e-06, 0.938455, 0.351688, -0.0, 0.0, 0.0, 0.0, 1.0],
                [1.000892, 1e-06, 1e-06, -0.0, 1e-06, 0.478337, -0.875541, 0.3, -2e-06, 0.881651, 0.475023, 0.0, 0.0, 0.0, 0.0, 1.0]
            ]
        },
        {
            "name": "Tool_R",
            "time": [0.0, 1.0, 2.0, 3.0, 4.0, 4.7667],
            "transform": [
                [0.820753, -0.434699, 0.371183, 0.007969, 0.299637, -0.2281, -0.924587, 0.252535, 0.486442, 0.872922, -0.056701, 0.206373, 0.0, 0.0, 0.0, 1.0],
                [0.832849, -0.413008, 0.368924, 0.020635, 0.271, -0.279448, -0.919389, 0.252308, 0.482669, 0.868519, -0.120248, 0.193189, 0.0, 0.0, 0.0, 1.0],
                [0.855665, -0.418184, 0.305752, 0.063499, 0.208654, -0.264225, -0.939818, 0.25649, 0.473666, 0.870802, -0.138181, 0.22147, 0.0, 0.0, 0.0, 1.0],
                [0.847231, -0.435203, 0.305572, 0.069494, 0.227669, -0.224532, -0.945644, 0.26739, 0.480018, 0.873594, -0.090724, 0.197281, 0.0, 0.0, 0.0, 1.0],
                [0.838269, -0.442791, 0.319068, 0.059566, 0.252926, -0.204941, -0.943666, 0.270656, 0.483096, 0.874595, -0.059528, 0.191639, 0.0, 0.0, 0.0, 1.0],
                [0.823309, -0.424293, 0.377439, 0.078587, 0.293932, -0.252675, -0.920061, 0.282562, 0.485604, 0.871274, -0.08293, 0.20476, 0.0, 0.0, 0.0, 1.0]
            ]
        },
        {
            "name": "Elbow_R",
            "time": [0.0, 1.0, 2.0, 3.0, 4.0, 4.7667],
            "transform": [
                [-1.0, 0.0, 0.0, -0.0, 0.0, 0.0, -1.0, 0.3, -0.0, -1.0, 0.0, 0.0, 0.0, 0.0, 0.0, 1.0],
                [-1.0, 0.0, -0.0, -0.0, 0.0, -0.0, -1.0, 0.3, -0.0, -1.0, 0.0, 0.0, 0.0, 0.0, 0.0, 1.0],
                [-1.0, 0.0, -0.0, 0.0, 0.0, -0.0, -1.0, 0.3, -0.0, -1.0, 0.0, -0.0, 0.0, 0.0, 0.0, 1.0],
                [-1.0, 0.0, -0.0, 0.0, 0.0, -0.0, -1.0, 0.3, -0.0, -1.0, 0.0, -0.0, 0.0, 0.0, 0.0, 1.0],
                [-1.0, 0.0, -0.0, 0.0, 0.0, -0.0, -1.0, 0.3, -0.0, -1.0, 0.0, -0.0, 0.0, 0.0, 0.0, 1.0],
                [-1.0, 0.0, 0.0, -0.0, 0.0, 0.0, -1.0, 0.3, -0.0, -1.0, 0.0, 0.0, 0.0, 0.0, 0.0, 1.0]
            ]
        },
        {
            "name": "Shoulder_L",
            "time": [0.0, 1.0, 2.0, 3.0, 4.0, 4.7667],
            "transform": [
                [0.094202, -0.995485, -0.012372, -0.0, -0.897207, -0.079508, -0.43437, 0.4, 0.431412, 0.05202, -0.900656, -0.0, 0.0, 0.0, 0.0, 1.0],
                [0.162134, -0.969164, 0.185609, -0.0, -0.929813, -0.213027, -0.300072, 0.4, 0.330349, -0.123932, -0.93569, -0.0, 0.0, 0.0, 0.0, 1.0],
                [0.146461, -0.961173, 0.233908, -0.0, -0.923668, -0.217517, -0.315437, 0.4, 0.354058, -0.169858, -0.919672, -0.0, 0.0, 0.0, 0.0, 1.0],
                [0.107946, -0.993058, -0.046915, -0.0, -0.911219, -0.079966, -0.404057, 0.4, 0.397488, 0.086368, -0.913536, -0.0, 0.0, 0.0, 0.0, 1.0],
                [0.090085, -0.9874, -0.13017, -0.0, -0.909233, -0.028208, -0.415302, 0.4, 0.406386, 0.15577, -0.900328, -0.0, 0.0, 0.0, 0.0, 1.0],
                [0.094203, -0.995485, -0.012372, -0.0, -0.897207, -0.079508, -0.434369, 0.4, 0.431412, 0.05202, -0.900656, 0.0, 0.0, 0.0, 0.0, 1.0]
            ]
        },
        {
            "name": "Arm_L",
            "time": [0.0, 1.0, 2.0, 3.0, 4.0, 4.7667],
            "transform": [
                [0.696061, 0.603498, -0.392234, -0.0, -0.661811, 0.752952, -0.019183, 0.39386, 0.284775, 0.274747, 0.914136, 0.0, 0.0, 0.0, 0.0, 1.0],
                [0.774755, 0.568677, -0.282527, -0.0, -0.561451, 0.823348, 0.111077, 0.39386, 0.296846, 0.073049, 0.94747, -0.0, 0.0, 0.0, 0.0, 1.0],
                [0.814469, 0.48273, -0.326237, 0.0, -0.500063, 0.868748, 0.032706, 0.393861, 0.30028, 0.137406, 0.93934, 0.0, 0.0, 0.0, 0.0, 1.0],
                [0.853694, 0.375501, -0.363848, 0.0, -0.48461, 0.832677, -0.276454, 0.39386, 0.199874, 0.415066, 0.883769, -0.0, 0.0, 0.0, 0.0, 1.0],
                [0.811629, 0.478418, -0.339206, -0.0, -0.570519, 0.780657, -0.263724, 0.39386, 0.13913, 0.410272, 0.897356, -0.0, 0.0, 0.0, 0.0, 1.0],
                [0.696317, 0.603257, -0.392149, 0.0, -0.661591, 0.75314, -0.0194, 0.39386, 0.284658, 0.274761, 0.914167, -0.0, 0.0, 0.0, 0.0, 1.0]
            ]
        },
        {
            "name": "Hand_L",
            "time": [0.0, 1.0, 2.0, 3.0, 4.0, 4.7667],
            "transform": [
                [0.9978, -1.1e-05, 5e-06, 0.0, -2e-06, -0.585002, -0.810753, 0.3, 1.2e-05, 0.817935, -0.579865, 0.0, 0.0, 0.0, 0.0, 1.0],
                [0.9978, -1.1e-05, 4e-06, 0.0, -2e-06, -0.54099, -0.840245, 0.3, 1.2e-05, 0.847689, -0.536239, 0.0, 0.0, 0.0, 0.0, 1.0],
                [0.9978, -1.1e-05, 3e-06, 0.0, -2e-06, -0.430023, -0.901043, 0.3, 1.2e-05, 0.909025, -0.426247, -0.0, 0.0, 0.0, 0.0, 1.0],
                [0.9978, -1.2e-05, 3e-06, -0.0, -2e-06, -0.3911, -0.918303, 0.3, 1.2e-05, 0.926438, -0.387666, -0.0, 0.0, 0.0, 0.0, 1.0],
                [0.9978, -1.1e-05, 4e-06, 0.0, -2e-06, -0.478763, -0.876561, 0.3, 1.2e-05, 0.884326, -0.474558, -0.0, 0.0, 0.0, 0.0, 1.0],
                [0.9978, -1.1e-05, 5e-06, -0.0, -2e-06, -0.585003, -0.810753, 0.3, 1.2e-05, 0.817935, -0.579866, 0.0, 0.0, 0.0, 0.0, 1.0]
            ]
        },
        {
            "name": "Tool_L",
            "time": [0.0, 1.0, 2.0, 3.0, 4.0, 4.7667],
            "transform": [
                [-0.679902, -0.662657, -0.314753, 0.0, 0.6797, -0.408519, -0.60894, 0.272858, 0.274727, -0.628529, 0.726772, -0.0, 0.0, 0.0, 0.0, 1.0],
                [-0.685003, -0.67891, -0.265275, -0.0, 0.656692, -0.417793, -0.627598, 0.272858, 0.315012, -0.604661, 0.730628, 0.0, 0.0, 0.0, 0.0, 1.0],
                [-0.790815, -0.580447, -0.19503, -0.0, 0.508974, -0.446814, -0.735429, 0.272858, 0.339474, -0.681475, 0.647541, 0.0, 0.0, 0.0, 0.0, 1.0],
                [-0.868324, -0.473131, -0.149441, 0.0, 0.403733, -0.499526, -0.766198, 0.272858, 0.28764, -0.726305, 0.623575, 0.0, 0.0, 0.0, 0.0, 1.0],
                [-0.809505, -0.547201, -0.213416, -0.0, 0.515846, -0.489541, -0.702798, 0.272858, 0.279882, -0.679628, 0.677262, 0.0, 0.0, 0.0, 0.0, 1.0],
                [-0.680104, -0.662501, -0.314643, 0.0, 0.679537, -0.408739, -0.608974, 0.272858, 0.27463, -0.62855, 0.726791, 0.0, 0.0, 0.0, 0.0, 1.0]
            ]
        },
        {
            "name": "Elbow_L",
            "time": [0.0, 1.0, 2.0, 3.0, 4.0, 4.7667],
            "transform": [
                [-1.0, 0.0, -0.0, 0.0, 0.0, -0.0, -1.0, 0.3, -0.0, -1.0, 0.0, 0.0, 0.0, 0.0, 0.0, 1.0],
                [-1.0, 0.0, -0.0, 0.0, 0.0, -0.0, -1.0, 0.3, -0.0, -1.0, 0.0, 0.0, 0.0, 0.0, 0.0, 1.0],
                [-1.0, 0.0, -0.0, 0.0, 0.0, -0.0, -1.0, 0.3, -0.0, -1.0, -0.0, -0.0, 0.0, 0.0, 0.0, 1.0],
                [-1.0, 0.0, -0.0, -0.0, 0.0, -0.0, -1.0, 0.3, -0.0, -1.0, 0.0, -0.0, 0.0, 0.0, 0.0, 1.0],
                [-1.0, 0.0, -0.0, 0.0, 0.0, 0.0, -1.0, 0.3, -0.0, -1.0, -0.0, -0.0, 0.0, 0.0, 0.0, 1.0],
                [-1.0, 0.0, -0.0, -0.0, 0.0, -0.0, -1.0, 0.3, -0.0, -1.0, 0.0, 0.0, 0.0, 0.0, 0.0, 1.0]
            ]
        }
    ]
}