{
    "animation": [
        {
            "name": "Root",
            "time": [0.0, 0.3, 0.7, 0.8333, 0.8667, 0.9, 0.9333, 0.9667, 1.0, 1.0333, 1.1667, 1.2, 1.3, 1.3667, 1.5, 1.6667],
            "transform": [
                [1.0, -0.0, 0.0, -2.2e-05, 0.0, -0.0, -1.0, 4.1e-05, 0.0, 1.0, -0.0, 0.657943, 0.0, 0.0, 0.0, 1.0],
                [1.0, -0.0, 0.0, 0.023461, 0.0, -0.0, -1.0, 0.224058, 0.0, 1.0, -0.0, 0.572682, 0.0, 0.0, 0.0, 1.0],
                [1.0, -0.0, 0.0, 0.074827, 0.0, -0.0, -1.0, 0.678304, 0.0, 1.0, -0.0, 0.657943, 0.0, 0.0, 0.0, 1.0],
                [1.0, -0.0, 0.0, 0.091912, 0.0, -0.0, -1.0, 0.960915, 0.0, 1.0, -0.0, 0.981933, 0.0, 0.0, 0.0, 1.0],
                [1.0, -0.0, 0.0, 0.179142, 0.0, -0.0, -1.0, 1.097661, 0.0, 1.0, -0.0, 1.001354, 0.0, 0.0, 0.0, 1.0],
                [1.0, -0.0, 0.0, 0.298022, 0.0, -0.0, -1.0, 1.271118, 0.0, 1.0, -0.0, 1.025038, 0.0, 0.0, 0.0, 1.0],
                [1.0, -0.0, 0.0, 0.376551, 0.0, -0.0, -1.0, 1.40232, 0.0, 1.0, -0.0, 1.066484, 0.0, 0.0, 0.0, 1.0],
                [1.0, -0.0, 0.0, 0.406165, 0.0, -0.0, -1.0, 1.53578, 0.0, 1.0, -0.0, 1.096088, 0.0, 0.0, 0.0, 1.0],
                [1.0, -0.0, 0.0, 0.428255, 0.0, -0.0, -1.0, 1.669826, 0.0, 1.0, -0.0, 1.143455, 0.0, 0.0, 0.0, 1.0],
                [1.0, -0.0, 0.0, 0.465026, 0.0, -0.0, -1.0, 1.802788, 0.0, 1.0, -0.0, 1.399759, 0.0, 0.0, 0.0, 1.0],
                [1.0, -0.0, 0.0, 0.519462, 0.0, -0.0, -1.0, 2.290353, 0.0, 1.0, -0.0, 1.775001, 0.0, 0.0, 0.0, 1.0],
                [1.0, -0.0, 0.0, 0.511942, 0.0, -0.0, -1.0, 2.392815, 0.0, 1.0, -0.0, 1.901953, 0.0, 0.0, 0.0, 1.0],
                [1.0, -0.0, 0.0, 0.484978, 0.0, -0.0, -1.0, 2.62503, 0.0, 1.0, -0.0, 2.177654, 0.0, 0.0, 0.0, 1.0],
                [1.0, -0.0, 0.0, 0.384767, 0.0, -0.0, -1.0, 2.779839, 0.0, 1.0, -0.0, 2.259141, 0.0, 0.0, 0.0, 1.0],
                [1.0, -0.0, 0.0, 0.305272, 0.0, -0.0, -1.0, 2.79397, 0.0, 1.0, -0.0, 2.350736, 0.0, 0.0, 0.0, 1.0],
                [0.999997, 0.002329, 0.0, 0.070545, 0.0, -0.0, -1.0, 2.80643, -0.002329, 0.999997, -0.0, 2.439784, 0.0, 0.0, 0.0, 1.0]
            ]
        },
        {
            "name": "Thigh_R",
            "time": [0.0, 0.3, 0.7, 0.8333, 0.8667, 0.9, 0.9333, 0.9667, 1.0, 1.0333, 1.1667, 1.2, 1.3, 1.3667, 1.5, 1.6667],
            "transform": [
                [0.589233, 0.231014, 0.774233, 0.124994, 0.263976, -0.96071, 0.085755, -0.002831, 0.763624, 0.153849, -0.627064, -1.2e-05, 0.0, 0.0, 0.0, 1.0],
                [0.873622, 0.367238, 0.319252, 0.124994, 0.264827, -0.909228, 0.321202, -0.002831, 0.40823, -0.196062, -0.891576, -1.2e-05, 0.0, 0.0, 0.0, 1.0],
                [0.988449, 0.134277, 0.070279, 0.124994, 0.134701, -0.990886, -0.001305, -0.002831, 0.069463, 0.010757, -0.997526, -1.2e-05, 0.0, 0.0, 0.0, 1.0],
                [0.391408, -0.090325, -0.915773, 0.01177, -0.197185, -0.980288, 0.01241, -0.035137, -0.898843, 0.17572, -0.401503, -0.084374, 0.0, 0.0, 0.0, 1.0],
                [0.167904, -0.263379, -0.949968, 0.01754, -0.23751, -0.94607, 0.220318, -0.063435, -0.956764, 0.188635, -0.221404, -0.090384, 0.0, 0.0, 0.0, 1.0],
                [-0.033548, -0.467326, -0.883448, -0.016819, -0.227289, -0.857217, 0.46208, -0.066419, -0.97325, 0.2163, -0.07746, -0.088717, 0.0, 0.0, 0.0, 1.0],
                [-0.223232, -0.633122, -0.741164, -0.012992, -0.194023, -0.716277, 0.6703, -0.038893, -0.955261, 0.293436, 0.037056, -0.08956, 0.0, 0.0, 0.0, 1.0],
                [-0.411985, -0.705271, -0.576942, -0.073341, -0.154642, -0.56987, 0.807053, -0.057627, -0.897973, 0.421713, 0.125714, -0.058831, 0.0, 0.0, 0.0, 1.0],
                [-0.598358, -0.66496, -0.446986, -0.068745, -0.115071, -0.480773, 0.869262, -0.056539, -0.792923, 0.571565, 0.211157, -0.092493, 0.0, 0.0, 0.0, 1.0],
                [-0.775879, -0.527107, -0.346655, -0.048673, -0.072022, -0.47188, 0.878716, -0.03904, -0.626757, 0.706745, 0.328158, -0.107356, 0.0, 0.0, 0.0, 1.0],
                [-0.930685, 0.112292, 0.348162, -0.058767, 0.15447, -0.742087, 0.652262, -0.013959, 0.33161, 0.660831, 0.673303, 0.094665, 0.0, 0.0, 0.0, 1.0],
                [-0.835904, 0.191282, 0.514468, -0.04191, 0.190858, -0.777524, 0.599191, -0.032935, 0.514625, 0.599056, 0.613427, 0.128071, 0.0, 0.0, 0.0, 1.0],
                [-0.514127, 0.437408, 0.737799, 0.026304, 0.198752, -0.776024, 0.598568, -0.005902, 0.834369, 0.454379, 0.312039, 0.139145, 0.0, 0.0, 0.0, 1.0],
                [-0.234866, 0.552775, 0.799549, 0.058911, 0.203721, -0.776296, 0.596542, -0.003985, 0.95044, 0.302993, 0.069713, 0.129252, 0.0, 0.0, 0.0, 1.0],
                [0.091901, 0.764244, 0.638346, 0.093124, 0.212607, -0.641336, 0.737215, 0.020816, 0.972807, 0.067966, -0.221423, 0.085462, 0.0, 0.0, 0.0, 1.0],
                [0.549741, 0.820949, 0.154363, 0.124994, 0.270328, -0.349688, 0.897018, -0.002831, 0.790385, -0.451398, -0.414164, -1.2e-05, 0.0, 0.0, 0.0, 1.0]
            ]
        },
        {
            "name": "Leg_R",
            "time": [0.0, 0.3, 0.7, 0.8333, 0.8667, 0.9, 0.9333, 0.9667, 1.0, 1.0333, 1.1667, 1.2, 1.3, 1.3667, 1.5, 1.6667],
            "transform": [
                [1.0, 0.0, -1e-06, 0.0, 0.0, 0.932201, 0.361941, 0.37472, 1e-06, -0.361941, 0.932201, -0.0, 0.0, 0.0, 0.0, 1.0],
                [1.0, 0.0, -0.0, -0.0, 0.0, 0.260771, 0.965401, 0.37472, 0.0, -0.965401, 0.260771, -0.0, 0.0, 0.0, 0.0, 1.0],
                [1.0, 0.0, -0.0, 0.0, 0.0, 0.649305, 0.760528, 0.37472, 0.0, -0.760528, 0.649305, -0.0, 0.0, 0.0, 0.0, 1.0],
                [1.0, 0.0, -0.0, -0.0, 0.0, 0.778239, 0.627969, 0.37472, 0.0, -0.627969, 0.778238, -0.0, 0.0, 0.0, 0.0, 1.0],
                [1.0, 0.0, -0.0, -0.0, 0.0, 0.728039, 0.685536, 0.37472, 0.0, -0.685536, 0.728039, 0.0, 0.0, 0.0, 0.0, 1.0],
                [1.0, 0.0, -0.0, 0.0, 0.0, 0.654044, 0.756457, 0.37472, 1e-06, -0.756457, 0.654043, -0.0, 0.0, 0.0, 0.0, 1.0],
                [1.0, 0.0, -0.0, -0.0, 0.0, 0.566564, 0.824018, 0.37472, 0.0, -0.824018, 0.566564, -0.0, 0.0, 0.0, 0.0, 1.0],
                [1.0, 0.0, -0.0, 0.0, 0.0, 0.48093, 0.876759, 0.37472, 0.0, -0.876759, 0.48093, -0.0, 0.0, 0.0, 0.0, 1.0],
                [1.0, 0.0, -0.0, -0.0, 0.0, 0.415888, 0.909416, 0.37472, 0.0, -0.909416, 0.415888, 0.0, 0.0, 0.0, 0.0, 1.0],
                [1.0, 0.0, -0.0, -0.0, 0.0, 0.375703, 0.92674, 0.37472, 0.0, -0.92674, 0.375703, -0.0, 0.0, 0.0, 0.0, 1.0],
                [1.0, 0.0, -0.0, -0.0, 0.0, 0.315099, 0.949059, 0.37472, 0.0, -0.949059, 0.315099, 0.0, 0.0, 0.0, 0.0, 1.0],
                [1.0, 0.0, -0.0, 0.0, 0.0, 0.305637, 0.952148, 0.37472, 0.0, -0.952149, 0.305637, 0.0, 0.0, 0.0, 0.0, 1.0],
                [1.0, 0.0, -0.0, 0.0, 0.0, 0.301052, 0.953608, 0.37472, 0.0, -0.953608, 0.301052, -0.0, 0.0, 0.0, 0.0, 1.0],
                [1.0, 0.0, -0.0, 0.0, 0.0, 0.297992, 0.954569, 0.37472, 0.0, -0.954569, 0.297992, -0.0, 0.0, 0.0, 0.0, 1.0],
                [1.0, 0.0, -0.0, 0.0, 0.0, 0.114222, 0.993455, 0.37472, 0.0, -0.993455, 0.114222, -0.0, 0.0, 0.0, 0.0, 1.0],
                [1.0, 0.0, 0.0, 0.0, 0.0, -0.3196, 0.947552, 0.37472, 0.0, -0.947553, -0.3196, -0.0, 0.0, 0.0, 0.0, 1.0]
            ]
        },
        {
            "name": "Knee_R",
            "time": [0.0, 0.3, 0.7, 0.8333, 0.8667, 0.9, 0.9333, 0.9667, 1.0, 1.0333, 1.1667, 1.2, 1.3, 1.3667, 1.5, 1.6667],
            "transform": [
                [1.0, 0.0, -0.0, 0.0, -0.0, 1e-06, -1.0, 0.37472, -0.0, 1.0, 1e-06, -0.0, 0.0, 0.0, 0.0, 1.0],
                [1.0, 0.0, -0.0, -0.0, -0.0, 1e-06, -1.0, 0.37472, -0.0, 1.0, 1e-06, -0.0, 0.0, 0.0, 0.0, 1.0],
                [1.0, 0.0, -0.0, 0.0, -0.0, 1e-06, -1.0, 0.37472, -0.0, 1.0, 1e-06, -0.0, 0.0, 0.0, 0.0, 1.0],
                [1.0, 0.0, -0.0, -0.0, -0.0, 1e-06, -1.0, 0.37472, -0.0, 1.0, 1e-06, -0.0, 0.0, 0.0, 0.0, 1.0],
                [1.0, 0.0, -0.0, -0.0, -0.0, 1e-06, -1.0, 0.37472, -0.0, 1.0, 1e-06, 0.0, 0.0, 0.0, 0.0, 1.0],
                [1.0, 0.0, -0.0, 0.0, -0.0, 1e-06, -1.0, 0.37472, -0.0, 1.0, 1e-06, -0.0, 0.0, 0.0, 0.0, 1.0],
                [1.0, 0.0, -0.0, -0.0, -0.0, 1e-06, -1.0, 0.37472, -0.0, 1.0, 1e-06, -0.0, 0.0, 0.0, 0.0, 1.0],
                [1.0, 0.0, -0.0, 0.0, -0.0, 1e-06, -1.0, 0.37472, -0.0, 1.0, 1e-06, -0.0, 0.0, 0.0, 0.0, 1.0],
                [1.0, 0.0, -0.0, -0.0, -0.0, 1e-06, -1.0, 0.37472, -0.0, 1.0, 1e-06, 0.0, 0.0, 0.0, 0.0, 1.0],
                [1.0, 0.0, -0.0, -0.0, -0.0, 1e-06, -1.0, 0.37472, -0.0, 1.0, 1e-06, -0.0, 0.0, 0.0, 0.0, 1.0],
                [1.0, 0.0, -0.0, -0.0, -0.0, 1e-06, -1.0, 0.37472, -0.0, 1.0, 1e-06, 0.0, 0.0, 0.0, 0.0, 1.0],
                [1.0, 0.0, -0.0, 0.0, -0.0, 1e-06, -1.0, 0.37472, -0.0, 1.0, 1e-06, 0.0, 0.0, 0.0, 0.0, 1.0],
                [1.0, 0.0, -0.0, 0.0, -0.0, 1e-06, -1.0, 0.37472, -0.0, 1.0, 1e-06, -0.0, 0.0, 0.0, 0.0, 1.0],
                [1.0, 0.0, -0.0, 0.0, -0.0, 1e-06, -1.0, 0.37472, -0.0, 1.0, 1e-06, -0.0, 0.0, 0.0, 0.0, 1.0],
                [1.0, 0.0, -0.0, 0.0, -0.0, 1e-06, -1.0, 0.37472, -0.0, 1.0, 1e-06, -0.0, 0.0, 0.0, 0.0, 1.0],
                [1.0, 0.0, -0.0, 0.0, -0.0, 1e-06, -1.0, 0.37472, -0.0, 1.0, 1e-06, -0.0, 0.0, 0.0, 0.0, 1.0]
            ]
        },
        {
            "name": "Thigh_L",
            "time": [0.0, 0.3, 0.7, 0.8333, 0.8667, 0.9, 0.9333, 0.9667, 1.0, 1.0333, 1.1667, 1.2, 1.3, 1.3667, 1.5, 1.6667],
            "transform": [
                [0.893312, -0.046856, 0.446989, -0.125006, -0.213767, -0.919147, 0.330867, -0.002831, 0.395345, -0.391118, -0.831101, -1.2e-05, 0.0, 0.0, 0.0, 1.0],
                [0.97736, -0.152378, -0.146795, -0.125006, 0.027246, -0.597375, 0.801499, -0.002831, -0.209823, -0.787352, -0.579699, -1.2e-05, 0.0, 0.0, 0.0, 1.0],
                [0.698942, -0.481027, -0.529238, -0.087951, -0.022802, -0.754621, 0.655764, -0.034033, -0.714815, -0.446273, -0.538405, 0.082288, 0.0, 0.0, 0.0, 1.0],
                [0.359138, -0.350962, -0.864781, -0.016419, -0.282556, -0.924001, 0.257652, 0.052604, -0.889484, 0.151817, -0.43101, 0.160924, 0.0, 0.0, 0.0, 1.0],
                [0.034007, -0.448996, -0.892886, 0.010913, -0.306177, -0.855127, 0.418346, 0.057217, -0.951367, 0.259155, -0.166553, 0.150522, 0.0, 0.0, 0.0, 1.0],
                [-0.373642, -0.545439, -0.750259, 0.036398, -0.213014, -0.736768, 0.641715, 0.053048, -0.902783, 0.399588, 0.159101, 0.164796, 0.0, 0.0, 0.0, 1.0],
                [-0.724539, -0.54541, -0.421393, 0.021026, -0.01354, -0.600012, 0.799876, 0.044809, -0.689101, 0.585247, 0.427347, 0.174304, 0.0, 0.0, 0.0, 1.0],
                [-0.909334, -0.415012, -0.029617, 0.08528, 0.2013, -0.501132, 0.841632, 0.047059, -0.36413, 0.759363, 0.539238, 0.120813, 0.0, 0.0, 0.0, 1.0],
                [-0.942105, -0.207338, 0.263534, 0.11508, 0.331954, -0.465623, 0.820367, -0.006159, -0.047386, 0.860353, 0.507493, 0.06243, 0.0, 0.0, 0.0, 1.0],
                [-0.902732, 0.015442, 0.429926, 0.135531, 0.3705, -0.479997, 0.795193, -0.00834, 0.218642, 0.877135, 0.427587, 0.047315, 0.0, 0.0, 0.0, 1.0],
                [-0.367516, 0.601906, 0.708972, 0.131863, 0.222596, -0.683234, 0.695444, -0.03527, 0.902986, 0.413401, 0.117117, -0.070779, 0.0, 0.0, 0.0, 1.0],
                [-0.195907, 0.653773, 0.730891, 0.114389, 0.190807, -0.705674, 0.682361, -0.035108, 0.96188, 0.273139, 0.013501, -0.069794, 0.0, 0.0, 0.0, 1.0],
                [0.237299, 0.770893, 0.591112, 0.043695, 0.158271, -0.631043, 0.759431, -0.000693, 0.958457, -0.086656, -0.271756, -0.08197, 0.0, 0.0, 0.0, 1.0],
                [0.504822, 0.748812, 0.42946, 0.069752, 0.163456, -0.571427, 0.804209, -0.044601, 0.847607, -0.335785, -0.410867, -0.100866, 0.0, 0.0, 0.0, 1.0],
                [0.826519, 0.550127, 0.119276, -0.010079, 0.296296, -0.605336, 0.738768, -0.048556, 0.478618, -0.575264, -0.663322, -0.123774, 0.0, 0.0, 0.0, 1.0],
                [0.937786, -0.007905, -0.347123, -0.125006, 0.193605, -0.817993, 0.541668, -0.002831, -0.288226, -0.575173, -0.765572, -1.2e-05, 0.0, 0.0, 0.0, 1.0]
            ]
        },
        {
            "name": "Leg_L",
            "time": [0.0, 0.3, 0.7, 0.8333, 0.8667, 0.9, 0.9333, 0.9667, 1.0, 1.0333, 1.1667, 1.2, 1.3, 1.3667, 1.5, 1.6667],
            "transform": [
                [1.0, -0.0, 0.0, -0.0, -0.0, 0.862422, 0.50619, 0.37472, -0.0, -0.50619, 0.862422, 0.0, 0.0, 0.0, 0.0, 1.0],
                [1.0, -0.0, 0.0, -0.0, -0.0, 0.529077, 0.848574, 0.37472, -0.0, -0.848574, 0.529077, -0.0, 0.0, 0.0, 0.0, 1.0],
                [1.0, -0.0, 0.0, 0.0, 0.0, 0.533744, 0.845646, 0.37472, -0.0, -0.845647, 0.533744, 0.0, 0.0, 0.0, 0.0, 1.0],
                [1.0, -0.0, 0.0, -0.0, 0.0, 0.859235, 0.511582, 0.37472, -0.0, -0.511582, 0.859234, -0.0, 0.0, 0.0, 0.0, 1.0],
                [1.0, -0.0, 0.0, -0.0, -0.0, 0.771399, 0.636352, 0.37472, -0.0, -0.636353, 0.771399, -0.0, 0.0, 0.0, 0.0, 1.0],
                [1.0, -0.0, 0.0, -0.0, 0.0, 0.608894, 0.793252, 0.37472, -0.0, -0.793252, 0.608894, -0.0, 0.0, 0.0, 0.0, 1.0],
                [1.0, -0.0, 0.0, -0.0, -0.0, 0.390618, 0.920553, 0.37472, -0.0, -0.920554, 0.390617, -0.0, 0.0, 0.0, 0.0, 1.0],
                [1.0, -0.0, -0.0, 0.0, 0.0, 0.166905, 0.985973, 0.37472, -0.0, -0.985974, 0.166905, -0.0, 0.0, 0.0, 0.0, 1.0],
                [1.0, -0.0, -0.0, -0.0, -0.0, 0.000498, 1.0, 0.37472, -0.0, -1.0, 0.000498, -0.0, 0.0, 0.0, 0.0, 1.0],
                [1.0, -0.0, 0.0, 0.0, -0.0, -0.096954, 0.995289, 0.37472, -0.0, -0.995289, -0.096954, 0.0, 0.0, 0.0, 0.0, 1.0],
                [1.0, -0.0, 0.0, 0.0, -0.0, -0.239927, 0.970791, 0.37472, -0.0, -0.970791, -0.239927, 0.0, 0.0, 0.0, 0.0, 1.0],
                [1.0, -0.0, 0.0, -0.0, -0.0, -0.265723, 0.96405, 0.37472, -0.0, -0.96405, -0.265723, -0.0, 0.0, 0.0, 0.0, 1.0],
                [1.0, -0.0, -0.0, 0.0, 0.0, -0.320684, 0.947186, 0.37472, -0.0, -0.947187, -0.320684, -0.0, 0.0, 0.0, 0.0, 1.0],
                [1.0, -0.0, -0.0, -0.0, 0.0, -0.356744, 0.934202, 0.37472, -0.0, -0.934203, -0.356744, 0.0, 0.0, 0.0, 0.0, 1.0],
                [1.0, -0.0, -0.0, 0.0, 0.0, -0.60232, 0.798254, 0.37472, -0.0, -0.798255, -0.60232, -0.0, 0.0, 0.0, 0.0, 1.0],
                [1.0, -0.0, -0.0, -0.0, 0.0, -0.769843, 0.638234, 0.37472, -0.0, -0.638234, -0.769842, -0.0, 0.0, 0.0, 0.0, 1.0]
            ]
        },
        {
            "name": "Knee_L",
            "time": [0.0, 0.3, 0.7, 0.8333, 0.8667, 0.9, 0.9333, 0.9667, 1.0, 1.0333, 1.1667, 1.2, 1.3, 1.3667, 1.5, 1.6667],
            "transform": [
                [1.0, 0.0, -0.0, -0.0, -0.0, 1e-06, -1.0, 0.37472, -0.0, 1.0, 1e-06, 0.0, 0.0, 0.0, 0.0, 1.0],
                [1.0, 0.0, -0.0, -0.0, -0.0, 1e-06, -1.0, 0.37472, -0.0, 1.0, 1e-06, -0.0, 0.0, 0.0, 0.0, 1.0],
                [1.0, 0.0, -0.0, 0.0, -0.0, 1e-06, -1.0, 0.37472, -0.0, 1.0, 1e-06, 0.0, 0.0, 0.0, 0.0, 1.0],
                [1.0, 0.0, -0.0, -0.0, -0.0, 1e-06, -1.0, 0.37472, -0.0, 1.0, 1e-06, -0.0, 0.0, 0.0, 0.0, 1.0],
                [1.0, 0.0, -0.0, -0.0, -0.0, 1e-06, -1.0, 0.37472, -0.0, 1.0, 1e-06, -0.0, 0.0, 0.0, 0.0, 1.0],
                [1.0, 0.0, -0.0, -0.0, -0.0, 1e-06, -1.0, 0.37472, -0.0, 1.0, 1e-06, -0.0, 0.0, 0.0, 0.0, 1.0],
                [1.0, 0.0, -0.0, -0.0, -0.0, 1e-06, -1.0, 0.37472, -0.0, 1.0, 1e-06, -0.0, 0.0, 0.0, 0.0, 1.0],
                [1.0, 0.0, -0.0, 0.0, -0.0, 1e-06, -1.0, 0.37472, -0.0, 1.0, 1e-06, -0.0, 0.0, 0.0, 0.0, 1.0],
                [1.0, 0.0, -0.0, -0.0, -0.0, 1e-06, -1.0, 0.37472, -0.0, 1.0, 1e-06, -0.0, 0.0, 0.0, 0.0, 1.0],
                [1.0, 0.0, -0.0, 0.0, -0.0, 1e-06, -1.0, 0.37472, -0.0, 1.0, 1e-06, 0.0, 0.0, 0.0, 0.0, 1.0],
                [1.0, 0.0, -0.0, 0.0, -0.0, 1e-06, -1.0, 0.37472, -0.0, 1.0, 1e-06, 0.0, 0.0, 0.0, 0.0, 1.0],
                [1.0, 0.0, -0.0, -0.0, -0.0, 1e-06, -1.0, 0.37472, -0.0, 1.0, 1e-06, -0.0, 0.0, 0.0, 0.0, 1.0],
                [1.0, 0.0, -0.0, 0.0, -0.0, 1e-06, -1.0, 0.37472, -0.0, 1.0, 1e-06, -0.0, 0.0, 0.0, 0.0, 1.0],
                [1.0, 0.0, -0.0, -0.0, -0.0, 1e-06, -1.0, 0.37472, -0.0, 1.0, 1e-06, 0.0, 0.0, 0.0, 0.0, 1.0],
                [1.0, 0.0, -0.0, 0.0, -0.0, 1e-06, -1.0, 0.37472, -0.0, 1.0, 1e-06, -0.0, 0.0, 0.0, 0.0, 1.0],
                [1.0, 0.0, -0.0, -0.0, -0.0, 1e-06, -1.0, 0.37472, -0.0, 1.0, 1e-06, -0.0, 0.0, 0.0, 0.0, 1.0]
            ]
        },
        {
            "name": "Torso",
            "time": [0.0, 0.3, 0.7, 0.8333, 0.8667, 0.9, 0.9333, 0.9667, 1.0, 1.0333, 1.1667, 1.2, 1.3, 1.3667, 1.5, 1.6667],
            "transform": [
                [0.701234, -0.067462, -0.709732, -0.0, 0.007342, 0.996143, -0.087433, 0.05, 0.712893, 0.056101, 0.699025, 0.0, 0.0, 0.0, 0.0, 1.0],
                [0.858387, 0.057829, -0.509732, 0.0, 0.074166, 0.969198, 0.23485, 0.05, 0.507612, -0.239397, 0.827658, 0.0, 0.0, 0.0, 0.0, 1.0],
                [0.728652, 0.067559, 0.681543, 0.0, -0.109516, 0.993811, 0.018572, 0.05, -0.676071, -0.088172, 0.731542, -0.0, 0.0, 0.0, 0.0, 1.0],
                [0.20636, -0.040299, 0.977646, 0.0, -0.501582, 0.853533, 0.141056, 0.05, -0.840138, -0.519477, 0.155922, 0.0, 0.0, 0.0, 0.0, 1.0],
                [0.009481, -0.071905, 0.997366, -0.0, -0.516391, 0.85377, 0.066461, 0.05, -0.8563, -0.515661, -0.029036, -0.0, 0.0, 0.0, 0.0, 1.0],
                [-0.215992, -0.080956, 0.973033, -0.0, -0.472115, 0.880974, -0.031502, 0.05, -0.854667, -0.466188, -0.228504, -0.0, 0.0, 0.0, 0.0, 1.0],
                [-0.444715, -0.065476, 0.893276, -0.0, -0.385322, 0.914302, -0.124815, 0.05, -0.808552, -0.399706, -0.431833, -0.0, 0.0, 0.0, 0.0, 1.0],
                [-0.649791, -0.038976, 0.759113, -0.0, -0.285731, 0.937963, -0.196423, 0.05, -0.704365, -0.344537, -0.620616, -0.0, 0.0, 0.0, 0.0, 1.0],
                [-0.811501, -0.0294, 0.58361, -0.0, -0.211128, 0.946019, -0.245913, 0.05, -0.544877, -0.322776, -0.773902, -0.0, 0.0, 0.0, 0.0, 1.0],
                [-0.927452, -0.048046, 0.370844, 0.0, -0.163093, 0.944391, -0.285529, 0.05, -0.336504, -0.325296, -0.883713, 0.0, 0.0, 0.0, 0.0, 1.0],
                [-0.792583, -0.250236, -0.556053, -0.0, -0.013545, 0.918914, -0.394226, 0.05, 0.609614, -0.304925, -0.731705, -0.0, 0.0, 0.0, 0.0, 1.0],
                [-0.653062, -0.305981, -0.692738, 0.0, 0.013229, 0.909992, -0.414414, 0.05, 0.757189, -0.279802, -0.590234, -0.0, 0.0, 0.0, 0.0, 1.0],
                [-0.259872, -0.499583, -0.826367, -0.0, 0.04837, 0.84796, -0.527848, 0.05, 0.964431, -0.177145, -0.196196, -0.0, 0.0, 0.0, 0.0, 1.0],
                [0.031067, -0.590483, -0.806452, 0.0, 0.101339, 0.804544, -0.585182, 0.05, 0.994367, -0.063545, 0.084834, -0.0, 0.0, 0.0, 0.0, 1.0],
                [0.346915, -0.590457, -0.728705, 0.0, 0.213517, 0.806275, -0.551662, 0.05, 0.913269, 0.035789, 0.405782, -0.0, 0.0, 0.0, 0.0, 1.0],
                [0.730828, -0.411022, -0.544933, 0.0, 0.350234, 0.911067, -0.217472, 0.05, 0.585856, -0.031919, 0.809786, -0.0, 0.0, 0.0, 0.0, 1.0]
            ]
        },
        {
            "name": "Chest",
            "time": [0.0, 0.3, 0.7, 0.8333, 0.8667, 0.9, 0.9333, 0.9667, 1.0, 1.0333, 1.1667, 1.2, 1.3, 1.3667, 1.5, 1.6667],
            "transform": [
                [0.961219, -0.076487, -0.264967, 0.0, 0.082773, 0.996489, 0.012624, 0.3, 0.263071, -0.034066, 0.964174, -0.0, 0.0, 0.0, 0.0, 1.0],
                [0.992241, 0.046458, -0.115327, -0.0, -0.029488, 0.989035, 0.144709, 0.3, 0.120785, -0.140185, 0.98273, 0.0, 0.0, 0.0, 0.0, 1.0],
                [0.983687, -0.110794, 0.14172, -0.0, 0.050448, 0.926115, 0.373853, 0.3, -0.17267, -0.360605, 0.916596, 0.0, 0.0, 0.0, 0.0, 1.0],
                [0.916562, -0.375666, -0.137078, -0.0, 0.395028, 0.903865, 0.164258, 0.3, 0.062193, -0.204702, 0.976846, 0.0, 0.0, 0.0, 0.0, 1.0],
                [0.920448, -0.356153, -0.161029, 0.0, 0.383518, 0.902443, 0.196243, 0.3, 0.075427, -0.24239, 0.967242, 0.0, 0.0, 0.0, 0.0, 1.0],
                [0.940686, -0.297318, -0.16344, 0.0, 0.332814, 0.902229, 0.27426, 0.3, 0.065918, -0.312387, 0.947664, -0.0, 0.0, 0.0, 0.0, 1.0],
                [0.963462, -0.222454, -0.14918, 0.0, 0.263249, 0.889184, 0.374235, 0.3, 0.049398, -0.399833, 0.915255, 0.0, 0.0, 0.0, 0.0, 1.0],
                [0.979925, -0.153815, -0.126844, 0.0, 0.195975, 0.860051, 0.471069, 0.3, 0.036635, -0.486471, 0.872928, 0.0, 0.0, 0.0, 0.0, 1.0],
                [0.9878, -0.110165, -0.110067, -0.0, 0.152572, 0.826183, 0.542349, 0.3, 0.031188, -0.552526, 0.832911, -0.0, 0.0, 0.0, 0.0, 1.0],
                [0.990803, -0.089216, -0.10174, -0.0, 0.132351, 0.795474, 0.591358, 0.3, 0.028173, -0.599385, 0.799964, -0.0, 0.0, 0.0, 0.0, 1.0],
                [0.994878, -0.063711, -0.078484, 0.0, 0.100797, 0.684133, 0.722359, 0.3, 0.007671, -0.72657, 0.68705, -0.0, 0.0, 0.0, 0.0, 1.0],
                [0.995496, -0.060864, -0.072691, 0.0, 0.094748, 0.665631, 0.740242, 0.3, 0.003331, -0.743795, 0.668399, -0.0, 0.0, 0.0, 0.0, 1.0],
                [0.996737, -0.060321, -0.053632, 0.0, 0.080119, 0.658718, 0.748112, 0.3, -0.009798, -0.749968, 0.661401, -0.0, 0.0, 0.0, 0.0, 1.0],
                [0.997356, -0.060057, -0.040913, 0.0, 0.070281, 0.65407, 0.753162, 0.3, -0.018473, -0.754046, 0.656561, 0.0, 0.0, 0.0, 0.0, 1.0],
                [0.999522, -0.019103, -0.024318, 0.0, 0.030901, 0.587226, 0.808833, 0.3, -0.001171, -0.809198, 0.587535, -0.0, 0.0, 0.0, 0.0, 1.0],
                [0.996867, 0.079097, 0.001304, -0.0, -0.03527, 0.429639, 0.902311, 0.3, 0.070809, -0.89953, 0.431082, 0.0, 0.0, 0.0, 0.0, 1.0]
            ]
        },
        {
            "name": "Head",
            "time": [0.0, 0.3, 0.7, 0.8333, 0.8667, 0.9, 0.9333, 0.9667, 1.0, 1.0333, 1.1667, 1.2, 1.3, 1.3667, 1.5, 1.6667],
            "transform": [
                [0.548037, 0.020693, 0.836198, 0.0, -0.120729, 0.991183, 0.054596, 0.4, -0.827696, -0.130874, 0.545703, 0.0, 0.0, 0.0, 0.0, 1.0],
                [0.885372, -0.072874, 0.459135, 0.0, 0.100559, 0.994276, -0.0361, 0.4, -0.453877, 0.078133, 0.887632, 0.0, 0.0, 0.0, 0.0, 1.0],
                [0.901846, 0.330536, -0.278246, 0.0, -0.301784, 0.942771, 0.14181, 0.4, 0.309196, -0.043921, 0.949983, -0.0, 0.0, 0.0, 0.0, 1.0],
                [0.883917, 0.057674, 0.464074, -0.0, -0.400519, 0.605638, 0.687595, 0.4, -0.241404, -0.793647, 0.558433, -0.0, 0.0, 0.0, 0.0, 1.0],
                [0.881931, 0.023759, 0.470781, -0.0, -0.393138, 0.588114, 0.706799, 0.4, -0.26008, -0.808429, 0.528015, 0.0, 0.0, 0.0, 0.0, 1.0],
                [0.905598, 0.057571, 0.420213, 0.0, -0.362949, 0.617819, 0.697544, 0.4, -0.219457, -0.78421, 0.580391, 0.0, 0.0, 0.0, 0.0, 1.0],
                [0.931476, 0.124168, 0.341958, 0.0, -0.331329, 0.677733, 0.656429, 0.4, -0.150249, -0.724748, 0.672432, 0.0, 0.0, 0.0, 0.0, 1.0],
                [0.946313, 0.187624, 0.263229, 0.0, -0.312089, 0.742456, 0.592756, 0.4, -0.084221, -0.643083, 0.761151, 0.0, 0.0, 0.0, 0.0, 1.0],
                [0.951452, 0.222602, 0.212574, 0.0, -0.304109, 0.786461, 0.537584, 0.4, -0.047514, -0.576131, 0.815975, -0.0, 0.0, 0.0, 0.0, 1.0],
                [0.954072, 0.233371, 0.187844, -0.0, -0.297405, 0.813222, 0.50022, 0.4, -0.036022, -0.533111, 0.845277, -0.0, 0.0, 0.0, 0.0, 1.0],
                [0.965698, 0.22472, 0.130113, -0.0, -0.257877, 0.888737, 0.379005, 0.4, -0.030467, -0.399558, 0.916201, 0.0, 0.0, 0.0, 0.0, 1.0],
                [0.96806, 0.218165, 0.123552, -0.0, -0.248752, 0.897375, 0.364473, 0.4, -0.031357, -0.383565, 0.922981, -0.0, 0.0, 0.0, 0.0, 1.0],
                [0.974543, 0.189385, 0.119999, -0.0, -0.222518, 0.882494, 0.414355, 0.4, -0.027425, -0.430509, 0.902169, 0.0, 0.0, 0.0, 0.0, 1.0],
                [0.978462, 0.170242, 0.116746, -0.0, -0.204836, 0.870804, 0.446926, 0.4, -0.025578, -0.461214, 0.88692, -0.0, 0.0, 0.0, 0.0, 1.0],
                [0.95989, 0.139147, 0.243415, -0.0, -0.178719, 0.972584, 0.148793, 0.4, -0.216037, -0.186328, 0.958441, -0.0, 0.0, 0.0, 0.0, 1.0],
                [0.800892, 0.220505, 0.556731, -0.0, 0.12587, 0.846967, -0.516531, 0.4, -0.585431, 0.483761, 0.650574, 0.0, 0.0, 0.0, 0.0, 1.0]
            ]
        },
        {
            "name": "Shoulder_R",
            "time": [0.0, 0.3, 0.7, 0.8333, 0.8667, 0.9, 0.9333, 0.9667, 1.0, 1.0333, 1.1667, 1.2, 1.3, 1.3667, 1.5, 1.6667],
            "transform": [
                [0.292901, 0.909185, -0.295958, 0.0, 0.747626, -0.410734, -0.521874, 0.4, -0.596038, -0.068408, -0.800037, 0.0, 0.0, 0.0, 0.0, 1.0],
                [0.241737, 0.875026, -0.419397, 0.0, 0.81597, -0.417215, -0.400155, 0.4, -0.525122, -0.245483, -0.814853, 0.0, 0.0, 0.0, 0.0, 1.0],
                [0.138027, 0.797167, -0.58777, 0.0, 0.757865, -0.467074, -0.455502, 0.4, -0.637641, -0.382578, -0.668616, -0.0, 0.0, 0.0, 0.0, 1.0],
                [-0.108046, 0.882482, -0.457767, -0.0, 0.672032, -0.274485, -0.687773, 0.4, -0.732595, -0.381946, -0.563401, -0.0, 0.0, 0.0, 0.0, 1.0],
                [-0.062242, 0.9037, -0.42362, -0.0, 0.68481, -0.270099, -0.676817, 0.4, -0.726056, -0.332225, -0.602053, 0.0, 0.0, 0.0, 0.0, 1.0],
                [0.024923, 0.922844, -0.384366, 0.0, 0.720454, -0.283132, -0.633073, 0.4, -0.693052, -0.26114, -0.671925, 0.0, 0.0, 0.0, 0.0, 1.0],
                [0.128974, 0.930884, -0.341792, 0.0, 0.762767, -0.313377, -0.565669, 0.4, -0.633679, -0.187751, -0.750467, 0.0, 0.0, 0.0, 0.0, 1.0],
                [0.228582, 0.925184, -0.302959, 0.0, 0.795804, -0.356827, -0.489254, 0.4, -0.560752, -0.129262, -0.817832, 0.0, 0.0, 0.0, 0.0, 1.0],
                [0.308029, 0.90869, -0.281782, 0.0, 0.809696, -0.405902, -0.423833, 0.4, -0.499506, -0.097605, -0.860795, -0.0, 0.0, 0.0, 0.0, 1.0],
                [0.380505, 0.878277, -0.289559, -0.0, 0.803409, -0.46901, -0.366828, 0.4, -0.457981, -0.093055, -0.884079, -0.0, 0.0, 0.0, 0.0, 1.0],
                [0.651837, 0.656625, -0.379408, -0.0, 0.654377, -0.73986, -0.156195, 0.4, -0.383269, -0.146463, -0.911951, 0.0, 0.0, 0.0, 0.0, 1.0],
                [0.670454, 0.640158, -0.375084, -0.0, 0.63958, -0.754896, -0.145147, 0.4, -0.376065, -0.142582, -0.915558, -0.0, 0.0, 0.0, 0.0, 1.0],
                [0.543386, 0.802148, -0.247565, -0.0, 0.735024, -0.597079, -0.321301, 0.4, -0.405546, -0.007375, -0.914046, 0.0, 0.0, 0.0, 0.0, 1.0],
                [0.450026, 0.881574, -0.142487, -0.0, 0.779191, -0.465586, -0.419629, 0.4, -0.436273, 0.077819, -0.896444, -0.0, 0.0, 0.0, 0.0, 1.0],
                [0.511684, 0.796758, -0.32149, -0.0, 0.702707, -0.603396, -0.376981, 0.4, -0.494347, -0.033018, -0.868638, -0.0, 0.0, 0.0, 0.0, 1.0],
                [0.501039, 0.560949, -0.659012, -0.0, 0.559216, -0.791013, -0.248141, 0.4, -0.660479, -0.244201, -0.710023, 0.0, 0.0, 0.0, 0.0, 1.0]
            ]
        },
        {
            "name": "Arm_R",
            "time": [0.0, 0.3, 0.7, 0.8333, 0.8667, 0.9, 0.9333, 0.9667, 1.0, 1.0333, 1.1667, 1.2, 1.3, 1.3667, 1.5, 1.6667],
            "transform": [
                [0.386236, -0.818538, 0.425229, 0.0, 0.755358, 0.54526, 0.363493, 0.39386, -0.529393, 0.180807, 0.828885, -0.0, 0.0, 0.0, 0.0, 1.0],
                [0.489346, -0.689056, 0.53455, 0.0, 0.340793, 0.715307, 0.610079, 0.39386, -0.802746, -0.116368, 0.584856, 0.0, 0.0, 0.0, 0.0, 1.0],
                [0.305568, -0.600037, 0.739313, 0.0, 0.476097, 0.768706, 0.427112, 0.39386, -0.824597, 0.221473, 0.520565, 0.0, 0.0, 0.0, 0.0, 1.0],
                [0.526291, -0.844557, 0.09871, -0.0, 0.72511, 0.5064, 0.466664, 0.39386, -0.444112, -0.174026, 0.878907, -0.0, 0.0, 0.0, 0.0, 1.0],
                [0.586516, -0.790972, -0.174254, -0.0, 0.786354, 0.504563, 0.356461, 0.393861, -0.194028, -0.346096, 0.917915, -0.0, 0.0, 0.0, 0.0, 1.0],
                [0.563551, -0.688044, -0.457173, -0.0, 0.814635, 0.554688, 0.169387, 0.39386, 0.137043, -0.467889, 0.873096, 0.0, 0.0, 0.0, 0.0, 1.0],
                [0.439708, -0.607489, -0.661523, 0.0, 0.779521, 0.623971, -0.054862, 0.393861, 0.4461, -0.491549, 0.747913, -0.0, 0.0, 0.0, 0.0, 1.0],
                [0.290871, -0.587893, -0.754835, -0.0, 0.699668, 0.668821, -0.251288, 0.39386, 0.65258, -0.455043, 0.605868, -0.0, 0.0, 0.0, 0.0, 1.0],
                [0.201364, -0.602908, -0.77198, 0.0, 0.645031, 0.674734, -0.358706, 0.39386, 0.737149, -0.425722, 0.52476, 0.0, 0.0, 0.0, 0.0, 1.0],
                [0.203794, -0.609525, -0.766124, -0.0, 0.658445, 0.664455, -0.353484, 0.393861, 0.724513, -0.432414, 0.536748, -0.0, 0.0, 0.0, 0.0, 1.0],
                [0.608347, -0.552926, -0.569374, 0.0, 0.728695, 0.673405, 0.124622, 0.39386, 0.314513, -0.490715, 0.812575, -0.0, 0.0, 0.0, 0.0, 1.0],
                [0.64913, -0.567055, -0.50703, -0.0, 0.713409, 0.685134, 0.147107, 0.393861, 0.263966, -0.457213, 0.84928, 0.0, 0.0, 0.0, 0.0, 1.0],
                [0.570797, -0.697119, -0.433839, -0.0, 0.686565, 0.69502, -0.21349, 0.393861, 0.450355, -0.176, 0.875329, -0.0, 0.0, 0.0, 0.0, 1.0],
                [0.531214, -0.768523, -0.356631, 0.0, 0.629372, 0.639748, -0.44115, 0.39386, 0.567189, 0.009892, 0.823527, -0.0, 0.0, 0.0, 0.0, 1.0],
                [0.604099, -0.795628, -0.045191, -0.0, 0.793155, 0.594787, 0.130906, 0.39386, -0.077273, -0.114924, 0.990362, 0.0, 0.0, 0.0, 0.0, 1.0],
                [0.538273, -0.672901, 0.507413, -0.0, 0.455985, 0.738874, 0.496129, 0.393861, -0.70876, -0.035681, 0.704545, -0.0, 0.0, 0.0, 0.0, 1.0]
            ]
        },
        {
            "name": "Hand_R",
            "time": [0.0, 0.3, 0.7, 0.8333, 0.8667, 0.9, 0.9333, 0.9667, 1.0, 1.0333, 1.1667, 1.2, 1.3, 1.3667, 1.5, 1.6667],
            "transform": [
                [1.0, -0.0, -1e-06, -0.0, -0.0, 0.766175, -0.642633, 0.3, 0.0, 0.642635, 0.766172, -0.0, 0.0, 0.0, 0.0, 1.0],
                [1.0, -1e-06, -0.0, -0.0, 0.0, 0.322087, -0.946708, 0.3, 1e-06, 0.946712, 0.322086, 0.0, 0.0, 0.0, 0.0, 1.0],
                [1.0, 0.0, -1e-06, -0.0, -1e-06, 0.846395, -0.532557, 0.3, 0.0, 0.53256, 0.846391, -0.0, 0.0, 0.0, 0.0, 1.0],
                [1.0, -0.0, -1e-06, 0.0, -0.0, 0.56548, -0.824761, 0.3, 1e-06, 0.824765, 0.565477, 0.0, 0.0, 0.0, 0.0, 1.0],
                [1.0, -0.0, -0.0, 0.0, -0.0, 0.479548, -0.877515, 0.3, 1e-06, 0.877518, 0.479546, -0.0, 0.0, 0.0, 0.0, 1.0],
                [1.0, -0.0, -0.0, -0.0, -0.0, 0.437583, -0.899176, 0.3, 0.0, 0.89918, 0.437582, -0.0, 0.0, 0.0, 0.0, 1.0],
                [1.0, -1e-06, -0.0, -0.0, -0.0, 0.452824, -0.891599, 0.3, 1e-06, 0.891602, 0.452822, -0.0, 0.0, 0.0, 0.0, 1.0],
                [1.0, -0.0, -0.0, 0.0, -0.0, 0.49489, -0.868954, 0.3, 0.0, 0.868958, 0.494888, -0.0, 0.0, 0.0, 0.0, 1.0],
                [1.0, -0.0, -0.0, 0.0, -0.0, 0.50265, -0.864489, 0.3, 1e-06, 0.864492, 0.502648, 0.0, 0.0, 0.0, 0.0, 1.0],
                [1.0, -0.0, -0.0, 0.0, -0.0, 0.456582, -0.88968, 0.3, 0.0, 0.889684, 0.45658, 0.0, 0.0, 0.0, 0.0, 1.0],
                [1.0, -0.0, -0.0, 0.0, -0.0, 0.419969, -0.907537, 0.3, 0.0, 0.907541, 0.419967, 0.0, 0.0, 0.0, 0.0, 1.0],
                [1.0, -0.0, -0.0, -0.0, -0.0, 0.475504, -0.879712, 0.3, 1e-06, 0.879716, 0.475502, 0.0, 0.0, 0.0, 0.0, 1.0],
                [1.0, -0.0, -1e-06, -0.0, -1e-06, 0.643402, -0.765528, 0.3, 0.0, 0.765531, 0.643399, -0.0, 0.0, 0.0, 0.0, 1.0],
                [1.0, 0.0, -1e-06, 0.0, -1e-06, 0.740895, -0.671621, 0.300001, 0.0, 0.671624, 0.740892, 0.0, 0.0, 0.0, 0.0, 1.0],
                [1.0, -0.0, -1e-06, -0.0, -0.0, 0.515337, -0.856987, 0.3, 0.0, 0.85699, 0.515335, -0.0, 0.0, 0.0, 0.0, 1.0],
                [1.0, -0.0, -0.0, -0.0, -0.0, 0.468483, -0.883471, 0.3, 0.0, 0.883475, 0.468481, -0.0, 0.0, 0.0, 0.0, 1.0]
            ]
        },
        {
            "name": "Tool_R",
            "time": [0.0, 0.3, 0.7, 0.8333, 0.8667, 0.9, 0.9333, 0.9667, 1.0, 1.0333, 1.1667, 1.2, 1.3, 1.3667, 1.5, 1.6667],
            "transform": [
                [-0.954765, -0.123306, -0.270911, 0.0, 0.262894, 0.07896, -0.961034, 0.272858, 0.13985, -0.989096, -0.042906, 0.0, 0.0, 0.0, 0.0, 1.0],
                [-0.392759, 0.903859, -0.171841, 0.0, 0.364898, -0.018581, -0.930332, 0.272858, -0.843806, -0.428238, -0.321957, -0.0, 0.0, 0.0, 0.0, 1.0],
                [-0.100737, 0.913271, -0.395431, -0.0, 0.461444, -0.309623, -0.830983, 0.272858, -0.881057, -0.266268, -0.389551, -0.0, 0.0, 0.0, 0.0, 1.0],
                [-0.870523, 0.1725, -0.460884, 0.0, 0.453427, -0.084567, -0.886784, 0.272858, -0.191879, -0.981256, -0.0046, -0.0, 0.0, 0.0, 0.0, 1.0],
                [-0.85382, -0.037785, -0.519078, -0.0, 0.520809, -0.070089, -0.850335, 0.272858, -0.004244, -0.996692, 0.079372, 0.0, 0.0, 0.0, 0.0, 1.0],
                [-0.77378, -0.231067, -0.589637, 1e-06, 0.611221, -0.02641, -0.790616, 0.272858, 0.167066, -0.972471, 0.161374, -0.0, 0.0, 0.0, 0.0, 1.0],
                [-0.660624, -0.389836, -0.641384, -0.0, 0.679601, 0.053293, -0.731299, 0.272858, 0.319173, -0.919291, 0.229311, -0.0, 0.0, 0.0, 0.0, 1.0],
                [-0.553033, -0.505502, -0.662133, 0.0, 0.702339, 0.145395, -0.696534, 0.272858, 0.448232, -0.850517, 0.274132, -0.0, 0.0, 0.0, 0.0, 1.0],
                [-0.478666, -0.582337, -0.656979, -0.0, 0.692363, 0.210471, -0.689885, 0.272858, 0.539855, -0.785341, 0.301901, 1e-06, 0.0, 0.0, 0.0, 1.0],
                [-0.445024, -0.644291, -0.621946, -1e-06, 0.658561, 0.235816, -0.71432, 0.272858, 0.606706, -0.727708, 0.318788, -0.0, 0.0, 0.0, 0.0, 1.0],
                [-0.221347, -0.941173, -0.25679, -0.0, 0.217669, 0.209278, -0.952787, 0.272858, 0.950173, -0.266874, 0.15825, -0.0, 0.0, 0.0, 0.0, 1.0],
                [-0.087058, -0.976792, -0.19779, 0.0, 0.109641, 0.188152, -0.975443, 0.272858, 0.989702, -0.106638, 0.090546, -0.0, 0.0, 0.0, 0.0, 1.0],
                [0.448267, -0.882982, -0.141916, -1e-06, -0.058241, 0.129744, -0.98926, 0.272858, 0.891622, 0.451863, 0.006711, 0.0, 0.0, 0.0, 0.0, 1.0],
                [0.737747, -0.662151, -0.133447, 0.0, -0.140042, 0.043527, -0.988608, 0.272858, 0.660203, 0.74827, -0.060521, 0.0, 0.0, 0.0, 0.0, 1.0],
                [0.690254, -0.701424, 0.179142, -0.0, 0.212601, -0.040373, -0.975736, 0.272858, 0.691416, 0.711817, 0.121031, 0.0, 0.0, 0.0, 0.0, 1.0],
                [0.816386, -0.417782, 0.398901, -0.0, 0.32053, -0.247593, -0.913814, 0.272858, 0.480389, 0.87416, -0.068108, 0.0, 0.0, 0.0, 0.0, 1.0]
            ]
        },
        {
            "name": "Elbow_R",
            "time": [0.0, 0.3, 0.7, 0.8333, 0.8667, 0.9, 0.9333, 0.9667, 1.0, 1.0333, 1.1667, 1.2, 1.3, 1.3667, 1.5, 1.6667],
            "transform": [
                [-1.0, 0.0, 0.0, -0.0, 0.0, -0.0, -1.0, 0.3, -0.0, -1.0, 0.0, -0.0, 0.0, 0.0, 0.0, 1.0],
                [-1.0, 0.0, 0.0, -0.0, 0.0, -0.0, -1.0, 0.3, -0.0, -1.0, 0.0, 0.0, 0.0, 0.0, 0.0, 1.0],
                [-1.0, 0.0, 0.0, -0.0, 0.0, -0.0, -1.0, 0.3, -0.0, -1.0, 0.0, -0.0, 0.0, 0.0, 0.0, 1.0],
                [-1.0, 0.0, -0.0, 0.0, 0.0, -0.0, -1.0, 0.3, -0.0, -1.0, 0.0, 0.0, 0.0, 0.0, 0.0, 1.0],
                [-1.0, 0.0, -0.0, 0.0, 0.0, -0.0, -1.0, 0.3, -0.0, -1.0, 0.0, -0.0, 0.0, 0.0, 0.0, 1.0],
                [-1.0, 0.0, 0.0, -0.0, -0.0, -0.0, -1.0, 0.3, -0.0, -1.0, 0.0, -0.0, 0.0, 0.0, 0.0, 1.0],
                [-1.0, 0.0, -0.0, -0.0, 0.0, -0.0, -1.0, 0.3, -0.0, -1.0, 0.0, -0.0, 0.0, 0.0, 0.0, 1.0],
                [-1.0, 0.0, -0.0, 0.0, 0.0, -0.0, -1.0, 0.3, -0.0, -1.0, 0.0, -0.0, 0.0, 0.0, 0.0, 1.0],
                [-1.0, 0.0, -0.0, 0.0, 0.0, -0.0, -1.0, 0.3, -0.0, -1.0, 0.0, 0.0, 0.0, 0.0, 0.0, 1.0],
                [-1.0, 0.0, -0.0, 0.0, 0.0, -0.0, -1.0, 0.3, -0.0, -1.0, 0.0, 0.0, 0.0, 0.0, 0.0, 1.0],
                [-1.0, 0.0, -0.0, 0.0, 0.0, 0.0, -1.0, 0.3, -0.0, -1.0, 0.0, 0.0, 0.0, 0.0, 0.0, 1.0],
                [-1.0, 0.0, 0.0, -0.0, 0.0, 0.0, -1.0, 0.3, -0.0, -1.0, 0.0, 0.0, 0.0, 0.0, 0.0, 1.0],
                [-1.0, 0.0, -0.0, -0.0, 0.0, -0.0, -1.0, 0.3, -0.0, -1.0, 0.0, -0.0, 0.0, 0.0, 0.0, 1.0],
                [-1.0, 0.0, -0.0, 0.0, 0.0, -0.0, -1.0, 0.300001, -0.0, -1.0, 0.0, 0.0, 0.0, 0.0, 0.0, 1.0],
                [-1.0, 0.0, -0.0, -0.0, 0.0, -0.0, -1.0, 0.3, -0.0, -1.0, 0.0, -0.0, 0.0, 0.0, 0.0, 1.0],
                [-1.0, 0.0, -0.0, -0.0, -0.0, -0.0, -1.0, 0.3, -0.0, -1.0, -0.0, -0.0, 0.0, 0.0, 0.0, 1.0]
            ]
        },
        {
            "name": "Shoulder_L",
            "time": [0.0, 0.3, 0.7, 0.8333, 0.8667, 0.9, 0.9333, 0.9667, 1.0, 1.0333, 1.1667, 1.2, 1.3, 1.3667, 1.5, 1.6667],
            "transform": [
                [0.32667, -0.942252, 0.073833, 0.0, -0.863654, -0.32932, -0.381662, 0.4, 0.383946, 0.060911, -0.921334, 0.0, 0.0, 0.0, 0.0, 1.0],
                [0.335798, -0.935453, 0.110324, 0.0, -0.913475, -0.351982, -0.204188, 0.4, 0.229846, -0.032212, -0.972682, 0.0, 0.0, 0.0, 0.0, 1.0],
                [0.330067, -0.927602, -0.174963, 0.0, -0.91691, -0.270982, -0.293027, 0.4, 0.224407, 0.257144, -0.939945, -0.0, 0.0, 0.0, 0.0, 1.0],
                [0.293842, -0.953616, 0.065387, -0.0, -0.857142, -0.29315, -0.42354, 0.4, 0.423073, 0.068408, -0.9035, -0.0, 0.0, 0.0, 0.0, 1.0],
                [0.350551, -0.933773, 0.072005, -0.0, -0.834336, -0.34629, -0.42893, 0.4, 0.425469, 0.090285, -0.900449, 0.0, 0.0, 0.0, 0.0, 1.0],
                [0.443442, -0.895038, 0.047662, 0.0, -0.800204, -0.419283, -0.428822, 0.4, 0.403807, 0.152018, -0.902116, 0.0, 0.0, 0.0, 0.0, 1.0],
                [0.539733, -0.841805, 0.007816, 0.0, -0.759958, -0.491195, -0.425679, 0.4, 0.362187, 0.223812, -0.904826, 0.0, 0.0, 0.0, 0.0, 1.0],
                [0.611864, -0.790367, -0.030867, 0.0, -0.724883, -0.544684, -0.42175, 0.4, 0.316533, 0.280429, -0.906172, 0.0, 0.0, 0.0, 0.0, 1.0],
                [0.640111, -0.766591, -0.051067, 0.0, -0.710035, -0.564861, -0.420465, 0.4, 0.293486, 0.305404, -0.905856, -0.0, 0.0, 0.0, 0.0, 1.0],
                [0.635652, -0.770104, -0.053822, -0.0, -0.713281, -0.559204, -0.422529, 0.4, 0.295302, 0.306972, -0.904735, -0.0, 0.0, 0.0, 0.0, 1.0],
                [0.540623, -0.840545, -0.034898, -0.0, -0.765856, -0.474556, -0.433901, 0.4, 0.348162, 0.261304, -0.900269, 0.0, 0.0, 0.0, 0.0, 1.0],
                [0.504769, -0.862819, -0.027537, -0.0, -0.783758, -0.444665, -0.4336, 0.4, 0.361883, 0.240449, -0.90067, -0.0, 0.0, 0.0, 0.0, 1.0],
                [0.380842, -0.924587, -0.010131, -0.0, -0.84216, -0.342315, -0.416654, 0.4, 0.381775, 0.167211, -0.908994, 0.0, 0.0, 0.0, 0.0, 1.0],
                [0.294146, -0.955758, 0.002846, -0.0, -0.872901, -0.26985, -0.406498, 0.4, 0.389292, 0.117086, -0.913633, -0.0, 0.0, 0.0, 0.0, 1.0],
                [0.202913, -0.979187, 0.00457, -0.0, -0.891326, -0.18663, -0.413187, 0.4, 0.405451, 0.079768, -0.91062, -0.0, 0.0, 0.0, 0.0, 1.0],
                [0.092659, -0.995614, -0.012992, -0.0, -0.897291, -0.077836, -0.434542, 0.4, 0.431636, 0.051921, -0.900543, 0.0, 0.0, 0.0, 0.0, 1.0]
            ]
        },
        {
            "name": "Arm_L",
            "time": [0.0, 0.3, 0.7, 0.8333, 0.8667, 0.9, 0.9333, 0.9667, 1.0, 1.0333, 1.1667, 1.2, 1.3, 1.3667, 1.5, 1.6667],
            "transform": [
                [0.589829, 0.802059, -0.093719, -0.0, -0.801617, 0.595563, 0.051955, 0.39386, 0.097486, 0.044481, 0.99426, 0.0, 0.0, 0.0, 0.0, 1.0],
                [0.928442, 0.366341, -0.061466, 0.0, -0.344316, 0.91081, 0.227705, 0.39386, 0.139401, -0.190242, 0.971807, -0.0, 0.0, 0.0, 0.0, 1.0],
                [0.928406, 0.325261, -0.179606, 0.0, -0.339282, 0.939181, -0.052937, 0.39386, 0.151463, 0.110081, 0.982332, 0.0, 0.0, 0.0, 0.0, 1.0],
                [0.743204, 0.634534, -0.212132, 0.0, -0.550032, 0.75997, 0.346258, 0.39386, 0.380924, -0.140657, 0.91386, 0.0, 0.0, 0.0, 0.0, 1.0],
                [0.791945, 0.547605, -0.270074, -0.0, -0.48215, 0.832236, 0.273672, 0.39386, 0.374626, -0.086514, 0.923147, -0.0, 0.0, 0.0, 0.0, 1.0],
                [0.87979, 0.34179, -0.330369, 0.0, -0.327758, 0.939527, 0.099193, 0.39386, 0.34429, 0.021012, 0.938645, -0.0, 0.0, 0.0, 0.0, 1.0],
                [0.932784, 0.077095, -0.352089, 0.0, -0.126695, 0.984637, -0.120054, 0.39386, 0.337421, 0.156588, 0.928255, -0.0, 0.0, 0.0, 0.0, 1.0],
                [0.929451, -0.151061, -0.336595, 0.0, 0.041249, 0.949146, -0.312089, 0.39386, 0.366619, 0.27618, 0.888448, -0.0, 0.0, 0.0, 0.0, 1.0],
