{
    "animation": [
        {
            "name": "Root",
            "time": [0.0, 0.3333, 1.0, 1.1, 1.1667, 2.1667, 2.8333, 3.0, 3.6667, 4.3333, 5.4667],
            "transform": [
                [1.0, -0.0, 0.0, -2.2e-05, 0.0, -0.0, -1.0, 4.1e-05, 0.0, 1.0, -0.0, 2.420739, 0.0, 0.0, 0.0, 1.0],
                [1.0, -0.0, 0.0, 0.055784, 0.0, -0.0, -1.0, 1.333764, 0.0, 1.0, -0.0, 3.043654, 0.0, 0.0, 0.0, 1.0],
                [1.0, -0.0, 0.0, 0.085568, 0.0, -0.0, -1.0, 4.593867, 0.0, 1.0, -0.0, 2.126077, 0.0, 0.0, 0.0, 1.0],
                [1.0, -0.0, 0.0, 0.132268, 0.0, -0.0, -1.0, 5.417424, 0.0, 1.0, -0.0, 0.711701, 0.0, 0.0, 0.0, 1.0],
                [1.0, -0.0, 0.0, 0.327687, 0.0, -0.0, -1.0, 5.975847, 0.0, 1.0, -0.0, 0.387574, 0.0, 0.0, 0.0, 1.0],
                [1.0, -0.0, 0.0, 0.372393, 0.0, -0.0, -1.0, 5.944279, 0.0, 1.0, -0.0, 0.358107, 0.0, 0.0, 0.0, 1.0],
                [1.0, -0.0, 0.0, 0.045655, 0.0, -0.0, -1.0, 5.552721, 0.0, 1.0, -0.0, 0.593427, 0.0, 0.0, 0.0, 1.0],
                [1.0, -0.0, 0.0, -0.031718, 0.0, -0.0, -1.0, 5.286052, 0.0, 1.0, -0.0, 0.624121, 0.0, 0.0, 0.0, 1.0],
                [1.0, -0.0, 0.0, 0.174613, 0.0, -0.0, -1.0, 5.389906, 0.0, 1.0, -0.0, 0.624121, 0.0, 0.0, 0.0, 1.0],
                [1.0, -0.0, 0.0, 0.103267, 0.0, -0.0, -1.0, 5.420637, 0.0, 1.0, -0.0, 0.593427, 0.0, 0.0, 0.0, 1.0],
                [1.0, -0.0, 0.0, 0.121562, 0.0, -0.0, -1.0, 5.478321, 0.0, 1.0, -0.0, 0.624121, 0.0, 0.0, 0.0, 1.0]
            ]
        },
        {
            "name": "Thigh_R",
            "time": [0.0, 0.3333, 1.0, 1.1, 1.1667, 2.1667, 2.8333, 3.0, 3.6667, 4.3333, 5.4667],
            "transform": [
                [0.560631, 0.826877, -0.044352, 0.124994, 0.355228, -0.191774, 0.914897, -0.002831, 0.748001, -0.528674, -0.401245, -1.2e-05, 0.0, 0.0, 0.0, 1.0],
                [0.460526, 0.783776, -0.416667, 0.124994, 0.68582, -0.016172, 0.727591, -0.002831, 0.563529, -0.620833, -0.544978, -1.2e-05, 0.0, 0.0, 0.0, 1.0],
                [0.170814, 0.944148, 0.281795, 0.124994, 0.775944, 0.047358, -0.629021, -0.00283, -0.607234, 0.326103, -0.724516, -1.2e-05, 0.0, 0.0, 0.0, 1.0],
                [0.860048, -0.25401, -0.442488, 0.124994, 0.412958, -0.162768, 0.896087, -0.002831, -0.299638, -0.953407, -0.035093, -1.2e-05, 0.0, 0.0, 0.0, 1.0],
                [0.294915, -0.640854, -0.708753, 0.124994, 0.675199, -0.385081, 0.629142, -0.002831, -0.676115, -0.664093, 0.319137, -1.2e-05, 0.0, 0.0, 0.0, 1.0],
                [0.278514, -0.704824, -0.652421, 0.124994, 0.689511, -0.326144, 0.646687, -0.00283, -0.668584, -0.629963, 0.395148, -1.2e-05, 0.0, 0.0, 0.0, 1.0],
                [0.948265, 0.04456, -0.314335, 0.124994, 0.244794, -0.733087, 0.634555, -0.00283, -0.202159, -0.678674, -0.706069, -1.2e-05, 0.0, 0.0, 0.0, 1.0],
                [0.923944, 0.322724, 0.20537, 0.124994, 0.274559, -0.933309, 0.231411, -0.002831, 0.266355, -0.157425, -0.950932, -1.2e-05, 0.0, 0.0, 0.0, 1.0],
                [0.532632, 0.326221, 0.78095, 0.124994, 0.184593, -0.945293, 0.268973, -0.002831, 0.825971, 0.000895, -0.563712, -1.2e-05, 0.0, 0.0, 0.0, 1.0],
                [0.351819, 0.292718, 0.889123, 0.124994, 0.237076, -0.946743, 0.21788, -0.002831, 0.905549, 0.134135, -0.402479, -1.1e-05, 0.0, 0.0, 0.0, 1.0],
                [0.589238, 0.231012, 0.77423, 0.124994, 0.263975, -0.96071, 0.085751, -0.002831, 0.763619, 0.15385, -0.627069, -1.2e-05, 0.0, 0.0, 0.0, 1.0]
            ]
        },
        {
            "name": "Leg_R",
            "time": [0.0, 0.3333, 1.0, 1.1, 1.1667, 2.1667, 2.8333, 3.0, 3.6667, 4.3333, 5.4667],
            "transform": [
                [1.0, 0.0, -0.0, 0.0, 0.0, -0.524302, 0.851533, 0.37472, 0.0, -0.851532, -0.524302, -0.0, 0.0, 0.0, 0.0, 1.0],
                [1.0, 0.0, -0.0, 0.0, 0.0, -0.614804, 0.78868, 0.37472, 0.0, -0.788679, -0.614805, -0.0, 0.0, 0.0, 0.0, 1.0],
                [1.0, 0.0, -0.0, -0.0, 0.0, 0.33418, 0.942509, 0.37472, 0.0, -0.942509, 0.33418, 0.0, 0.0, 0.0, 0.0, 1.0],
                [1.0, 0.0, -0.0, 0.0, 0.0, -0.243101, 0.970001, 0.37472, 0.0, -0.970001, -0.243101, 0.0, 0.0, 0.0, 0.0, 1.0],
                [1.0, 0.0, -0.0, 1e-06, 0.0, -0.458943, 0.888465, 0.37472, 0.0, -0.888466, -0.458942, -0.0, 0.0, 0.0, 0.0, 1.0],
                [1.0, 0.0, -0.0, 0.0, 0.0, -0.475673, 0.879622, 0.37472, 0.0, -0.879622, -0.475673, -0.0, 0.0, 0.0, 0.0, 1.0],
                [1.0, 0.0, -0.0, 0.0, 0.0, 0.279501, 0.960146, 0.37472, 0.0, -0.960145, 0.279501, -0.0, 0.0, 0.0, 0.0, 1.0],
                [1.0, -0.0, -0.0, 0.0, 0.0, 0.772634, 0.634852, 0.37472, 0.0, -0.634851, 0.772634, -0.0, 0.0, 0.0, 0.0, 1.0],
                [1.0, -0.0, -0.0, 1e-06, 0.0, 0.743128, 0.669149, 0.37472, 0.0, -0.669149, 0.743129, 1e-06, 0.0, 0.0, 0.0, 1.0],
                [1.0, -0.0, -0.0, 0.0, 0.0, 0.901899, 0.431946, 0.37472, 0.0, -0.431946, 0.9019, 0.0, 0.0, 0.0, 0.0, 1.0],
                [1.0, -0.0, -0.0, 0.0, 0.0, 0.9322, 0.361942, 0.37472, 0.0, -0.361942, 0.932202, -0.0, 0.0, 0.0, 0.0, 1.0]
            ]
        },
        {
            "name": "Knee_R",
            "time": [0.0, 0.3333, 1.0, 1.1, 1.1667, 2.1667, 2.8333, 3.0, 3.6667, 4.3333, 5.4667],
            "transform": [
                [1.0, 0.0, -0.0, 0.0, -0.0, 1e-06, -1.0, 0.37472, -0.0, 1.0, 1e-06, -0.0, 0.0, 0.0, 0.0, 1.0],
                [1.0, 0.0, -0.0, 0.0, -0.0, 1e-06, -1.0, 0.37472, -0.0, 1.0, 1e-06, -0.0, 0.0, 0.0, 0.0, 1.0],
                [1.0, 0.0, -0.0, -0.0, -0.0, 1e-06, -1.0, 0.37472, -0.0, 1.0, 1e-06, 0.0, 0.0, 0.0, 0.0, 1.0],
                [1.0, 0.0, -0.0, 0.0, -0.0, 1e-06, -1.0, 0.37472, -0.0, 1.0, 1e-06, 0.0, 0.0, 0.0, 0.0, 1.0],
                [1.0, 0.0, -0.0, 1e-06, -0.0, 1e-06, -1.0, 0.37472, -0.0, 1.0, 1e-06, -0.0, 0.0, 0.0, 0.0, 1.0],
                [1.0, 0.0, -0.0, 0.0, -0.0, 1e-06, -1.0, 0.37472, -0.0, 1.0, 1e-06, -0.0, 0.0, 0.0, 0.0, 1.0],
                [1.0, 0.0, -0.0, 0.0, -0.0, 1e-06, -1.0, 0.37472, -0.0, 1.0, 1e-06, -0.0, 0.0, 0.0, 0.0, 1.0],
                [1.0, 0.0, -0.0, 0.0, -0.0, 1e-06, -1.0, 0.37472, -0.0, 1.0, 1e-06, -0.0, 0.0, 0.0, 0.0, 1.0],
                [1.0, 0.0, -0.0, 1e-06, -0.0, 1e-06, -1.0, 0.37472, -0.0, 1.0, 1e-06, 1e-06, 0.0, 0.0, 0.0, 1.0],
                [1.0, 0.0, -0.0, 0.0, -0.0, 1e-06, -1.0, 0.37472, -0.0, 1.0, 1e-06, 0.0, 0.0, 0.0, 0.0, 1.0],
                [1.0, 0.0, -0.0, 0.0, -0.0, 1e-06, -1.0, 0.37472, -0.0, 1.0, 1e-06, -0.0, 0.0, 0.0, 0.0, 1.0]
            ]
        },
        {
            "name": "Thigh_L",
            "time": [0.0, 0.3333, 1.0, 1.1, 1.1667, 2.1667, 2.8333, 3.0, 3.6667, 4.3333, 5.4667],
            "transform": [
                [0.996364, 0.059405, -0.061065, -0.125006, 0.078173, -0.922454, 0.378112, -0.002831, -0.033868, -0.381511, -0.923743, -1.2e-05, 0.0, 0.0, 0.0, 1.0],
                [0.860206, 0.458454, -0.223308, -0.125006, 0.485632, -0.870077, 0.084428, -0.002831, -0.155589, -0.181071, -0.971085, -1.2e-05, 0.0, 0.0, 0.0, 1.0],
                [0.831201, 0.525445, 0.18169, -0.125006, 0.387881, -0.313934, -0.866599, -0.00283, -0.398311, 0.790792, -0.464752, -1.2e-05, 0.0, 0.0, 0.0, 1.0],
                [0.729713, -0.373731, -0.572577, -0.125006, -0.346883, -0.923983, 0.161019, -0.002831, -0.589229, 0.08112, -0.803884, -1.1e-05, 0.0, 0.0, 0.0, 1.0],
                [0.201425, -0.791649, -0.576818, -0.125006, -0.837575, -0.444521, 0.317598, -0.002831, -0.507834, 0.419157, -0.752604, -1.2e-05, 0.0, 0.0, 0.0, 1.0],
                [0.171431, -0.866309, -0.469169, -0.125006, -0.832543, -0.382013, 0.401172, -0.002831, -0.526767, 0.32183, -0.786728, -1.2e-05, 0.0, 0.0, 0.0, 1.0],
                [0.826718, -0.490765, -0.275111, -0.125006, -0.240503, -0.750326, 0.615768, -0.002831, -0.50862, -0.442901, -0.738339, -1.2e-05, 0.0, 0.0, 0.0, 1.0],
                [0.973992, -0.181106, 0.136159, -0.125006, -0.224828, -0.847081, 0.481567, -0.002831, 0.028123, -0.499654, -0.865768, -1.2e-05, 0.0, 0.0, 0.0, 1.0],
                [0.919738, -0.063863, 0.387303, -0.125006, -0.270526, -0.81806, 0.507536, -0.002831, 0.284425, -0.571575, -0.769678, -1.1e-05, 0.0, 0.0, 0.0, 1.0],
                [0.847269, 0.097562, 0.522126, -0.125006, -0.216527, -0.834164, 0.507233, -0.00283, 0.485026, -0.542817, -0.685637, -1.2e-05, 0.0, 0.0, 0.0, 1.0],
                [0.89331, -0.046853, 0.446991, -0.125006, -0.213768, -0.919145, 0.330872, -0.002831, 0.395348, -0.391123, -0.831097, -1.2e-05, 0.0, 0.0, 0.0, 1.0]
            ]
        },
        {
            "name": "Leg_L",
            "time": [0.0, 0.3333, 1.0, 1.1, 1.1667, 2.1667, 2.8333, 3.0, 3.6667, 4.3333, 5.4667],
            "transform": [
                [1.000001, -0.0, 0.0, 0.0, -0.0, 0.401083, 0.916041, 0.37472, -0.0, -0.916042, 0.401083, 0.0, 0.0, 0.0, 0.0, 1.0],
                [1.0, -0.0, 0.0, 0.0, -0.0, 0.117669, 0.993053, 0.37472, -0.0, -0.993053, 0.117669, -0.0, 0.0, 0.0, 0.0, 1.0],
                [1.0, -0.0, 0.0, 0.0, -0.0, -0.231579, 0.972817, 0.37472, -0.0, -0.972816, -0.231579, -0.0, 0.0, 0.0, 0.0, 1.0],
                [1.0, -0.0, 0.0, -0.0, -0.0, 0.871148, 0.491021, 0.37472, -0.0, -0.491021, 0.871148, -0.0, 0.0, 0.0, 0.0, 1.0],
                [1.0, -0.0, 0.0, -0.0, 0.0, 0.414898, 0.909868, 0.37472, -0.0, -0.909868, 0.414898, 0.0, 0.0, 0.0, 0.0, 1.0],
                [1.0, -0.0, 0.0, 0.0, -0.0, 0.312095, 0.950051, 0.37472, -0.0, -0.95005, 0.312095, -0.0, 0.0, 0.0, 0.0, 1.0],
                [1.0, -0.0, 0.0, 0.0, -0.0, 0.483911, 0.875118, 0.37472, -0.0, -0.875118, 0.483911, 0.0, 0.0, 0.0, 0.0, 1.0],
                [1.0, -0.0, 0.0, 0.0, -0.0, 0.762985, 0.646416, 0.37472, -0.0, -0.646416, 0.762985, -0.0, 0.0, 0.0, 0.0, 1.0],
                [1.0, -0.0, 0.0, 0.0, -0.0, 0.751804, 0.659387, 0.37472, -0.0, -0.659387, 0.751804, -0.0, 0.0, 0.0, 0.0, 1.0],
                [1.0, 0.0, 0.0, 0.0, -0.0, 0.688237, 0.725486, 0.37472, -0.0, -0.725485, 0.688238, -0.0, 0.0, 0.0, 0.0, 1.0],
                [1.0, 0.0, 0.0, 0.0, -0.0, 0.862422, 0.50619, 0.37472, -0.0, -0.506189, 0.862423, -1e-06, 0.0, 0.0, 0.0, 1.0]
            ]
        },
        {
            "name": "Knee_L",
            "time": [0.0, 0.3333, 1.0, 1.1, 1.1667, 2.1667, 2.8333, 3.0, 3.6667, 4.3333, 5.4667],
            "transform": [
                [1.0, 0.0, -0.0, 0.0, -0.0, 1e-06, -1.0, 0.37472, -0.0, 1.0, 1e-06, 0.0, 0.0, 0.0, 0.0, 1.0],
                [1.0, 0.0, -0.0, 0.0, -0.0, 1e-06, -1.0, 0.37472, -0.0, 1.0, 1e-06, -0.0, 0.0, 0.0, 0.0, 1.0],
                [1.0, 0.0, -0.0, 0.0, -0.0, 1e-06, -1.0, 0.37472, -0.0, 1.0, 1e-06, -0.0, 0.0, 0.0, 0.0, 1.0],
                [1.0, 0.0, -0.0, -0.0, -0.0, 1e-06, -1.0, 0.37472, -0.0, 1.0, 1e-06, -0.0, 0.0, 0.0, 0.0, 1.0],
                [1.0, 0.0, -0.0, -0.0, -0.0, 1e-06, -1.0, 0.37472, -0.0, 1.0, 1e-06, 0.0, 0.0, 0.0, 0.0, 1.0],
                [1.0, 0.0, -0.0, 0.0, -0.0, 1e-06, -1.0, 0.37472, -0.0, 1.0, 1e-06, -0.0, 0.0, 0.0, 0.0, 1.0],
                [1.0, 0.0, -0.0, 0.0, -0.0, 1e-06, -1.0, 0.37472, -0.0, 1.0, 1e-06, 0.0, 0.0, 0.0, 0.0, 1.0],
                [1.0, 0.0, -0.0, 0.0, -0.0, 1e-06, -1.0, 0.37472, -0.0, 1.0, 1e-06, -0.0, 0.0, 0.0, 0.0, 1.0],
                [1.0, 0.0, -0.0, 0.0, -0.0, 1e-06, -1.0, 0.37472, -0.0, 1.0, 1e-06, -0.0, 0.0, 0.0, 0.0, 1.0],
                [1.0, 0.0, -0.0, 0.0, -0.0, 1e-06, -1.0, 0.37472, -0.0, 1.0, 1e-06, -0.0, 0.0, 0.0, 0.0, 1.0],
                [1.0, 0.0, -0.0, 0.0, -0.0, 1e-06, -1.0, 0.37472, -0.0, 1.0, 1e-06, -1e-06, 0.0, 0.0, 0.0, 1.0]
            ]
        },
        {
            "name": "Torso",
            "time": [0.0, 0.3333, 1.0, 1.1, 1.1667, 2.1667, 2.8333, 3.0, 3.6667, 4.3333, 5.4667],
            "transform": [
                [0.716087, -0.414721, -0.561449, -0.0, 0.393877, 0.904142, -0.165494, 0.05, 0.576263, -0.102633, 0.810794, 0.0, 0.0, 0.0, 0.0, 1.0],
                [0.607094, -0.77599, -0.171101, -0.0, 0.770184, 0.627613, -0.113658, 0.05, 0.195583, -0.062778, 0.978676, -0.0, 0.0, 0.0, 0.0, 1.0],
                [0.117337, -0.960198, 0.253476, 0.0, 0.739767, 0.254797, 0.622754, 0.05, -0.662553, 0.114441, 0.740221, -0.0, 0.0, 0.0, 0.0, 1.0],
                [0.422163, -0.579903, 0.696772, 0.0, 0.206832, 0.809966, 0.548795, 0.05, -0.88261, -0.087566, 0.46188, -0.0, 0.0, 0.0, 0.0, 1.0],
                [0.265285, -0.438713, 0.858577, -0.0, -0.091686, 0.874969, 0.475419, 0.05, -0.959801, -0.204841, 0.191892, 0.0, 0.0, 0.0, 0.0, 1.0],
                [0.22314, -0.422493, 0.878469, -0.0, -0.09793, 0.886916, 0.451431, 0.05, -0.969855, -0.186761, 0.156531, 0.0, 0.0, 0.0, 0.0, 1.0],
                [0.908626, -0.111458, 0.402462, -0.0, 0.0481, 0.985244, 0.164258, 0.05, -0.414831, -0.129891, 0.900579, -0.0, 0.0, 0.0, 0.0, 1.0],
                [0.990355, -0.01871, -0.137282, 0.0, 0.027178, 0.997824, 0.060076, 0.05, 0.135859, -0.063228, 0.988709, -0.0, 0.0, 0.0, 0.0, 1.0],
                [0.819062, -0.076488, -0.568582, 0.0, 0.077071, 0.996759, -0.023066, 0.05, 0.568504, -0.024929, 0.822303, -0.0, 0.0, 0.0, 0.0, 1.0],
                [0.728793, -0.188234, -0.658352, 0.0, 0.195829, 0.978611, -0.06302, 0.05, 0.656133, -0.082995, 0.750067, -0.0, 0.0, 0.0, 0.0, 1.0],
                [0.701234, -0.067462, -0.709732, -0.0, 0.007341, 0.996143, -0.087433, 0.05, 0.712893, 0.056101, 0.699025, -0.0, 0.0, 0.0, 0.0, 1.0]
            ]
        },
        {
            "name": "Chest",
            "time": [0.0, 0.3333, 1.0, 1.1, 1.1667, 2.1667, 2.8333, 3.0, 3.6667, 4.3333, 5.4667],
            "transform": [
                [0.998186, 0.055647, 0.022981, -0.0, -0.044933, 0.434509, 0.899546, 0.3, 0.040071, -0.898947, 0.436221, -0.0, 0.0, 0.0, 0.0, 1.0],
                [0.965966, 0.200778, -0.163086, 0.0, 0.011696, 0.595938, 0.802946, 0.3, 0.258403, -0.777526, 0.573308, 0.0, 0.0, 0.0, 0.0, 1.0],
                [0.930102, 0.335042, -0.150526, -0.0, -0.352659, 0.929147, -0.11098, 0.3, 0.102678, 0.156307, 0.982357, -0.0, 0.0, 0.0, 0.0, 1.0],
                [0.997055, -0.048172, -0.059674, 0.0, 0.054055, 0.993392, 0.10124, 0.3, 0.054403, -0.104168, 0.993071, -0.0, 0.0, 0.0, 0.0, 1.0],
                [0.799115, 0.028429, 0.600505, -0.0, -0.277715, 0.90337, 0.326799, 0.3, -0.533188, -0.427919, 0.729791, 0.0, 0.0, 0.0, 0.0, 1.0],
                [0.785116, -0.077198, 0.614518, -0.0, -0.295309, 0.825493, 0.480991, 0.3, -0.544413, -0.559107, 0.625311, 0.0, 0.0, 0.0, 0.0, 1.0],
                [0.968472, 0.064705, 0.240571, 0.0, -0.108455, 0.978874, 0.173327, 0.3, -0.224273, -0.193953, 0.955031, 0.0, 0.0, 0.0, 0.0, 1.0],
                [0.981351, 0.113652, 0.155028, 0.0, -0.136939, 0.979325, 0.148893, 0.3, -0.1349, -0.167346, 0.976626, 0.0, 0.0, 0.0, 0.0, 1.0],
                [0.99395, 0.069097, 0.085374, -0.0, -0.076522, 0.993265, 0.086998, 0.3, -0.078788, -0.093004, 0.992544, 0.0, 0.0, 0.0, 0.0, 1.0],
                [0.82169, 0.160358, -0.54691, -0.0, -0.087694, 0.983747, 0.156688, 0.3, 0.563147, -0.080788, 0.822399, 1e-06, 0.0, 0.0, 0.0, 1.0],
                [0.961219, -0.076486, -0.264967, -1e-06, 0.082772, 0.996488, 0.012624, 0.3, 0.263071, -0.034066, 0.964176, -0.0, 0.0, 0.0, 0.0, 1.0]
            ]
        },
        {
            "name": "Head",
            "time": [0.0, 0.3333, 1.0, 1.1, 1.1667, 2.1667, 2.8333, 3.0, 3.6667, 4.3333, 5.4667],
            "transform": [
                [0.816498, 0.22971, 0.529683, -0.0, 0.10418, 0.843761, -0.526511, 0.4, -0.56787, 0.485077, 0.664999, 0.0, 0.0, 0.0, 0.0, 1.0],
                [0.869013, 0.316789, 0.380079, 0.0, -0.054134, 0.824427, -0.563373, 0.4, -0.491817, 0.469003, 0.733588, -0.0, 0.0, 0.0, 0.0, 1.0],
                [0.875282, 0.335118, -0.348679, 0.0, -0.423396, 0.879415, -0.217632, 0.4, 0.233701, 0.338119, 0.911625, 0.0, 0.0, 0.0, 0.0, 1.0],
                [0.613382, 0.105407, -0.782721, 0.0, -0.426061, 0.878638, -0.21556, 0.4, 0.665007, 0.465707, 0.583851, 0.0, 0.0, 0.0, 0.0, 1.0],
                [0.067818, -0.25611, -0.964266, 0.0, -0.581684, 0.775079, -0.246772, 0.4, 0.810584, 0.577633, -0.09641, 0.0, 0.0, 0.0, 0.0, 1.0],
                [0.507396, -0.042816, -0.860649, 0.0, -0.647589, 0.639956, -0.413624, 0.4, 0.568488, 0.767217, 0.296984, -0.0, 0.0, 0.0, 0.0, 1.0],
                [0.933359, -0.048764, -0.355616, 0.0, -0.137855, 0.86605, -0.480576, 0.4, 0.331416, 0.497573, 0.801615, -0.0, 0.0, 0.0, 0.0, 1.0],
                [0.96021, -0.097055, -0.261873, 0.0, -0.039635, 0.880824, -0.471782, 0.4, 0.276453, 0.463388, 0.84193, 1e-06, 0.0, 0.0, 0.0, 1.0],
                [0.964386, 0.096776, 0.246158, -0.0, 0.016894, 0.906222, -0.422465, 0.4, -0.263958, 0.411578, 0.872314, 0.0, 0.0, 0.0, 0.0, 1.0],
                [0.424796, 0.26313, 0.866205, -0.0, -0.36608, 0.925035, -0.101471, 0.4, -0.827969, -0.273996, 0.489278, 0.0, 0.0, 0.0, 0.0, 1.0],
                [0.548037, 0.020692, 0.836199, -0.0, -0.120728, 0.991183, 0.054597, 0.4, -0.827695, -0.130873, 0.545703, -0.0, 0.0, 0.0, 0.0, 1.0]
            ]
        },
        {
            "name": "Shoulder_R",
            "time": [0.0, 0.3333, 1.0, 1.1, 1.1667, 2.1667, 2.8333, 3.0, 3.6667, 4.3333, 5.4667],
            "transform": [
                [0.331716, 0.616044, -0.714459, -0.0, 0.621688, -0.712379, -0.325608, 0.4, -0.709558, -0.336161, -0.619293, 0.0, 0.0, 0.0, 0.0, 1.0],
                [0.618265, 0.598665, -0.509262, 0.0, 0.584297, -0.783458, -0.21164, 0.4, -0.525689, -0.166711, -0.834181, -0.0, 0.0, 0.0, 0.0, 1.0],
                [0.172637, 0.907656, -0.382566, 0.0, 0.920799, -0.286631, -0.264527, 0.4, -0.349756, -0.306599, -0.885249, 0.0, 0.0, 0.0, 0.0, 1.0],
                [0.067495, 0.963101, -0.260539, 0.0, 0.939971, -0.148935, -0.307043, 0.4, -0.334518, -0.224175, -0.915337, 0.0, 0.0, 0.0, 0.0, 1.0],
                [0.072812, 0.853399, -0.516147, 0.0, 0.902144, -0.277016, -0.330756, 0.4, -0.425249, -0.441555, -0.790057, 0.0, 0.0, 0.0, 0.0, 1.0],
                [0.12526, 0.909844, -0.395592, 0.0, 0.84419, -0.307215, -0.439278, 0.4, -0.521208, -0.27893, -0.80656, -0.0, 0.0, 0.0, 0.0, 1.0],
                [-0.014869, 0.232109, -0.972575, 0.0, 0.879924, -0.458926, -0.122977, 0.4, -0.474885, -0.85762, -0.197414, -0.0, 0.0, 0.0, 0.0, 1.0],
                [0.055394, 0.20565, -0.977055, 0.0, 0.861165, -0.505067, -0.057483, 0.4, -0.505302, -0.838221, -0.205076, 1e-06, 0.0, 0.0, 0.0, 1.0],
                [-0.300789, 0.179129, -0.936716, -0.0, 0.858108, -0.377755, -0.347784, 0.4, -0.416149, -0.908412, -0.040087, 0.0, 0.0, 0.0, 0.0, 1.0],
                [0.276066, 0.811665, -0.514767, -0.0, 0.71845, -0.530034, -0.450439, 0.4, -0.638452, -0.245483, -0.729463, 0.0, 0.0, 0.0, 0.0, 1.0],
                [0.292902, 0.909185, -0.295956, -0.0, 0.747628, -0.410734, -0.521873, 0.4, -0.596041, -0.068407, -0.800034, -0.0, 0.0, 0.0, 0.0, 1.0]
            ]
        },
        {
            "name": "Arm_R",
            "time": [0.0, 0.3333, 1.0, 1.1, 1.1667, 2.1667, 2.8333, 3.0, 3.6667, 4.3333, 5.4667],
            "transform": [
                [0.338458, -0.674183, 0.656448, -0.0, 0.486012, 0.72261, 0.491555, 0.393861, -0.805753, 0.152671, 0.572237, -0.0, 0.0, 0.0, 0.0, 1.0],
                [0.443692, -0.376121, 0.813432, -0.0, -0.122257, 0.873776, 0.470711, 0.393861, -0.8878, -0.308298, 0.341705, 0.0, 0.0, 0.0, 0.0, 1.0],
                [0.857233, 0.032188, 0.51392, 0.0, -0.511839, 0.16239, 0.843594, 0.393861, -0.056302, -0.986202, 0.155681, 0.0, 0.0, 0.0, 0.0, 1.0],
                [0.801371, 0.047194, 0.596302, 0.0, -0.575103, 0.334935, 0.746375, 0.393861, -0.164497, -0.941059, 0.295549, -0.0, 0.0, 0.0, 0.0, 1.0],
                [0.228293, -0.505276, 0.832213, -0.0, 0.270824, 0.854005, 0.444216, 0.39386, -0.935168, 0.123971, 0.331805, -1e-06, 0.0, 0.0, 0.0, 1.0],
                [0.020364, -0.469185, 0.882866, 0.0, 0.24933, 0.857529, 0.449973, 0.39386, -0.968206, 0.210961, 0.134445, -0.0, 0.0, 0.0, 0.0, 1.0],
                [0.302658, -0.409206, 0.860784, -1e-06, 0.114435, 0.912209, 0.393418, 0.39386, -0.946205, -0.020567, 0.322916, 0.0, 0.0, 0.0, 0.0, 1.0],
                [0.57977, -0.180804, 0.794467, -0.0, 0.060309, 0.981915, 0.179454, 0.393861, -0.812545, -0.056128, 0.580191, 0.0, 0.0, 0.0, 0.0, 1.0],
                [0.439726, -0.347189, 0.828312, -0.0, -0.330203, 0.795171, 0.508593, 0.39386, -0.83523, -0.497151, 0.235014, -0.0, 0.0, 0.0, 0.0, 1.0],
                [0.351134, -0.670443, 0.653614, 0.0, 0.492244, 0.725989, 0.480244, 0.393861, -0.796492, 0.153107, 0.584945, 0.0, 0.0, 0.0, 0.0, 1.0],
                [0.386234, -0.818536, 0.42523, 0.0, 0.755357, 0.545257, 0.363496, 0.39386, -0.529392, 0.180805, 0.828889, 0.0, 0.0, 0.0, 0.0, 1.0]
            ]
        },
        {
            "name": "Hand_R",
            "time": [0.0, 0.3333, 1.0, 1.1, 1.1667, 2.1667, 2.8333, 3.0, 3.6667, 4.3333, 5.4667],
            "transform": [
                [0.999999, 0.0, 1e-06, 0.0, 0.0, 0.726371, -0.687304, 0.3, -1e-06, 0.687301, 0.726373, -0.0, 0.0, 0.0, 0.0, 1.0],
                [1.0, 0.0, 1e-06, 0.0, 0.0, 0.838328, -0.545166, 0.3, -1e-06, 0.545165, 0.83833, -0.0, 0.0, 0.0, 0.0, 1.0],
                [1.0, 0.0, 1e-06, 0.0, 0.0, 0.726412, -0.687259, 0.3, -1e-06, 0.687259, 0.726412, 0.0, 0.0, 0.0, 0.0, 1.0],
                [1.0, 0.0, 1e-06, -0.0, 1e-06, 0.432654, -0.90156, 0.3, -1e-06, 0.901559, 0.432655, -0.0, 0.0, 0.0, 0.0, 1.0],
                [1.0, 0.0, 1e-06, -1e-06, 1e-06, 0.448925, -0.89357, 0.3, -1e-06, 0.893568, 0.448926, -0.0, 0.0, 0.0, 0.0, 1.0],
                [0.999999, 0.0, 1e-06, -0.0, 1e-06, 0.269063, -0.963126, 0.3, -0.0, 0.963119, 0.269065, 0.0, 0.0, 0.0, 0.0, 1.0],
                [1.0, 0.0, 1e-06, -0.0, 0.0, 0.536506, -0.843897, 0.3, -1e-06, 0.843894, 0.536508, 0.0, 0.0, 0.0, 0.0, 1.0],
                [1.000001, 0.0, 1e-06, -0.0, 1e-06, 0.303692, -0.952772, 0.3, -0.0, 0.952767, 0.303694, 1e-06, 0.0, 0.0, 0.0, 1.0],
                [1.000001, 0.0, 1e-06, 0.0, 1e-06, 0.164933, -0.986306, 0.3, -0.0, 0.986302, 0.164933, 0.0, 0.0, 0.0, 0.0, 1.0],
                [0.999999, 0.0, 0.0, 0.0, -0.0, 0.943939, -0.33012, 0.3, -1e-06, 0.33012, 0.94394, -0.0, 0.0, 0.0, 0.0, 1.0],
                [0.999999, 0.0, 1e-06, 0.0, 0.0, 0.76617, -0.642639, 0.3, -1e-06, 0.642637, 0.766172, 0.0, 0.0, 0.0, 0.0, 1.0]
            ]
        },
        {
            "name": "Tool_R",
            "time": [0.0, 0.3333, 1.0, 1.1, 1.1667, 2.1667, 2.8333, 3.0, 3.6667, 4.3333, 5.4667],
            "transform": [
                [0.795355, -0.403309, 0.452625, -0.0, 0.257803, -0.451452, -0.853874, 0.272858, 0.548582, 0.795946, -0.254668, 0.0, 0.0, 0.0, 0.0, 1.0],
                [0.42359, -0.684426, 0.59343, -0.0, 0.540031, -0.335619, -0.771603, 0.272858, 0.727021, 0.647305, 0.227116, 0.0, 0.0, 0.0, 0.0, 1.0],
                [-0.776838, -0.603017, -0.181618, 0.0, 0.6124, -0.65625, -0.440867, 0.272858, 0.146586, -0.453552, 0.878332, -1e-06, 0.0, 0.0, 0.0, 1.0],
                [-0.618432, -0.500601, -0.605708, -0.0, 0.763414, -0.565712, -0.311934, 0.272858, -0.186392, -0.655263, 0.731184, 0.0, 0.0, 0.0, 0.0, 1.0],
                [-0.079894, -0.214442, -0.97294, 0.0, 0.996475, 0.007948, -0.083481, 0.272858, 0.02563, -0.976703, 0.212684, 0.0, 0.0, 0.0, 0.0, 1.0],
                [-0.171726, -0.307585, -0.935453, 1e-06, 0.985079, -0.04254, -0.166686, 0.272858, 0.01148, -0.950565, 0.309786, -0.0, 0.0, 0.0, 0.0, 1.0],
                [-0.424472, 0.293524, -0.856183, 1e-06, 0.27912, -0.857713, -0.431781, 0.272858, -0.861344, -0.4221, 0.28167, -0.0, 0.0, 0.0, 0.0, 1.0],
                [-0.753137, -0.091963, -0.651452, 1e-06, 0.15927, -0.986232, -0.044798, 0.272858, -0.638292, -0.137428, 0.756586, 0.0, 0.0, 0.0, 0.0, 1.0],
                [0.657748, -0.747062, 0.097595, 0.0, -0.508595, -0.535808, -0.673897, 0.272858, 0.555609, 0.393451, -0.731544, -0.0, 0.0, 0.0, 0.0, 1.0],
                [0.818294, -0.47754, -0.320263, -0.0, -0.418505, -0.112341, -0.900777, 0.272858, 0.394014, 0.871395, -0.291303, -0.0, 0.0, 0.0, 0.0, 1.0],
                [0.954653, 0.123265, -0.27091, 1e-06, -0.262866, -0.07894, -0.961037, 0.272858, -0.139771, 0.989227, -0.042893, -0.0, 0.0, 0.0, 0.0, 1.0]
            ]
        },
        {
            "name": "Elbow_R",
            "time": [0.0, 0.3333, 1.0, 1.1, 1.1667, 2.1667, 2.8333, 3.0, 3.6667, 4.3333, 5.4667],
            "transform": [
                [-1.0, 0.0, 0.0, 0.0, -0.0, -0.0, -1.0, 0.3, -0.0, -1.0, 0.0, -0.0, 0.0, 0.0, 0.0, 1.0],
                [-1.0, 0.0, -0.0, 0.0, 0.0, -0.0, -1.0, 0.3, -0.0, -1.0, 0.0, -0.0, 0.0, 0.0, 0.0, 1.0],
                [-1.0, 0.0, -0.0, 0.0, 0.0, -0.0, -1.0, 0.3, -0.0, -1.0, 0.0, 0.0, 0.0, 0.0, 0.0, 1.0],
                [-1.0, 0.0, -0.0, -0.0, -0.0, -0.0, -1.0, 0.3, -0.0, -1.0, 0.0, -0.0, 0.0, 0.0, 0.0, 1.0],
                [-1.0, 0.0, -0.0, -1e-06, 0.0, -0.0, -1.0, 0.3, -0.0, -1.0, 0.0, -0.0, 0.0, 0.0, 0.0, 1.0],
                [-1.0, 0.0, -0.0, -0.0, 0.0, -0.0, -1.0, 0.3, -0.0, -1.0, 0.0, 0.0, 0.0, 0.0, 0.0, 1.0],
                [-1.0, 0.0, -0.0, -0.0, 0.0, -0.0, -1.0, 0.3, -0.0, -1.0, 0.0, 0.0, 0.0, 0.0, 0.0, 1.0],
                [-1.0, 0.0, -0.0, -0.0, 0.0, 0.0, -1.0, 0.3, -0.0, -1.0, 0.0, 1e-06, 0.0, 0.0, 0.0, 1.0],
                [-1.0, 0.0, -0.0, 0.0, 0.0, -0.0, -1.0, 0.3, -0.0, -1.0, 0.0, 0.0, 0.0, 0.0, 0.0, 1.0],
                [-1.0, 0.0, -0.0, 0.0, 0.0, -0.0, -1.0, 0.3, -0.0, -1.0, 0.0, -0.0, 0.0, 0.0, 0.0, 1.0],
                [-1.0, 0.0, 0.0, 0.0, 0.0, -0.0, -1.0, 0.3, -0.0, -1.0, 0.0, 0.0, 0.0, 0.0, 0.0, 1.0]
            ]
        },
        {
            "name": "Shoulder_L",
            "time": [0.0, 0.3333, 1.0, 1.1, 1.1667, 2.1667, 2.8333, 3.0, 3.6667, 4.3333, 5.4667],
            "transform": [
                [0.24019, -0.966752, -0.087741, -0.0, -0.89307, -0.184646, -0.410283, 0.4, 0.380442, 0.176905, -0.907727, 0.0, 0.0, 0.0, 0.0, 1.0],
                [0.230164, -0.968482, -0.095214, 0.0, -0.891588, -0.170651, -0.419465, 0.4, 0.389996, 0.181437, -0.902764, -0.0, 0.0, 0.0, 0.0, 1.0],
                [-0.209931, -0.919149, -0.333308, 0.0, -0.977296, 0.18727, 0.099115, 0.4, -0.028683, 0.346548, -0.937593, 0.0, 0.0, 0.0, 0.0, 1.0],
                [0.113477, -0.993212, 0.025536, 0.0, -0.992658, -0.112254, 0.045071, 0.4, -0.041899, -0.030463, -0.998657, 0.0, 0.0, 0.0, 0.0, 1.0],
                [0.183573, -0.978374, -0.095313, 0.0, -0.982338, -0.186158, 0.018902, 0.4, -0.036237, 0.09016, -0.995268, 0.0, 0.0, 0.0, 0.0, 1.0],
                [0.111806, -0.844868, 0.52316, 0.0, -0.964386, -0.219245, -0.147964, 0.4, 0.23971, -0.487984, -0.839291, -0.0, 0.0, 0.0, 0.0, 1.0],
                [-0.388783, -0.565563, 0.727314, 0.0, -0.873633, 0.47701, -0.096069, 0.4, -0.292604, -0.672754, -0.679547, -0.0, 0.0, 0.0, 0.0, 1.0],
                [-0.536662, -0.400721, 0.742574, 0.0, -0.687747, 0.717602, -0.109789, 0.4, -0.48888, -0.569621, -0.660703, 1e-06, 0.0, 0.0, 0.0, 1.0],
                [0.054122, -0.992167, -0.112584, -0.0, -0.986779, -0.035893, -0.158055, 0.4, 0.152776, 0.11965, -0.98099, 0.0, 0.0, 0.0, 0.0, 1.0],
                [0.121354, -0.983264, 0.135883, -0.0, -0.919298, -0.162966, -0.358238, 0.4, 0.374388, -0.081443, -0.923688, 0.0, 0.0, 0.0, 0.0, 1.0],
                [0.326665, -0.942251, 0.073836, -0.0, -0.863644, -0.32932, -0.381665, 0.4, 0.38394, 0.060909, -0.921347, -0.0, 0.0, 0.0, 0.0, 1.0]
            ]
        },
        {
            "name": "Arm_L",
            "time": [0.0, 0.3333, 1.0, 1.1, 1.1667, 2.1667, 2.8333, 3.0, 3.6667, 4.3333, 5.4667],
            "transform": [
                [0.787569, 0.362277, -0.498488, 0.0, -0.581053, 0.705966, -0.404956, 0.39386, 0.205209, 0.608579, 0.7665, 0.0, 0.0, 0.0, 0.0, 1.0],
                [0.844136, 0.314859, -0.433934, -0.0, -0.396505, 0.911417, -0.110007, 0.393861, 0.360858, 0.264918, 0.894204, 0.0, 0.0, 0.0, 0.0, 1.0],
                [0.966435, -0.021826, 0.255984, -0.0, -0.001586, 0.995858, 0.090898, 0.39386, -0.256908, -0.088252, 0.962399, 0.0, 0.0, 0.0, 0.0, 1.0],
                [0.9964, 0.03079, 0.078988, 0.0, -0.048697, 0.970538, 0.235973, 0.39386, -0.069396, -0.23897, 0.968545, 0.0, 0.0, 0.0, 0.0, 1.0],
                [0.988704, 0.097811, -0.113577, -0.0, -0.092021, 0.994228, 0.055162, 0.393861, 0.118317, -0.044087, 0.991997, -0.0, 0.0, 0.0, 0.0, 1.0],
                [0.689731, 0.512678, -0.511304, 0.0, -0.406825, 0.85855, 0.312066, 0.393861, 0.59897, -0.007231, 0.80074, -0.0, 0.0, 0.0, 0.0, 1.0],
                [0.713786, 0.362968, -0.59897, 0.0, -0.589068, 0.773728, -0.233119, 0.393861, 0.378824, 0.51923, 0.76609, 0.0, 0.0, 0.0, 0.0, 1.0],
                [0.930241, -0.016873, -0.366557, 0.0, -0.228697, 0.754539, -0.615118, 0.39386, 0.286959, 0.656038, 0.698047, 1e-06, 0.0, 0.0, 0.0, 1.0],
                [0.771775, 0.521916, -0.363272, 0.0, -0.631859, 0.565167, -0.530415, 0.39386, -0.071523, 0.638898, 0.765961, -0.0, 0.0, 0.0, 0.0, 1.0],
                [0.425332, 0.833915, -0.351677, -0.0, -0.852445, 0.499665, 0.153856, 0.393861, 0.304024, 0.234345, 0.923392, -0.0, 0.0, 0.0, 0.0, 1.0],
                [0.589829, 0.802068, -0.093744, 0.0, -0.801621, 0.595571, 0.051941, 0.39386, 0.097491, 0.044511, 0.994242, -0.0, 0.0, 0.0, 0.0, 1.0]
            ]
        },
        {
            "name": "Hand_L",
            "time": [0.0, 0.3333, 1.0, 1.1, 1.1667, 2.1667, 2.8333, 3.0, 3.6667, 4.3333, 5.4667],
            "transform": [
                [1.0, -1e-06, -0.0, -0.0, 0.0, 0.544526, -0.838745, 0.3, 1e-06, 0.838743, 0.544527, -0.0, 0.0, 0.0, 0.0, 1.0],
                [1.0, -1e-06, -0.0, 0.0, -0.0, 0.095184, -0.995461, 0.3, 1e-06, 0.995459, 0.095184, 0.0, 0.0, 0.0, 0.0, 1.0],
                [1.0, -1e-06, -0.0, -0.0, -0.0, 0.045123, -0.998982, 0.3, 1e-06, 0.998981, 0.045123, -0.0, 0.0, 0.0, 0.0, 1.0],
                [1.0, -1e-06, -0.0, -0.0, -1e-06, -0.285122, -0.958493, 0.3, 1e-06, 0.95849, -0.285123, 0.0, 0.0, 0.0, 0.0, 1.0],
                [1.0, -1e-06, -0.0, 0.0, -0.0, 0.073171, -0.99732, 0.3, 1e-06, 0.99732, 0.073171, -0.0, 0.0, 0.0, 0.0, 1.0],
                [0.999999, -1e-06, -0.0, 0.0, -0.0, 0.455119, -0.890432, 0.3, 1e-06, 0.89043, 0.45512, -0.0, 0.0, 0.0, 0.0, 1.0],
                [1.0, -1e-06, -0.0, -0.0, -0.0, 0.234944, -0.972011, 0.300001, 1e-06, 0.972007, 0.234945, 0.0, 0.0, 0.0, 0.0, 1.0],
                [1.000002, -0.0, -0.0, -0.0, -0.0, 0.14669, -0.989184, 0.3, 1e-06, 0.98918, 0.14669, 0.0, 0.0, 0.0, 0.0, 1.0],
                [1.0, -1e-06, -1e-06, 0.0, -0.0, 0.437585, -0.899178, 0.3, 1e-06, 0.899176, 0.437586, -0.0, 0.0, 0.0, 0.0, 1.0],
                [0.999999, -1e-06, -1e-06, 0.0, 0.0, 0.836316, -0.548248, 0.3, 1e-06, 0.548247, 0.836317, 0.0, 0.0, 0.0, 0.0, 1.0],
                [1.0, -1e-06, -1e-06, -0.0, 0.0, 0.85298, -0.521943, 0.3, 1e-06, 0.521941, 0.852982, -0.0, 0.0, 0.0, 0.0, 1.0]
            ]
        },
        {
            "name": "Tool_L",
            "time": [0.0, 0.3333, 1.0, 1.1, 1.1667, 2.1667, 2.8333, 3.0, 3.6667, 4.3333, 5.4667],
            "transform": [
                [-0.645899, -0.694008, -0.318707, 0.0, 0.236527, 0.21548, -0.946907, 0.272858, 0.725857, -0.686965, 0.024919, -0.0, 0.0, 0.0, 0.0, 1.0],
                [-0.778963, -0.350992, -0.5197, 0.0, 0.559489, -0.013236, -0.828367, 0.272858, 0.283844, -0.936069, 0.20633, 0.0, 0.0, 0.0, 0.0, 1.0],
                [-0.04459, 0.464895, -0.883918, 0.0, 0.914674, 0.375267, 0.150944, 0.272858, 0.401725, -0.801902, -0.441282, -1e-06, 0.0, 0.0, 0.0, 1.0],
                [-0.140611, -0.205147, -0.968062, -0.0, 0.983172, -0.144317, -0.112128, 0.272858, -0.116628, -0.968032, 0.221608, -1e-06, 0.0, 0.0, 0.0, 1.0],
                [-0.150415, -0.083872, -0.984492, 0.0, 0.620938, 0.767699, -0.159988, 0.272858, 0.769293, -0.6353, -0.063284, -0.0, 0.0, 0.0, 0.0, 1.0],
                [0.11428, -0.542315, -0.83197, -0.0, 0.471118, 0.767383, -0.435038, 0.272858, 0.874634, -0.342079, 0.342631, 0.0, 0.0, 0.0, 0.0, 1.0],
                [-0.041403, -0.242755, -0.968669, -0.0, 0.649301, -0.744174, 0.158499, 0.272858, -0.759403, -0.622314, 0.188109, 1e-06, 0.0, 0.0, 0.0, 1.0],
                [0.335987, 0.365048, -0.86787, -0.0, 0.156193, -0.930667, -0.330719, 0.272858, -0.928826, -0.024433, -0.36912, -0.0, 0.0, 0.0, 0.0, 1.0],
                [-0.124401, -0.632577, -0.764356, -0.0, 0.989517, -0.022083, -0.142682, 0.272857, 0.073346, -0.774183, 0.627877, -0.0, 0.0, 0.0, 0.0, 1.0],
                [-0.5115, -0.735247, -0.444961, 0.0, 0.537487, 0.130818, -0.832725, 0.272858, 0.670427, -0.665053, 0.327729, 0.0, 0.0, 0.0, 0.0, 1.0],
                [-0.345171, -0.916774, -0.201481, -0.0, 0.263395, 0.111655, -0.957705, 0.272858, 0.900819, -0.383481, 0.202578, -1e-06, 0.0, 0.0, 0.0, 1.0]
            ]
        },
        {
            "name": "Elbow_L",
            "time": [0.0, 0.3333, 1.0, 1.1, 1.1667, 2.1667, 2.8333, 3.0, 3.6667, 4.3333, 5.4667],
            "transform": [
                [-1.0, 0.0, -0.0, -0.0, 0.0, -0.0, -1.0, 0.3, -0.0, -1.0, -0.0, -0.0, 0.0, 0.0, 0.0, 1.0],
                [-1.0, 0.0, -0.0, 0.0, 0.0, -0.0, -1.0, 0.3, -0.0, -1.0, -0.0, 0.0, 0.0, 0.0, 0.0, 1.0],
                [-1.0, 0.0, -0.0, -0.0, 0.0, -0.0, -1.0, 0.3, -0.0, -1.0, -0.0, -0.0, 0.0, 0.0, 0.0, 1.0],
                [-1.0, 0.0, -0.0, -0.0, 0.0, -0.0, -1.0, 0.3, -0.0, -1.0, -0.0, 0.0, 0.0, 0.0, 0.0, 1.0],
                [-1.0, 0.0, -0.0, 0.0, -0.0, -0.0, -1.0, 0.3, -0.0, -1.0, -0.0, -0.0, 0.0, 0.0, 0.0, 1.0],
                [-1.0, 0.0, -0.0, 0.0, 0.0, -0.0, -1.0, 0.3, -0.0, -1.0, -0.0, -0.0, 0.0, 0.0, 0.0, 1.0],
                [-1.0, 0.0, -0.0, -0.0, 0.0, -0.0, -1.0, 0.300001, -0.0, -1.0, -0.0, 0.0, 0.0, 0.0, 0.0, 1.0],
                [-1.0, 0.0, -0.0, -0.0, 0.0, -0.0, -1.0, 0.3, -0.0, -1.0, -0.0, 0.0, 0.0, 0.0, 0.0, 1.0],
                [-1.0, 0.0, -0.0, 0.0, 0.0, -0.0, -1.0, 0.3, -0.0, -1.0, -0.0, -0.0, 0.0, 0.0, 0.0, 1.0],
                [-1.0, 0.0, -0.0, 0.0, 0.0, -0.0, -1.0, 0.3, -0.0, -1.0, -0.0, 0.0, 0.0, 0.0, 0.0, 1.0],
                [-1.0, 0.0, -0.0, -0.0, 0.0, -0.0, -1.0, 0.3, -0.0, -1.0, -0.0, -0.0, 0.0, 0.0, 0.0, 1.0]
            ]
        }
    ]
}