{
    "animation": [
        {
            "name": "Root",
            "time": [0.0, 1.0, 2.0, 3.0, 4.0, 4.7667],
            "transform": [
                [1.0, -0.0, 0.0, -2.2e-05, 0.0, -0.0, -1.0, 4.1e-05, 0.0, 1.0, -0.0, 1.495772, 0.0, 0.0, 0.0, 1.0],
                [1.0, -0.0, 0.0, -0.085283, 0.0, -0.0, -1.0, 4.1e-05, 0.0, 1.0, -0.0, 1.44632, 0.0, 0.0, 0.0, 1.0],
                [1.0, -0.0, 0.0, -0.049757, 0.0, -0.0, -1.0, 4.1e-05, 0.0, 1.0, -0.0, 1.38948, 0.0, 0.0, 0.0, 1.0],
                [1.0, -0.0, 0.0, -2.2e-05, 0.0, -0.0, -1.0, 4.1e-05, 0.0, 1.0, -0.0, 1.453425, 0.0, 0.0, 0.0, 1.0],
                [1.0, -0.0, 0.0, -2.2e-05, 0.0, -0.0, -1.0, 4.1e-05, 0.0, 1.0, -0.0, 1.503161, 0.0, 0.0, 0.0, 1.0],
                [1.0, -0.0, 0.0, -2.2e-05, 0.0, -0.0, -1.0, 4.1e-05, 0.0, 1.0, -0.0, 1.510266, 0.0, 0.0, 0.0, 1.0]
            ]
        },
        {
            "name": "Thigh_R",
            "time": [0.0, 1.0, 2.0, 3.0, 4.0, 4.7667],
            "transform": [
                [0.551546, 0.819959, 0.153184, 0.124994, 0.271188, -0.349929, 0.896664, -0.002831, 0.788831, -0.45301, -0.415365, -1.2e-05, 0.0, 0.0, 0.0, 1.0],
                [0.487854, 0.867066, 0.100972, 0.124994, 0.287015, -0.268568, 0.919507, -0.002831, 0.824391, -0.419605, -0.379883, -1.2e-05, 0.0, 0.0, 0.0, 1.0],
                [0.543833, 0.838859, 0.023704, 0.124994, 0.300558, -0.221069, 0.927789, -0.002831, 0.783524, -0.497439, -0.37235, -1.2e-05, 0.0, 0.0, 0.0, 1.0],
                [0.586625, 0.805519, 0.083729, 0.124994, 0.275539, -0.295738, 0.914667, -0.002831, 0.761544, -0.513496, -0.395439, -1.2e-05, 0.0, 0.0, 0.0, 1.0],
                [0.578818, 0.804716, 0.131919, 0.124994, 0.267158, -0.339978, 0.901688, -0.002831, 0.770452, -0.48667, -0.411772, -1.2e-05, 0.0, 0.0, 0.0, 1.0],
                [0.55183, 0.819785, 0.15309, 0.124994, 0.27123, -0.350013, 0.896618, -0.002831, 0.788618, -0.453258, -0.415498, -1.2e-05, 0.0, 0.0, 0.0, 1.0]
            ]
        },
        {
            "name": "Leg_R",
            "time": [0.0, 1.0, 2.0, 3.0, 4.0, 4.7667],
            "transform": [
                [1.0, -0.0, 0.0, 0.0, 0.0, -0.319402, 0.947619, 0.37472, -0.0, -0.94762, -0.319402, -0.0, 0.0, 0.0, 0.0, 1.0],
                [1.0, 0.0, -0.0, 0.0, 0.0, -0.419798, 0.907618, 0.37472, 0.0, -0.907618, -0.419798, 0.0, 0.0, 0.0, 0.0, 1.0],
                [1.0, 0.0, -0.0, 0.0, 0.0, -0.50264, 0.864495, 0.37472, 0.0, -0.864496, -0.50264, 0.0, 0.0, 0.0, 0.0, 1.0],
                [1.0, 0.0, -0.0, -0.0, 0.0, -0.434751, 0.90055, 0.37472, -0.0, -0.900551, -0.434751, -0.0, 0.0, 0.0, 0.0, 1.0],
                [1.0, 0.0, -0.0, -0.0, 0.0, -0.362885, 0.931834, 0.37472, 0.0, -0.931834, -0.362884, -0.0, 0.0, 0.0, 0.0, 1.0],
                [1.0, -0.0, -0.0, 0.0, 0.0, -0.319402, 0.947619, 0.37472, 0.0, -0.947619, -0.319402, -0.0, 0.0, 0.0, 0.0, 1.0]
            ]
        },
        {
            "name": "Knee_R",
            "time": [0.0, 1.0, 2.0, 3.0, 4.0, 4.7667],
            "transform": [
                [1.0, 0.0, -0.0, 0.0, -0.0, 1e-06, -1.0, 0.37472, -0.0, 1.0, 1e-06, -0.0, 0.0, 0.0, 0.0, 1.0],
                [1.0, 0.0, -0.0, 0.0, -0.0, 1e-06, -1.0, 0.37472, -0.0, 1.0, 1e-06, 0.0, 0.0, 0.0, 0.0, 1.0],
                [1.0, 0.0, -0.0, 0.0, -0.0, 1e-06, -1.0, 0.37472, -0.0, 1.0, 1e-06, 0.0, 0.0, 0.0, 0.0, 1.0],
                [1.0, 0.0, -0.0, -0.0, -0.0, 1e-06, -1.0, 0.37472, -0.0, 1.0, 1e-06, -0.0, 0.0, 0.0, 0.0, 1.0],
                [1.0, 0.0, -0.0, -0.0, -0.0, 1e-06, -1.0, 0.37472, -0.0, 1.0, 1e-06, -0.0, 0.0, 0.0, 0.0, 1.0],
                [1.0, 0.0, -0.0, 0.0, -0.0, 1e-06, -1.0, 0.37472, -0.0, 1.0, 1e-06, -0.0, 0.0, 0.0, 0.0, 1.0]
            ]
        },
        {
            "name": "Thigh_L",
            "time": [0.0, 1.0, 2.0, 3.0, 4.0, 4.7667],
            "transform": [
                [0.93786, -0.006872, -0.346947, -0.125006, 0.194212, -0.818163, 0.541194, -0.002831, -0.287579, -0.574945, -0.765987, -1.2e-05, 0.0, 0.0, 0.0, 1.0],
                [0.921928, -0.029618, -0.386228, -0.125006, 0.166054, -0.870594, 0.463132, -0.002831, -0.349965, -0.491109, -0.797707, -1.2e-05, 0.0, 0.0, 0.0, 1.0],
                [0.900958, -0.050296, -0.430981, -0.125006, 0.147562, -0.898542, 0.413337, -0.002831, -0.408045, -0.435996, -0.802127, -1.2e-05, 0.0, 0.0, 0.0, 1.0],
                [0.911672, -0.041297, -0.408838, -0.125006, 0.194347, -0.833291, 0.517546, -0.002831, -0.362055, -0.551288, -0.751663, -1.2e-05, 0.0, 0.0, 0.0, 1.0],
                [0.927254, -0.036488, -0.37265, -0.125006, 0.190716, -0.81044, 0.553908, -0.002831, -0.322221, -0.584684, -0.744525, -1.2e-05, 0.0, 0.0, 0.0, 1.0],
                [0.93786, -0.006872, -0.346947, -0.125006, 0.194212, -0.818163, 0.541194, -0.002831, -0.287579, -0.574945, -0.765987, -1.2e-05, 0.0, 0.0, 0.0, 1.0]
            ]
        },
        {
            "name": "Leg_L",
            "time": [0.0, 1.0, 2.0, 3.0, 4.0, 4.7667],
            "transform": [
                [1.0, -0.0, 0.0, 0.0, -0.0, -0.769728, 0.638372, 0.37472, -0.0, -0.638372, -0.769728, 0.0, 0.0, 0.0, 0.0, 1.0],
                [1.0, -0.0, 0.0, -0.0, -0.0, -0.780078, 0.625683, 0.37472, -0.0, -0.625683, -0.780078, -0.0, 0.0, 0.0, 0.0, 1.0],
                [1.0, -0.0, 0.0, -0.0, -0.0, -0.827379, 0.561644, 0.37472, -0.0, -0.561644, -0.827379, -0.0, 0.0, 0.0, 0.0, 1.0],
                [1.0, -0.0, -0.0, -0.0, -0.0, -0.821779, 0.569806, 0.37472, -0.0, -0.569806, -0.82178, -0.0, 0.0, 0.0, 0.0, 1.0],
                [1.0, -0.0, 0.0, 0.0, -0.0, -0.793177, 0.608992, 0.37472, -0.0, -0.608991, -0.793177, -0.0, 0.0, 0.0, 0.0, 1.0],
                [1.0, -0.0, 0.0, 0.0, -0.0, -0.769728, 0.638372, 0.37472, -0.0, -0.638373, -0.769728, 0.0, 0.0, 0.0, 0.0, 1.0]
            ]
        },
        {
            "name": "Knee_L",
            "time": [0.0, 1.0, 2.0, 3.0, 4.0, 4.7667],
            "transform": [
                [1.0, 0.0, -0.0, 0.0, -0.0, 1e-06, -1.0, 0.37472, -0.0, 1.0, 1e-06, 0.0, 0.0, 0.0, 0.0, 1.0],
                [1.0, 0.0, -0.0, -0.0, -0.0, 1e-06, -1.0, 0.37472, -0.0, 1.0, 1e-06, -0.0, 0.0, 0.0, 0.0, 1.0],
                [1.0, 0.0, -0.0, -0.0, -0.0, 1e-06, -1.0, 0.37472, -0.0, 1.0, 1e-06, -0.0, 0.0, 0.0, 0.0, 1.0],
                [1.0, 0.0, -0.0, -0.0, -0.0, 1e-06, -1.0, 0.37472, -0.0, 1.0, 1e-06, -0.0, 0.0, 0.0, 0.0, 1.0],
                [1.0, 0.0, -0.0, 0.0, -0.0, 1e-06, -1.0, 0.37472, -0.0, 1.0, 1e-06, -0.0, 0.0, 0.0, 0.0, 1.0],
                [1.0, 0.0, -0.0, 0.0, -0.0, 1e-06, -1.0, 0.37472, -0.0, 1.0, 1e-06, 0.0, 0.0, 0.0, 0.0, 1.0]
            ]
        },
        {
            "name": "Torso",
            "time": [0.0, 1.0, 2.0, 3.0, 4.0, 4.7667],
            "transform": [
                [0.730722, -0.41121, -0.544933, -0.0, 0.350468, 0.910976, -0.217472, 0.05, 0.585848, -0.03207, 0.809786, 0.0, 0.0, 0.0, 0.0, 1.0],
                [0.743478, -0.36292, -0.56172, 0.0, 0.293158, 0.931804, -0.214011, 0.05, 0.601082, -0.00556, 0.799168, 0.0, 0.0, 0.0, 0.0, 1.0],
                [0.723081, -0.403332, -0.560782, -0.0, 0.342574, 0.914346, -0.215906, 0.05, 0.59983, -0.035992, 0.799317, -0.0, 0.0, 0.0, 0.0, 1.0],
                [0.710693, -0.448669, -0.541859, -0.0, 0.370474, 0.893467, -0.2539, 0.05, 0.59805, -0.0203, 0.801201, 0.0, 0.0, 0.0, 0.0, 1.0],
                [0.721202, -0.431016, -0.542304, -0.0, 0.359301, 0.902066, -0.239121, 0.05, 0.592259, -0.022396, 0.805436, 0.0, 0.0, 0.0, 0.0, 1.0],
                [0.730722, -0.41121, -0.544933, -0.0, 0.350468, 0.910976, -0.217472, 0.05, 0.585848, -0.03207, 0.809786, 0.0, 0.0, 0.0, 0.0, 1.0]
            ]
        },
        {
            "name": "Chest",
            "time": [0.0, 1.0, 2.0, 3.0, 4.0, 4.7667],
            "transform": [
                [0.996846, 0.079359, 0.00102, -0.0, -0.035122, 0.429577, 0.902346, 0.3, 0.071171, -0.899536, 0.431009, 0.0, 0.0, 0.0, 0.0, 1.0],
                [0.99797, 0.063472, -0.005245, -0.0, -0.02231, 0.425542, 0.904663, 0.3, 0.059653, -0.90271, 0.426094, 0.0, 0.0, 0.0, 0.0, 1.0],
                [0.992782, 0.116328, 0.029189, -0.0, -0.066001, 0.326705, 0.942819, 0.3, 0.10014, -0.937941, 0.332025, 0.0, 0.0, 0.0, 0.0, 1.0],
                [0.994003, 0.108273, 0.015347, 0.0, -0.045904, 0.285742, 0.957206, 0.3, 0.099254, -0.952171, 0.288998, -0.0, 0.0, 0.0, 0.0, 1.0],
                [0.996157, 0.087571, 0.001502, -0.0, -0.035107, 0.38352, 0.922865, 0.3, 0.08024, -0.919371, 0.385121, 0.0, 0.0, 0.0, 0.0, 1.0],
                [0.996846, 0.079359, 0.00102, 0.0, -0.035122, 0.429577, 0.902346, 0.3, 0.071171, -0.899536, 0.431009, -0.0, 0.0, 0.0, 0.0, 1.0]
            ]
        },
        {
            "name": "Head",
            "time": [0.0, 1.0, 2.0, 3.0, 4.0, 4.7667],
            "transform": [
                [0.800892, 0.220502, 0.556732, 0.0, 0.125872, 0.846967, -0.516529, 0.4, -0.58543, 0.483761, 0.650574, -0.0, 0.0, 0.0, 0.0, 1.0],
                [0.842289, 0.150558, 0.517572, 0.0, 0.242416, 0.751811, -0.6132, 0.4, -0.481439, 0.64196, 0.596745, 0.0, 0.0, 0.0, 0.0, 1.0],
                [0.801707, 0.133837, 0.582539, -0.0, 0.268159, 0.790484, -0.55066, 0.4, -0.534187, 0.597682, 0.597847, 0.0, 0.0, 0.0, 0.0, 1.0],
                [0.779391, 0.204733, 0.592143, -0.0, 0.187829, 0.825285, -0.532565, 0.4, -0.59772, 0.526299, 0.604765, -0.0, 0.0, 0.0, 0.0, 1.0],
                [0.783021, 0.232023, 0.577099, -0.0, 0.121542, 0.852857, -0.507801, 0.4, -0.610005, 0.467761, 0.639604, -0.0, 0.0, 0.0, 0.0, 1.0],
                [0.800892, 0.220502, 0.556732, -0.0, 0.125872, 0.846967, -0.516529, 0.4, -0.58543, 0.483761, 0.650574, -0.0, 0.0, 0.0, 0.0, 1.0]
            ]
        },
        {
            "name": "Shoulder_R",
            "time": [0.0, 1.0, 2.0, 3.0, 4.0, 4.7667],
            "transform": [
                [0.501137, 0.561082, -0.658824, 0.0, 0.558926, -0.791084, -0.24857, 0.4, -0.660651, -0.243667, -0.710047, -0.0, 0.0, 0.0, 0.0, 1.0],
                [0.499989, 0.739384, -0.450912, 0.0, 0.721176, -0.643747, -0.255917, 0.4, -0.479493, -0.197231, -0.855095, 0.0, 0.0, 0.0, 0.0, 1.0],
                [0.556245, 0.740922, -0.37633, -0.0, 0.713511, -0.657968, -0.240788, 0.4, -0.426018, -0.134578, -0.894651, 0.0, 0.0, 0.0, 0.0, 1.0],
                [0.548375, 0.612362, -0.569471, -0.0, 0.597063, -0.763518, -0.246079, 0.4, -0.585489, -0.205066, -0.784315, -0.0, 0.0, 0.0, 0.0, 1.0],
                [0.518749, 0.543786, -0.659694, -0.0, 0.552704, -0.802012, -0.226481, 0.4, -0.652237, -0.247129, -0.716599, -0.0, 0.0, 0.0, 0.0, 1.0],
                [0.501137, 0.561082, -0.658824, -0.0, 0.558926, -0.791084, -0.248569, 0.4, -0.660651, -0.243667, -0.710047, -0.0, 0.0, 0.0, 0.0, 1.0]
            ]
        },
        {
            "name": "Arm_R",
            "time": [0.0, 1.0, 2.0, 3.0, 4.0, 4.7667],
            "transform": [
                [0.537522, -0.679575, 0.499249, 0.0, 0.466325, 0.732843, 0.495462, 0.393861, -0.702575, -0.033509, 0.710819, -0.0, 0.0, 0.0, 0.0, 1.0],
                [0.590769, -0.74281, 0.315002, 0.0, 0.627385, 0.668402, 0.399535, 0.393861, -0.507327, -0.038406, 0.860896, -0.0, 0.0, 0.0, 0.0, 1.0],
                [0.756861, -0.636345, 0.14909, -0.0, 0.554796, 0.746117, 0.368119, 0.393861, -0.345489, -0.195901, 0.917746, 0.0, 0.0, 0.0, 0.0, 1.0],
                [0.725738, -0.612733, 0.312831, -0.0, 0.45681, 0.769195, 0.446838, 0.39386, -0.514421, -0.181384, 0.838133, 0.0, 0.0, 0.0, 0.0, 1.0],
                [0.636577, -0.653129, 0.410115, 0.0, 0.436303, 0.743491, 0.506816, 0.39386, -0.635933, -0.143693, 0.758248, 0.0, 0.0, 0.0, 0.0, 1.0],
                [0.537521, -0.679575, 0.499249, -0.0, 0.466326, 0.732843, 0.495462, 0.393861, -0.702575, -0.033509, 0.710819, -0.0, 0.0, 0.0, 0.0, 1.0]
            ]
        },
        {
            "name": "Hand_R",
            "time": [0.0, 1.0, 2.0, 3.0, 4.0, 4.7667],
            "transform": [
                [1.0, 1e-06, 2e-06, 0.0, 1e-06, 0.476883, -0.878966, 0.3, -2e-06, 0.87897, 0.476881, 0.0, 0.0, 0.0, 0.0, 1.0],
                [1.0, 1e-06, 2e-06, 0.0, 1e-06, 0.527003, -0.849863, 0.3, -2e-06, 0.849865, 0.527001, -0.0, 0.0, 0.0, 0.0, 1.0],
                [1.0, 1e-06, 1e-06, 0.0, 1e-06, 0.308227, -0.951312, 0.3, -2e-06, 0.951314, 0.308226, -0.0, 0.0, 0.0, 0.0, 1.0],
                [0.999999, 1e-06, 1e-06, -0.0, 1e-06, 0.267755, -0.963485, 0.3, -2e-06, 0.96349, 0.267753, -0.0, 0.0, 0.0, 0.0, 1.0],
                [1.0, 1e-06, 1e-06, -0.0, 1e-06, 0.353065, -0.935598, 0.3, -2e-06, 0.935601, 0.353063, -0.0, 0.0, 0.0, 0.0, 1.0],
                [1.0, 1e-06, 1e-06, -0.0, 1e-06, 0.476883, -0.878966, 0.3, -2e-06, 0.878969, 0.476881, 0.0, 0.0, 0.0, 0.0, 1.0]
            ]
        },
        {
            "name": "Tool_R",
            "time": [0.0, 1.0, 2.0, 3.0, 4.0, 4.7667],
            "transform": [
                [0.81803, -0.422914, 0.390043, 0.0, 0.305393, -0.256082, -0.916651, 0.272858, 0.487393, 0.869239, -0.080195, -0.0, 0.0, 0.0, 0.0, 1.0],
                [0.843085, -0.380398, 0.380311, -0.0, 0.280978, -0.292206, -0.913668, 0.272858, 0.458525, 0.877456, -0.139236, 0.0, 0.0, 0.0, 0.0, 1.0],
                [0.900342, -0.27264, 0.339254, -0.0, 0.273702, -0.252192, -0.927663, 0.272858, 0.338319, 0.928485, -0.152179, 0.0, 0.0, 0.0, 0.0, 1.0],
                [0.895016, -0.301884, 0.328463, 0.0, 0.276247, -0.203861, -0.938691, 0.272858, 0.35018, 0.931301, -0.098899, -0.0, 0.0, 0.0, 0.0, 1.0],
                [0.862602, -0.358158, 0.357428, -0.0, 0.301717, -0.20373, -0.930856, 0.272858, 0.40605, 0.911169, -0.067566, 0.0, 0.0, 0.0, 0.0, 1.0],
                [0.818413, -0.425908, 0.385968, -0.0, 0.304632, -0.24874, -0.918919, 0.272858, 0.487227, 0.869908, -0.073706, 0.0, 0.0, 0.0, 0.0, 1.0]
            ]
        },
        {
            "name": "Elbow_R",
            "time": [0.0, 1.0, 2.0, 3.0, 4.0, 4.7667],
            "transform": [
                [-1.0, 0.0, -0.0, 0.0, -0.0, -0.0, -1.0, 0.3, -0.0, -1.0, 0.0, 0.0, 0.0, 0.0, 0.0, 1.0],
                [-1.0, 0.0, 0.0, 0.0, -0.0, -0.0, -1.0, 0.3, -0.0, -1.0, 0.0, -0.0, 0.0, 0.0, 0.0, 1.0],
                [-1.0, 0.0, -0.0, 0.0, 0.0, -0.0, -1.0, 0.3, -0.0, -1.0, 0.0, -0.0, 0.0, 0.0, 0.0, 1.0],
                [-1.0, 0.0, -0.0, -0.0, 0.0, -0.0, -1.0, 0.3, -0.0, -1.0, 0.0, -0.0, 0.0, 0.0, 0.0, 1.0],
                [-1.0, 0.0, -0.0, -0.0, -0.0, -0.0, -1.0, 0.3, -0.0, -1.0, 0.0, -0.0, 0.0, 0.0, 0.0, 1.0],
                [-1.0, 0.0, -0.0, -0.0, -0.0, -0.0, -1.0, 0.3, -0.0, -1.0, 0.0, 0.0, 0.0, 0.0, 0.0, 1.0]
            ]
        },
        {
            "name": "Shoulder_L",
            "time": [0.0, 1.0, 2.0, 3.0, 4.0, 4.7667],
            "transform": [
                [0.094205, -0.995476, -0.012372, 0.0, -0.897232, -0.079507, -0.434362, 0.4, 0.431424, 0.052019, -0.900639, -0.0, 0.0, 0.0, 0.0, 1.0],
                [0.162139, -0.969155, 0.185605, 0.0, -0.929839, -0.213025, -0.300066, 0.4, 0.330358, -0.123931, -0.935673, 0.0, 0.0, 0.0, 0.0, 1.0],
                [0.146465, -0.961164, 0.233904, -0.0, -0.923694, -0.217515, -0.315431, 0.4, 0.354068, -0.169856, -0.919655, 0.0, 0.0, 0.0, 0.0, 1.0],
                [0.107949, -0.993049, -0.046914, -0.0, -0.911245, -0.079965, -0.404049, 0.4, 0.3975, 0.086367, -0.913518, -0.0, 0.0, 0.0, 0.0, 1.0],
                [0.090088, -0.987391, -0.130167, -0.0, -0.909259, -0.028208, -0.415295, 0.4, 0.406397, 0.155769, -0.900311, -0.0, 0.0, 0.0, 0.0, 1.0],
                [0.094205, -0.995476, -0.012372, -0.0, -0.897232, -0.079507, -0.434362, 0.4, 0.431424, 0.05202, -0.900639, -0.0, 0.0, 0.0, 0.0, 1.0]
            ]
        },
        {
            "name": "Arm_L",
            "time": [0.0, 1.0, 2.0, 3.0, 4.0, 4.7667],
            "transform": [
                [0.694811, 0.601498, -0.394245, 0.0, -0.660623, 0.750458, -0.019281, 0.39386, 0.284264, 0.273836, 0.918823, -0.0, 0.0, 0.0, 0.0, 1.0],
                [0.773364, 0.566793, -0.283975, 0.0, -0.560443, 0.82062, 0.111646, 0.39386, 0.296314, 0.072807, 0.952328, -0.0, 0.0, 0.0, 0.0, 1.0],
                [0.813008, 0.48113, -0.32791, 0.0, -0.499166, 0.86587, 0.032874, 0.39386, 0.299742, 0.136951, 0.944154, 0.0, 0.0, 0.0, 0.0, 1.0],
                [0.852164, 0.374258, -0.365712, 0.0, -0.483742, 0.829919, -0.277871, 0.39386, 0.199515, 0.413692, 0.888297, 0.0, 0.0, 0.0, 0.0, 1.0],
                [0.810172, 0.476834, -0.340944, 0.0, -0.569496, 0.778071, -0.265076, 0.39386, 0.138881, 0.408913, 0.901955, -0.0, 0.0, 0.0, 0.0, 1.0],
                [0.695067, 0.601258, -0.39416, -0.0, -0.660404, 0.750645, -0.0195, 0.39386, 0.284147, 0.273851, 0.918855, -0.0, 0.0, 0.0, 0.0, 1.0]
            ]
        },
        {
            "name": "Hand_L",
            "time": [0.0, 1.0, 2.0, 3.0, 4.0, 4.7667],
            "transform": [
                [0.999999, -1.1e-05, 5e-06, -0.0, -2e-06, -0.581735, -0.813382, 0.3, 1.2e-05, 0.813367, -0.581746, -0.0, 0.0, 0.0, 0.0, 1.0],
                [1.000004, -1.1e-05, 4e-06, 0.0, -2e-06, -0.537968, -0.842967, 0.3, 1.2e-05, 0.842954, -0.537976, 0.0, 0.0, 0.0, 0.0, 1.0],
                [1.000006, -1.1e-05, 3e-06, 0.0, -2e-06, -0.42762, -0.903962, 0.3, 1.2e-05, 0.903945, -0.427628, -0.0, 0.0, 0.0, 0.0, 1.0],
                [1.000007, -1.1e-05, 3e-06, -0.0, -2e-06, -0.388914, -0.921278, 0.3, 1.2e-05, 0.92126, -0.388922, -0.0, 0.0, 0.0, 0.0, 1.0],
                [1.000005, -1.1e-05, 4e-06, 0.0, -2e-06, -0.476087, -0.879401, 0.3, 1.2e-05, 0.879385, -0.476096, -0.0, 0.0, 0.0, 0.0, 1.0],
                [0.999999, -1.1e-05, 5e-06, 0.0, -2e-06, -0.581736, -0.813382, 0.3, 1.2e-05, 0.813367, -0.581746, 0.0, 0.0, 0.0, 0.0, 1.0]
            ]
        },
        {
            "name": "Tool_L",
            "time": [0.0, 1.0, 2.0, 3.0, 4.0, 4.7667],
            "transform": [
                [-0.679988, -0.662309, -0.314873, -0.0, 0.679786, -0.408305, -0.609172, 0.272858, 0.274761, -0.6282, 0.727049, -0.0, 0.0, 0.0, 0.0, 1.0],
                [-0.685102, -0.678541, -0.265377, -0.0, 0.656787, -0.417566, -0.627838, 0.272858, 0.315057, -0.604332, 0.730909, 0.0, 0.0, 0.0, 0.0, 1.0],
                [-0.790939, -0.580164, -0.195092, 0.0, 0.509053, -0.446596, -0.735662, 0.272858, 0.339527, -0.681142, 0.647746, -0.0, 0.0, 0.0, 0.0, 1.0],
                [-0.868444, -0.472917, -0.149486, -0.0, 0.403789, -0.4993, -0.766427, 0.272858, 0.28768, -0.725976, 0.623761, 0.0, 0.0, 0.0, 0.0, 1.0],
                [-0.809613, -0.546933, -0.213488, -0.0, 0.515915, -0.489301, -0.703037, 0.272858, 0.279919, -0.679296, 0.677492, 0.0, 0.0, 0.0, 0.0, 1.0],
                [-0.680191, -0.662154, -0.314763, 0.0, 0.679623, -0.408525, -0.609207, 0.272858, 0.274665, -0.628221, 0.727068, -0.0, 0.0, 0.0, 0.0, 1.0]
            ]
        },
        {
            "name": "Elbow_L",
            "time": [0.0, 1.0, 2.0, 3.0, 4.0, 4.7667],
            "transform": [
                [-1.0, 0.0, -0.0, -0.0, 0.0, -0.0, -1.0, 0.3, -0.0, -1.0, -0.0, -0.0, 0.0, 0.0, 0.0, 1.0],
                [-1.0, 0.0, -0.0, 0.0, 0.0, -0.0, -1.0, 0.3, -0.0, -1.0, -0.0, 0.0, 0.0, 0.0, 0.0, 1.0],
                [-1.0, 0.0, -0.0, 0.0, 0.0, -0.0, -1.0, 0.3, -0.0, -1.0, 0.0, -0.0, 0.0, 0.0, 0.0, 1.0],
                [-1.0, 0.0, -0.0, -0.0, 0.0, -0.0, -1.0, 0.3, -0.0, -1.0, 0.0, -0.0, 0.0, 0.0, 0.0, 1.0],
                [-1.0, 0.0, -0.0, 0.0, 0.0, -0.0, -1.0, 0.3, -0.0, -1.0, 0.0, -0.0, 0.0, 0.0, 0.0, 1.0],
                [-1.0, 0.0, -0.0, 0.0, 0.0, -0.0, -1.0, 0.3, -0.0, -1.0, -0.0, 0.0, 0.0, 0.0, 0.0, 1.0]
            ]
        }
    ]
}