{
    "animation": [
        {
            "name": "Root",
            "time": [0.0, 0.5, 0.8667, 1.1, 1.1667, 2.1667, 3.0333, 3.3333, 4.0, 4.6667, 5.6667],
            "transform": [
                [1.0, -0.0, 0.0, -2.2e-05, 0.0, -0.0, -1.0, 4.1e-05, 0.0, 1.0, -0.0, 3.426713, 0.0, 0.0, 0.0, 1.0],
                [1.0, -0.0, 0.0, 0.149851, 0.0, -0.0, -1.0, 1.37584, 0.0, 1.0, -0.0, 4.678436, 0.0, 0.0, 0.0, 1.0],
                [1.0, -0.0, 0.0, 0.184081, 0.0, -0.0, -1.0, 3.57039, 0.0, 1.0, -0.0, 3.808595, 0.0, 0.0, 0.0, 1.0],
                [1.0, -0.0, 0.0, 0.184203, 0.0, -0.0, -1.0, 5.335292, 0.0, 1.0, -0.0, 0.711112, 0.0, 0.0, 0.0, 1.0],
                [1.0, -0.0, 0.0, 0.379621, 0.0, -0.0, -1.0, 5.944606, 0.0, 1.0, -0.0, 0.392878, 0.0, 0.0, 0.0, 1.0],
                [1.0, -0.0, 0.0, 0.4009, 0.0, -0.0, -1.0, 5.921925, 0.0, 1.0, -0.0, 0.370385, 0.0, 0.0, 0.0, 1.0],
                [1.0, -0.0, 0.0, 0.249328, 0.0, -0.0, -1.0, 5.438068, 0.0, 1.0, -0.0, 0.665047, 0.0, 0.0, 0.0, 1.0],
                [1.0, -0.0, 0.0, 0.083581, 0.0, -0.0, -1.0, 5.248804, 0.0, 1.0, -0.0, 0.652769, 0.0, 0.0, 0.0, 1.0],
                [1.0, -0.0, 0.0, 0.209978, 0.0, -0.0, -1.0, 5.354954, 0.0, 1.0, -0.0, 0.615936, 0.0, 0.0, 0.0, 1.0],
                [1.0, -0.0, 0.0, 0.147487, 0.0, -0.0, -1.0, 5.404746, 0.0, 1.0, -0.0, 0.615936, 0.0, 0.0, 0.0, 1.0],
                [1.0, -0.0, 0.0, 0.164185, 0.0, -0.0, -1.0, 5.447538, 0.0, 1.0, -0.0, 0.628214, 0.0, 0.0, 0.0, 1.0]
            ]
        },
        {
            "name": "Thigh_R",
            "time": [0.0, 0.5, 0.8667, 1.1, 1.1667, 2.1667, 3.0333, 3.3333, 4.0, 4.6667, 5.6667],
            "transform": [
                [0.536299, 0.830105, 0.152673, 0.124994, 0.257843, -0.33337, 0.906852, -0.002831, 0.803679, -0.446979, -0.392823, -1.2e-05, 0.0, 0.0, 0.0, 1.0],
                [0.403181, 0.3899, -0.827903, 0.124994, 0.22269, 0.835695, 0.502018, -0.002832, 0.887612, -0.38677, 0.25011, -1.1e-05, 0.0, 0.0, 0.0, 1.0],
                [-0.163726, 0.829263, -0.534338, 0.124994, 0.975266, 0.054532, -0.214201, -0.00283, -0.148491, -0.556192, -0.81768, -1.2e-05, 0.0, 0.0, 0.0, 1.0],
                [0.860017, -0.254029, -0.442538, 0.124994, 0.413003, -0.162784, 0.896063, -0.002831, -0.299664, -0.9534, -0.035083, -1.1e-05, 0.0, 0.0, 0.0, 1.0],
                [0.294898, -0.640729, -0.708873, 0.124994, 0.67528, -0.385126, 0.629027, -0.002831, -0.676042, -0.664186, 0.319098, -1e-05, 0.0, 0.0, 0.0, 1.0],
                [0.176504, -0.677468, -0.714062, 0.124994, 0.714518, -0.410768, 0.566333, -0.002831, -0.676987, -0.61017, 0.41156, -1.1e-05, 0.0, 0.0, 0.0, 1.0],
                [0.985649, 0.115196, -0.123392, 0.124994, 0.160527, -0.865742, 0.474047, -0.002831, -0.052217, -0.487052, -0.87181, -1.1e-05, 0.0, 0.0, 0.0, 1.0],
                [0.814409, 0.27351, 0.511791, 0.124994, 0.157133, -0.952949, 0.259228, -0.002831, 0.558611, -0.130698, -0.819067, -1.1e-05, 0.0, 0.0, 0.0, 1.0],
                [0.641946, 0.241587, 0.727696, 0.124994, 0.195486, -0.96927, 0.149337, -0.002831, 0.741411, 0.046389, -0.669445, -1.1e-05, 0.0, 0.0, 0.0, 1.0],
                [0.373594, 0.233812, 0.897641, 0.124994, 0.245239, -0.958174, 0.147512, -0.002831, 0.894587, 0.165027, -0.415308, -1.1e-05, 0.0, 0.0, 0.0, 1.0],
                [0.589917, 0.231226, 0.773648, 0.124994, 0.264061, -0.960684, 0.085777, -0.002831, 0.763066, 0.15369, -0.627782, -1.1e-05, 0.0, 0.0, 0.0, 1.0]
            ]
        },
        {
            "name": "Leg_R",
            "time": [0.0, 0.5, 0.8667, 1.1, 1.1667, 2.1667, 3.0333, 3.3333, 4.0, 4.6667, 5.6667],
            "transform": [
                [1.0, -0.0, -0.0, -0.0, 0.0, -0.322974, 0.946407, 0.37472, -0.0, -0.946408, -0.322973, 0.0, 0.0, 0.0, 0.0, 1.0],
                [1.0, 0.0, -0.0, 0.0, 0.0, -0.806085, 0.5918, 0.374719, -0.0, -0.5918, -0.806085, -0.0, 0.0, 0.0, 0.0, 1.0],
                [1.0, 0.0, -0.0, 0.0, 0.0, -0.577511, 0.816383, 0.37472, -0.0, -0.816383, -0.577511, -0.0, 0.0, 0.0, 0.0, 1.0],
                [1.0, 0.0, -0.0, 0.0, 0.0, -0.243101, 0.970001, 0.374721, -0.0, -0.970001, -0.243101, -0.0, 0.0, 0.0, 0.0, 1.0],
                [1.0, 0.0, -0.0, 0.0, 0.0, -0.458943, 0.888466, 0.37472, -0.0, -0.888466, -0.458943, -0.0, 0.0, 0.0, 0.0, 1.0],
                [1.0, -0.0, -0.0, -0.0, 0.0, -0.487391, 0.873184, 0.37472, -0.0, -0.873184, -0.487391, -0.0, 0.0, 0.0, 0.0, 1.0],
                [1.0, -0.0, -0.0, 0.0, 0.0, 0.461156, 0.887319, 0.37472, -0.0, -0.887319, 0.461156, -0.0, 0.0, 0.0, 0.0, 1.0],
                [1.0, -0.0, 0.0, 0.0, 0.0, 0.862006, 0.506898, 0.37472, 0.0, -0.506899, 0.862006, 0.0, 0.0, 0.0, 0.0, 1.0],
                [1.0, -0.0, 0.0, 0.0, 0.0, 0.817726, 0.575608, 0.37472, -0.0, -0.575608, 0.817726, 0.0, 0.0, 0.0, 0.0, 1.0],
                [1.0, -0.0, 0.0, 0.0, 0.0, 0.949941, 0.312431, 0.37472, -0.0, -0.312431, 0.94994, 0.0, 0.0, 0.0, 0.0, 1.0],
                [1.0, -0.0, 0.0, -1e-06, 0.0, 0.932201, 0.361941, 0.37472, -0.0, -0.361941, 0.932201, 0.0, 0.0, 0.0, 0.0, 1.0]
            ]
        },
        {
            "name": "Knee_R",
            "time": [0.0, 0.5, 0.8667, 1.1, 1.1667, 2.1667, 3.0333, 3.3333, 4.0, 4.6667, 5.6667],
            "transform": [
                [1.0, 0.0, -0.0, -0.0, -0.0, 1e-06, -1.0, 0.37472, -0.0, 1.0, 1e-06, 0.0, 0.0, 0.0, 0.0, 1.0],
                [1.0, 0.0, -0.0, 0.0, -0.0, 1e-06, -1.0, 0.374719, -0.0, 1.0, 1e-06, -0.0, 0.0, 0.0, 0.0, 1.0],
                [1.0, 0.0, -0.0, 0.0, -0.0, 1e-06, -1.0, 0.37472, -0.0, 1.0, 1e-06, -0.0, 0.0, 0.0, 0.0, 1.0],
                [1.0, 0.0, -0.0, 0.0, -0.0, 1e-06, -1.0, 0.374721, -0.0, 1.0, 1e-06, -0.0, 0.0, 0.0, 0.0, 1.0],
                [1.0, 0.0, -0.0, 0.0, -0.0, 1e-06, -1.0, 0.37472, -0.0, 1.0, 1e-06, -0.0, 0.0, 0.0, 0.0, 1.0],
                [1.0, 0.0, -0.0, -0.0, -0.0, 1e-06, -1.0, 0.37472, -0.0, 1.0, 1e-06, -0.0, 0.0, 0.0, 0.0, 1.0],
                [1.0, 0.0, -0.0, 0.0, -0.0, 1e-06, -1.0, 0.37472, -0.0, 1.0, 1e-06, -0.0, 0.0, 0.0, 0.0, 1.0],
                [1.0, 0.0, -0.0, 0.0, -0.0, 1e-06, -1.0, 0.37472, -0.0, 1.0, 1e-06, 0.0, 0.0, 0.0, 0.0, 1.0],
                [1.0, 0.0, -0.0, 0.0, -0.0, 1e-06, -1.0, 0.37472, -0.0, 1.0, 1e-06, 0.0, 0.0, 0.0, 0.0, 1.0],
                [1.0, 0.0, -0.0, 0.0, -0.0, 1e-06, -1.0, 0.37472, -0.0, 1.0, 1e-06, 0.0, 0.0, 0.0, 0.0, 1.0],
                [1.0, 0.0, -0.0, -1e-06, -0.0, 1e-06, -1.0, 0.37472, -0.0, 1.0, 1e-06, 0.0, 0.0, 0.0, 0.0, 1.0]
            ]
        },
        {
            "name": "Thigh_L",
            "time": [0.0, 0.5, 0.8667, 1.1, 1.1667, 2.1667, 3.0333, 3.3333, 4.0, 4.6667, 5.6667],
            "transform": [
                [0.938564, 0.001954, -0.345098, -0.125006, 0.206355, -0.804699, 0.556666, -0.002831, -0.276612, -0.59368, -0.755665, -1.2e-05, 0.0, 0.0, 0.0, 1.0],
                [0.489887, 0.860234, 0.141453, -0.125006, 0.7247, -0.492028, 0.48241, -0.002831, 0.484583, -0.133815, -0.864449, -1.2e-05, 0.0, 0.0, 0.0, 1.0],
                [0.447096, 0.892025, 0.066307, -0.125006, 0.79277, -0.360832, -0.491239, -0.002831, -0.414273, 0.272198, -0.868497, -1.1e-05, 0.0, 0.0, 0.0, 1.0],
                [0.729692, -0.373764, -0.572583, -0.125005, -0.347002, -0.923957, 0.160915, -0.002831, -0.589186, 0.08127, -0.8039, -1.1e-05, 0.0, 0.0, 0.0, 1.0],
                [0.200625, -0.79175, -0.576958, -0.125006, -0.837601, -0.44408, 0.318147, -0.002831, -0.508109, 0.419432, -0.752264, -1.1e-05, 0.0, 0.0, 0.0, 1.0],
                [0.189263, -0.882671, -0.430199, -0.125006, -0.83333, -0.376117, 0.40509, -0.002831, -0.519366, 0.281829, -0.806741, -1e-05, 0.0, 0.0, 0.0, 1.0],
                [0.841735, -0.510979, -0.174308, -0.125006, -0.34828, -0.760615, 0.547873, -0.002831, -0.412532, -0.400455, -0.818201, -1.1e-05, 0.0, 0.0, 0.0, 1.0],
                [0.887744, -0.185346, 0.421375, -0.125006, -0.348548, -0.868576, 0.352264, -0.002831, 0.300706, -0.45959, -0.835675, -1.1e-05, 0.0, 0.0, 0.0, 1.0],
                [0.979048, -0.126871, 0.159277, -0.125006, -0.195307, -0.806396, 0.558194, -0.002831, 0.057622, -0.577607, -0.814278, -1.1e-05, 0.0, 0.0, 0.0, 1.0],
                [0.850634, 0.040551, 0.524191, -0.125006, -0.216307, -0.881738, 0.419224, -0.002831, 0.479199, -0.469992, -0.741266, -1.1e-05, 0.0, 0.0, 0.0, 1.0],
                [0.89362, -0.047556, 0.446298, -0.125006, -0.214158, -0.919053, 0.330875, -0.002831, 0.394436, -0.391255, -0.831468, -1.1e-05, 0.0, 0.0, 0.0, 1.0]
            ]
        },
        {
            "name": "Leg_L",
            "time": [0.0, 0.5, 0.8667, 1.1, 1.1667, 2.1667, 3.0333, 3.3333, 4.0, 4.6667, 5.6667],
            "transform": [
                [0.999999, -0.0, -0.0, -0.0, 0.0, -0.775129, 0.631804, 0.37472, -0.0, -0.631804, -0.775128, -0.0, 0.0, 0.0, 0.0, 1.0],
                [1.0, -0.0, -0.0, 0.0, 0.0, -0.514619, 0.857419, 0.37472, -0.0, -0.857419, -0.514619, -0.0, 0.0, 0.0, 0.0, 1.0],
                [1.000001, -0.0, -0.0, -0.0, 0.0, -0.211639, 0.977347, 0.37472, -0.0, -0.977348, -0.211638, -0.0, 0.0, 0.0, 0.0, 1.0],
                [1.0, -0.0, -0.0, -0.0, 0.0, 0.871148, 0.491019, 0.37472, -0.0, -0.491019, 0.871149, -0.0, 0.0, 0.0, 0.0, 1.0],
                [1.0, -0.0, -0.0, -0.0, 0.0, 0.414898, 0.909868, 0.37472, -0.0, -0.909867, 0.414899, 0.0, 0.0, 0.0, 0.0, 1.0],
                [1.0, -0.0, -0.0, -0.0, 0.0, 0.261587, 0.965181, 0.37472, -0.0, -0.965179, 0.261588, -0.0, 0.0, 0.0, 0.0, 1.0],
                [1.0, -0.0, -0.0, 0.0, 0.0, 0.710154, 0.704046, 0.37472, -0.0, -0.704046, 0.710154, 0.0, 0.0, 0.0, 0.0, 1.0],
                [1.0, -0.0, -0.0, 0.0, 0.0, 0.798021, 0.60263, 0.37472, -0.0, -0.60263, 0.798021, -0.0, 0.0, 0.0, 0.0, 1.0],
                [1.0, -0.0, 0.0, -0.0, 0.0, 0.791884, 0.610672, 0.37472, -0.0, -0.610672, 0.791884, 1e-06, 0.0, 0.0, 0.0, 1.0],
                [1.0, -0.0, 0.0, -0.0, 0.0, 0.779985, 0.625799, 0.37472, -0.0, -0.625799, 0.779985, -0.0, 0.0, 0.0, 0.0, 1.0],
                [1.0, -0.0, 0.0, 0.0, 0.0, 0.862423, 0.506187, 0.37472, -0.0, -0.506187, 0.862424, -0.0, 0.0, 0.0, 0.0, 1.0]
            ]
        },
        {
            "name": "Knee_L",
            "time": [0.0, 0.5, 0.8667, 1.1, 1.1667, 2.1667, 3.0333, 3.3333, 4.0, 4.6667, 5.6667],
            "transform": [
                [1.0, 0.0, -0.0, -0.0, -0.0, 1e-06, -1.0, 0.37472, -0.0, 1.0, 1e-06, -0.0, 0.0, 0.0, 0.0, 1.0],
                [1.0, 0.0, -0.0, 0.0, -0.0, 1e-06, -1.0, 0.37472, -0.0, 1.0, 1e-06, -0.0, 0.0, 0.0, 0.0, 1.0],
                [1.0, 0.0, -0.0, -0.0, -0.0, 1e-06, -1.0, 0.37472, -0.0, 1.0, 1e-06, -0.0, 0.0, 0.0, 0.0, 1.0],
                [1.0, 0.0, -0.0, -0.0, -0.0, 1e-06, -1.0, 0.37472, -0.0, 1.0, 1e-06, -0.0, 0.0, 0.0, 0.0, 1.0],
                [1.0, 0.0, -0.0, -0.0, -0.0, 1e-06, -1.0, 0.37472, -0.0, 1.0, 1e-06, 0.0, 0.0, 0.0, 0.0, 1.0],
                [1.0, 0.0, -0.0, -0.0, -0.0, 1e-06, -1.0, 0.37472, -0.0, 1.0, 1e-06, -0.0, 0.0, 0.0, 0.0, 1.0],
                [1.0, 0.0, -0.0, 0.0, -0.0, 1e-06, -1.0, 0.37472, -0.0, 1.0, 1e-06, 0.0, 0.0, 0.0, 0.0, 1.0],
                [1.0, 0.0, -0.0, 0.0, -0.0, 1e-06, -1.0, 0.37472, -0.0, 1.0, 1e-06, -0.0, 0.0, 0.0, 0.0, 1.0],
                [1.0, 0.0, -0.0, -0.0, -0.0, 1e-06, -1.0, 0.37472, -0.0, 1.0, 1e-06, 1e-06, 0.0, 0.0, 0.0, 1.0],
                [1.0, 0.0, -0.0, -0.0, -0.0, 1e-06, -1.0, 0.37472, -0.0, 1.0, 1e-06, -0.0, 0.0, 0.0, 0.0, 1.0],
                [1.0, 0.0, -0.0, 0.0, -0.0, 1e-06, -1.0, 0.37472, -0.0, 1.0, 1e-06, -0.0, 0.0, 0.0, 0.0, 1.0]
            ]
        },
        {
            "name": "Torso",
            "time": [0.0, 0.5, 0.8667, 1.1, 1.1667, 2.1667, 3.0333, 3.3333, 4.0, 4.6667, 5.6667],
            "transform": [
                [0.71793, -0.411255, -0.561645, 0.0, 0.345393, 0.910956, -0.225529, 0.05, 0.604384, -0.032075, 0.796047, 0.0, 0.0, 0.0, 0.0, 1.0],
                [0.11745, -0.977415, -0.175686, -0.0, 0.614945, 0.210494, -0.759957, 0.05, 0.779774, -0.01878, 0.625779, 0.0, 0.0, 0.0, 0.0, 1.0],
                [0.249961, -0.966477, 0.058662, -0.0, 0.943113, 0.25674, 0.211239, 0.05, -0.219219, 0.002523, 0.975672, 0.0, 0.0, 0.0, 0.0, 1.0],
                [0.422126, -0.579948, 0.696757, -0.0, 0.206852, 0.809935, 0.548833, 0.05, -0.882623, -0.087551, 0.461858, 0.0, 0.0, 0.0, 0.0, 1.0],
                [0.265232, -0.438781, 0.858559, 0.0, -0.091708, 0.874934, 0.47548, 0.05, -0.959813, -0.204849, 0.191821, 1e-06, 0.0, 0.0, 0.0, 1.0],
                [0.173623, -0.488783, 0.854954, 0.0, -0.109626, 0.853151, 0.510015, 0.05, -0.978692, -0.182276, 0.094543, 1e-06, 0.0, 0.0, 0.0, 1.0],
                [0.951875, -0.076101, 0.296887, -0.0, 0.038461, 0.990686, 0.130626, 0.05, -0.304063, -0.112921, 0.945936, 0.0, 0.0, 0.0, 0.0, 1.0],
                [0.86454, -0.096359, -0.49324, -0.0, 0.117523, 0.992998, 0.012001, 0.05, 0.48863, -0.068342, 0.86981, 0.0, 0.0, 0.0, 0.0, 1.0],
                [0.953543, -0.080574, -0.290284, 0.0, 0.065913, 0.996023, -0.059952, 0.05, 0.29396, 0.038033, 0.955061, 0.0, 0.0, 0.0, 0.0, 1.0],
                [0.691771, -0.17006, -0.701806, 0.0, 0.160167, 0.983801, -0.080516, 0.05, 0.70413, -0.056707, 0.707803, 0.0, 0.0, 0.0, 0.0, 1.0],
                [0.701195, -0.067487, -0.709768, -0.0, 0.007348, 0.996141, -0.087457, 0.05, 0.712931, 0.056109, 0.698985, 0.0, 0.0, 0.0, 0.0, 1.0]
            ]
        },
        {
            "name": "Chest",
            "time": [0.0, 0.5, 0.8667, 1.1, 1.1667, 2.1667, 3.0333, 3.3333, 4.0, 4.6667, 5.6667],
            "transform": [
                [0.996846, 0.07936, 0.001018, 0.0, -0.035117, 0.42952, 0.902374, 0.3, 0.071175, -0.899564, 0.430951, -0.0, 0.0, 0.0, 0.0, 1.0],
                [0.970247, -0.048493, 0.237212, 0.0, -0.12783, 0.729458, 0.671974, 0.3, -0.205623, -0.682304, 0.701556, 0.0, 0.0, 0.0, 0.0, 1.0],
                [0.853795, 0.219048, -0.472285, 0.0, -0.258678, 0.965763, -0.019712, 0.3, 0.451797, 0.138999, 0.881226, 0.0, 0.0, 0.0, 0.0, 1.0],
                [0.997056, -0.048172, -0.059675, -0.0, 0.054055, 0.993392, 0.10124, 0.3, 0.054404, -0.104167, 0.993071, -0.0, 0.0, 0.0, 0.0, 1.0],
                [0.799223, 0.028498, 0.600359, -1e-06, -0.277746, 0.903336, 0.326867, 0.3, -0.53301, -0.427987, 0.729882, 0.0, 0.0, 0.0, 0.0, 1.0],
                [0.798711, -0.048278, 0.599776, 0.0, -0.243495, 0.885582, 0.395542, 0.3, -0.550247, -0.461966, 0.695568, -0.0, 0.0, 0.0, 0.0, 1.0],
                [0.970161, 0.06624, 0.233236, 0.0, -0.106732, 0.980414, 0.165518, 0.3, -0.217704, -0.185473, 0.95823, -0.0, 0.0, 0.0, 0.0, 1.0],
                [0.969829, 0.140385, 0.19931, 0.0, -0.171839, 0.973575, 0.150412, 0.3, -0.172927, -0.180123, 0.968324, -0.0, 0.0, 0.0, 0.0, 1.0],
                [0.987335, 0.104059, -0.119756, -0.0, -0.078878, 0.976912, 0.19855, 0.3, 0.137651, -0.186589, 0.972747, -0.0, 0.0, 0.0, 0.0, 1.0],
                [0.861945, 0.078415, -0.500901, -0.0, -0.028105, 0.993838, 0.107221, 0.3, 0.506223, -0.078341, 0.858837, -0.0, 0.0, 0.0, 0.0, 1.0],
                [0.961476, -0.076519, -0.264028, 0.0, 0.082772, 0.996488, 0.012624, 0.3, 0.262135, -0.033992, 0.964432, 0.0, 0.0, 0.0, 0.0, 1.0]
            ]
        },
        {
            "name": "Head",
            "time": [0.0, 0.5, 0.8667, 1.1, 1.1667, 2.1667, 3.0333, 3.3333, 4.0, 4.6667, 5.6667],
            "transform": [
                [0.800893, 0.220503, 0.556731, -0.0, 0.125872, 0.846967, -0.51653, 0.4, -0.58543, 0.483762, 0.650574, 0.0, 0.0, 0.0, 0.0, 1.0],
                [0.822498, 0.345888, 0.451508, 0.0, -0.362887, 0.930398, -0.051693, 0.4, -0.437962, -0.121329, 0.890768, 0.0, 0.0, 0.0, 0.0, 1.0],
                [0.815739, 0.447888, 0.366015, -0.0, -0.396022, 0.893677, -0.210968, 0.4, -0.421589, 0.027145, 0.90638, 0.0, 0.0, 0.0, 0.0, 1.0],
                [0.613382, 0.105406, -0.782721, -1e-06, -0.42606, 0.878639, -0.21556, 0.4, 0.665009, 0.465707, 0.58385, 0.0, 0.0, 0.0, 0.0, 1.0],
                [0.067817, -0.256111, -0.964265, -0.0, -0.581683, 0.77508, -0.246773, 0.4, 0.810584, 0.577633, -0.096411, 0.0, 0.0, 0.0, 0.0, 1.0],
                [0.458629, -0.068408, -0.885991, -0.0, -0.619254, 0.690471, -0.373865, 0.4, 0.637326, 0.720119, 0.274308, -0.0, 0.0, 0.0, 0.0, 1.0],
                [0.937262, -0.050085, -0.345011, 0.0, -0.12966, 0.868558, -0.478324, 0.4, 0.32362, 0.493049, 0.807572, -0.0, 0.0, 0.0, 0.0, 1.0],
                [0.967936, -0.118518, -0.221481, 0.0, -0.000804, 0.880233, -0.474541, 0.4, 0.251197, 0.459504, 0.851913, -0.0, 0.0, 0.0, 0.0, 1.0],
                [0.907412, 0.14537, 0.394299, 0.0, 0.036493, 0.907462, -0.418546, 0.4, -0.418656, 0.394183, 0.818136, -0.0, 0.0, 0.0, 0.0, 1.0],
                [0.467746, 0.289594, 0.835074, 0.0, -0.392073, 0.914741, -0.097612, 0.4, -0.792146, -0.281752, 0.541407, -0.0, 0.0, 0.0, 0.0, 1.0],
                [0.548039, 0.020693, 0.836197, -1e-06, -0.120727, 0.991183, 0.054596, 0.4, -0.827696, -0.130872, 0.545704, -0.0, 0.0, 0.0, 0.0, 1.0]
            ]
        },
        {
            "name": "Shoulder_R",
            "time": [0.0, 0.5, 0.8667, 1.1, 1.1667, 2.1667, 3.0333, 3.3333, 4.0, 4.6667, 5.6667],
            "transform": [
                [0.501039, 0.56095, -0.65901, -0.0, 0.559216, -0.791013, -0.248145, 0.4, -0.660483, -0.244199, -0.710021, 0.0, 0.0, 0.0, 0.0, 1.0],
                [0.893271, 0.185533, -0.409446, 0.0, 0.186723, -0.981697, -0.037473, 0.4, -0.408906, -0.04298, -0.911562, 0.0, 0.0, 0.0, 0.0, 1.0],
                [0.064306, 0.803327, -0.592056, -0.0, 0.845914, -0.358632, -0.39473, 0.4, -0.529427, -0.475445, -0.702609, 0.0, 0.0, 0.0, 0.0, 1.0],
                [0.067494, 0.963102, -0.260538, -1e-06, 0.939968, -0.148935, -0.307046, 0.4, -0.33452, -0.224174, -0.915338, 0.0, 0.0, 0.0, 0.0, 1.0],
                [0.072811, 0.853399, -0.516148, -0.0, 0.902141, -0.277017, -0.33076, 0.4, -0.425251, -0.441556, -0.790058, 0.0, 0.0, 0.0, 0.0, 1.0],
                [0.134017, 0.889291, -0.437265, -0.0, 0.889816, -0.302209, -0.341902, 0.4, -0.436195, -0.343265, -0.831807, -0.0, 0.0, 0.0, 0.0, 1.0],
                [-0.018572, 0.209749, -0.97758, 0.0, 0.877923, -0.464454, -0.116333, 0.4, -0.478441, -0.8604, -0.175518, -0.0, 0.0, 0.0, 0.0, 1.0],
                [0.113292, 0.551455, -0.826476, 0.0, 0.889931, -0.426205, -0.16239, 0.4, -0.441799, -0.717109, -0.539043, -0.0, 0.0, 0.0, 0.0, 1.0],
                [-0.108636, 0.407088, -0.906906, 0.0, 0.780069, -0.530589, -0.331612, 0.4, -0.616189, -0.743474, -0.259916, -0.0, 0.0, 0.0, 0.0, 1.0],
                [0.296544, 0.861401, -0.412371, 0.0, 0.740236, -0.480143, -0.470652, 0.4, -0.603417, -0.165683, -0.780024, -0.0, 0.0, 0.0, 0.0, 1.0],
                [0.292901, 0.909186, -0.295955, -1e-06, 0.747626, -0.410733, -0.521876, 0.4, -0.59604, -0.068405, -0.800036, -0.0, 0.0, 0.0, 0.0, 1.0]
            ]
        },
        {
            "name": "Arm_R",
            "time": [0.0, 0.5, 0.8667, 1.1, 1.1667, 2.1667, 3.0333, 3.3333, 4.0, 4.6667, 5.6667],
            "transform": [
                [0.539097, -0.691407, 0.480969, -0.0, 0.461868, 0.72022, 0.517649, 0.393861, -0.70431, -0.056918, 0.707607, 1e-06, 0.0, 0.0, 0.0, 1.0],
                [0.842044, -0.29774, 0.449794, -0.0, -0.063713, 0.773125, 0.631045, 0.39386, -0.535635, -0.560023, 0.632036, -0.0, 0.0, 0.0, 0.0, 1.0],
                [0.888451, 0.011196, 0.458836, 0.0, -0.415799, 0.442928, 0.794308, 0.393861, -0.194338, -0.896488, 0.398174, 0.0, 0.0, 0.0, 0.0, 1.0],
                [0.801372, 0.047193, 0.596302, 0.0, -0.575103, 0.334938, 0.746373, 0.39386, -0.164501, -0.941057, 0.29555, -0.0, 0.0, 0.0, 0.0, 1.0],
                [0.228291, -0.505282, 0.832209, 0.0, 0.270824, 0.854004, 0.444221, 0.39386, -0.935166, 0.123972, 0.331804, 0.0, 0.0, 0.0, 0.0, 1.0],
                [0.166104, -0.588024, 0.791604, 0.0, 0.114344, 0.808826, 0.576824, 0.39386, -0.979456, -0.005298, 0.201586, 0.0, 0.0, 0.0, 0.0, 1.0],
                [0.30331, -0.41675, 0.856926, -0.0, 0.108381, 0.908543, 0.40349, 0.393861, -0.946708, -0.029508, 0.320737, -0.0, 0.0, 0.0, 0.0, 1.0],
                [0.119705, -0.516094, 0.848126, 0.0, 0.402137, 0.806258, 0.433859, 0.39386, -0.90772, 0.289128, 0.304054, 0.0, 0.0, 0.0, 0.0, 1.0],
                [0.52578, -0.442012, 0.72676, -0.0, 0.052283, 0.869567, 0.49104, 0.393861, -0.849012, -0.220182, 0.480311, 0.0, 0.0, 0.0, 0.0, 1.0],
                [0.411259, -0.719582, 0.559525, -0.0, 0.619095, 0.671041, 0.407954, 0.393861, -0.66902, 0.178625, 0.72146, 0.0, 0.0, 0.0, 0.0, 1.0],
                [0.386234, -0.818538, 0.425228, 0.0, 0.75536, 0.545257, 0.363491, 0.39386, -0.529391, 0.180808, 0.828886, 0.0, 0.0, 0.0, 0.0, 1.0]
            ]
        },
        {
            "name": "Hand_R",
            "time": [0.0, 0.5, 0.8667, 1.1, 1.1667, 2.1667, 3.0333, 3.3333, 4.0, 4.6667, 5.6667],
            "transform": [
                [1.000001, -1e-06, 0.0, -0.0, 1e-06, 0.393715, -0.919232, 0.3, 1e-06, 0.919233, 0.393715, -0.0, 0.0, 0.0, 0.0, 1.0],
                [1.000002, 0.0, -1e-06, 1e-06, -0.0, 0.991016, -0.133734, 0.3, 1e-06, 0.133734, 0.991016, 0.0, 0.0, 0.0, 0.0, 1.0],
                [1.0, 0.0, -1e-06, -0.0, -0.0, 0.95025, -0.31149, 0.3, 1e-06, 0.31149, 0.95025, -0.0, 0.0, 0.0, 0.0, 1.0],
                [0.999999, -1e-06, 0.0, 0.0, 0.0, 0.432657, -0.901559, 0.3, 1e-06, 0.90156, 0.432656, 0.0, 0.0, 0.0, 0.0, 1.0],
                [0.999999, -1e-06, 0.0, 0.0, 1e-06, 0.448922, -0.89357, 0.3, 1e-06, 0.893573, 0.448921, -0.0, 0.0, 0.0, 0.0, 1.0],
                [1.0, -1e-06, 1e-06, -0.0, 1e-06, 0.195878, -0.980628, 0.3, 1e-06, 0.980629, 0.195878, 0.0, 0.0, 0.0, 0.0, 1.0],
                [1.0, -1e-06, 0.0, 0.0, 1e-06, 0.511923, -0.85903, 0.3, 1e-06, 0.859033, 0.511922, -0.0, 0.0, 0.0, 0.0, 1.0],
                [1.0, -1e-06, 1e-06, 0.0, 1e-06, -0.179455, -0.983765, 0.3, 1e-06, 0.983767, -0.179455, 0.0, 0.0, 0.0, 0.0, 1.0],
                [1.0, -1e-06, 0.0, 0.0, 1e-06, 0.580042, -0.814586, 0.3, 1e-06, 0.814588, 0.580041, -0.0, 0.0, 0.0, 0.0, 1.0],
                [1.0, -0.0, -0.0, 0.0, 0.0, 0.891898, -0.452237, 0.3, 1e-06, 0.452238, 0.891897, 0.0, 0.0, 0.0, 0.0, 1.0],
                [1.0, -1e-06, -0.0, 0.0, 0.0, 0.76617, -0.642638, 0.3, 1e-06, 0.642638, 0.766169, 0.0, 0.0, 0.0, 0.0, 1.0]
            ]
        },
        {
            "name": "Tool_R",
            "time": [0.0, 0.5, 0.8667, 1.1, 1.1667, 2.1667, 3.0333, 3.3333, 4.0, 4.6667, 5.6667],
            "transform": [
                [0.822544, -0.465941, 0.326462, -0.0, 0.299208, -0.134362, -0.944142, 0.272859, 0.483629, 0.874556, 0.028833, 0.0, 0.0, 0.0, 0.0, 1.0],
                [0.666805, -0.34212, 0.661863, -0.0, 0.511898, -0.436048, -0.739884, 0.272859, 0.541607, 0.832352, -0.115433, 0.0, 0.0, 0.0, 0.0, 1.0],
                [-0.209723, -0.935509, 0.284322, -0.0, 0.801306, -0.331114, -0.498411, 0.272857, 0.560292, 0.123226, 0.818268, -1e-06, 0.0, 0.0, 0.0, 1.0],
                [-0.618428, -0.500605, -0.605709, 0.0, 0.763416, -0.565709, -0.311932, 0.272859, -0.18639, -0.655262, 0.731185, 0.0, 0.0, 0.0, 0.0, 1.0],
                [-0.105804, -0.159205, -0.981007, 0.0, 0.994011, 0.010187, -0.108732, 0.272858, 0.027299, -0.987195, 0.156897, -0.0, 0.0, 0.0, 0.0, 1.0],
                [-0.235339, -0.345995, -0.907843, 1e-06, 0.971642, -0.105897, -0.211342, 0.272858, -0.02299, -0.93224, 0.360518, 1e-06, 0.0, 0.0, 0.0, 1.0],
                [-0.430262, 0.296444, -0.852288, -1e-06, 0.245648, -0.870629, -0.42621, 0.272858, -0.868639, -0.392591, 0.30127, 0.0, 0.0, 0.0, 0.0, 1.0],
                [-0.404025, -0.44275, -0.800178, 0.0, 0.208537, -0.896599, 0.390537, 0.272858, -0.890661, -0.009085, 0.453884, 0.0, 0.0, 0.0, 0.0, 1.0],
                [0.526719, -0.841223, 0.122744, -0.0, -0.627406, -0.481998, -0.611585, 0.272857, 0.573525, 0.244991, -0.780841, -1e-06, 0.0, 0.0, 0.0, 1.0],
                [0.899307, -0.296361, -0.321642, 0.0, -0.358071, -0.075992, -0.930069, 0.272858, 0.251061, 0.952049, -0.174164, 0.0, 0.0, 0.0, 0.0, 1.0],
                [0.954654, 0.123261, -0.27091, 0.0, -0.26287, -0.07893, -0.961033, 0.272858, -0.139763, 0.989232, -0.042884, 0.0, 0.0, 0.0, 0.0, 1.0]
            ]
        },
        {
            "name": "Elbow_R",
            "time": [0.0, 0.5, 0.8667, 1.1, 1.1667, 2.1667, 3.0333, 3.3333, 4.0, 4.6667, 5.6667],
            "transform": [
                [-1.0, 0.0, 0.0, -0.0, -0.0, 0.0, -1.0, 0.3, -0.0, -1.0, 0.0, -0.0, 0.0, 0.0, 0.0, 1.0],
                [-1.0, 0.0, 0.0, 1e-06, -0.0, -0.0, -1.0, 0.3, -0.0, -1.0, 0.0, 0.0, 0.0, 0.0, 0.0, 1.0],
                [-1.0, 0.0, -0.0, -0.0, 0.0, -0.0, -1.0, 0.3, -0.0, -1.0, 0.0, -0.0, 0.0, 0.0, 0.0, 1.0],
                [-1.0, 0.0, -0.0, 0.0, 0.0, -0.0, -1.0, 0.3, -0.0, -1.0, 0.0, 0.0, 0.0, 0.0, 0.0, 1.0],
                [-1.0, 0.0, -0.0, 0.0, 0.0, -0.0, -1.0, 0.3, -0.0, -1.0, 0.0, -0.0, 0.0, 0.0, 0.0, 1.0],
                [-1.0, 0.0, -0.0, -0.0, 0.0, -0.0, -1.0, 0.3, -0.0, -1.0, 0.0, 0.0, 0.0, 0.0, 0.0, 1.0],
                [-1.0, 0.0, -0.0, 0.0, -0.0, -0.0, -1.0, 0.3, -0.0, -1.0, 0.0, -0.0, 0.0, 0.0, 0.0, 1.0],
                [-1.0, 0.0, -0.0, 0.0, 0.0, 0.0, -1.0, 0.3, -0.0, -1.0, 0.0, 0.0, 0.0, 0.0, 0.0, 1.0],
                [-1.0, 0.0, -0.0, 0.0, 0.0, -0.0, -1.0, 0.3, -0.0, -1.0, 0.0, -0.0, 0.0, 0.0, 0.0, 1.0],
                [-1.0, 0.0, -0.0, 0.0, 0.0, -0.0, -1.0, 0.3, -0.0, -1.0, 0.0, 0.0, 0.0, 0.0, 0.0, 1.0],
                [-1.0, 0.0, -0.0, 0.0, 0.0, -0.0, -1.0, 0.3, -0.0, -1.0, 0.0, 0.0, 0.0, 0.0, 0.0, 1.0]
            ]
        },
        {
            "name": "Shoulder_L",
            "time": [0.0, 0.5, 0.8667, 1.1, 1.1667, 2.1667, 3.0333, 3.3333, 4.0, 4.6667, 5.6667],
            "transform": [
                [0.094203, -0.995476, -0.012372, -0.0, -0.897221, -0.079507, -0.434367, 0.4, 0.431419, 0.052019, -0.900649, 0.0, 0.0, 0.0, 0.0, 1.0],
                [-0.018024, -0.994717, -0.101055, 0.0, -0.8152, 0.073141, -0.574544, 0.4, 0.578902, 0.072025, -0.812209, 0.0, 0.0, 0.0, 0.0, 1.0],
                [0.066521, -0.889711, -0.451651, -0.0, -0.99118, -0.00692, -0.132353, 0.4, 0.114631, 0.456472, -0.882321, 0.0, 0.0, 0.0, 0.0, 1.0],
                [0.113478, -0.993212, 0.025537, -1e-06, -0.992658, -0.112255, 0.04507, 0.4, -0.041897, -0.030464, -0.998656, 0.0, 0.0, 0.0, 0.0, 1.0],
                [0.183574, -0.978374, -0.095313, -0.0, -0.982339, -0.186159, 0.0189, 0.4, -0.036235, 0.090161, -0.995267, 0.0, 0.0, 0.0, 0.0, 1.0],
                [0.219101, -0.918928, 0.327973, -0.0, -0.968467, -0.245686, -0.041397, 0.4, 0.11862, -0.308561, -0.943778, -0.0, 0.0, 0.0, 0.0, 1.0],
                [-0.3956, -0.559538, 0.728297, 0.0, -0.866733, 0.489731, -0.094544, 0.4, -0.303769, -0.668642, -0.678706, -0.0, 0.0, 0.0, 0.0, 1.0],
                [-0.638359, -0.471825, 0.608177, 0.0, -0.660799, 0.74113, -0.118623, 0.4, -0.394769, -0.477607, -0.784887, -0.0, 0.0, 0.0, 0.0, 1.0],
                [0.157521, -0.980324, -0.118956, 0.0, -0.957169, -0.121934, -0.262609, 0.4, 0.242938, 0.155228, -0.95754, -0.0, 0.0, 0.0, 0.0, 1.0],
                [0.163204, -0.975368, 0.148398, 0.0, -0.914556, -0.205987, -0.34808, 0.4, 0.370075, -0.07891, -0.925643, -0.0, 0.0, 0.0, 0.0, 1.0],
                [0.326666, -0.942252, 0.073834, -1e-06, -0.863644, -0.32932, -0.381668, 0.4, 0.383943, 0.060911, -0.921344, -0.0, 0.0, 0.0, 0.0, 1.0]
            ]
        },
        {
            "name": "Arm_L",
            "time": [0.0, 0.5, 0.8667, 1.1, 1.1667, 2.1667, 3.0333, 3.3333, 4.0, 4.6667, 5.6667],
            "transform": [
                [0.694812, 0.601505, -0.394243, 0.0, -0.660628, 0.750464, -0.019284, 0.39386, 0.284267, 0.273846, 0.918805, 0.0, 0.0, 0.0, 0.0, 1.0],
                [0.868742, 0.476883, -0.133683, 0.0, -0.431211, 0.861072, 0.26946, 0.393861, 0.243612, -0.176445, 0.95369, -0.0, 0.0, 0.0, 0.0, 1.0],
                [0.886216, 0.281052, 0.368282, -0.0, -0.3676, 0.910408, 0.189803, 0.393861, -0.281942, -0.303586, 0.910135, -0.0, 0.0, 0.0, 0.0, 1.0],
                [0.996401, 0.03079, 0.078988, -0.0, -0.048698, 0.970537, 0.235972, 0.393861, -0.069395, -0.238969, 0.968545, 0.0, 0.0, 0.0, 0.0, 1.0],
                [0.988703, 0.097812, -0.113577, 0.0, -0.092022, 0.994226, 0.055161, 0.393861, 0.118317, -0.044086, 0.991998, -0.0, 0.0, 0.0, 0.0, 1.0],
                [0.79536, 0.518795, -0.313455, -0.0, -0.434975, 0.848669, 0.300923, 0.393861, 0.422137, -0.102997, 0.900664, 0.0, 0.0, 0.0, 0.0, 1.0],
                [0.715358, 0.357782, -0.600213, -0.0, -0.591503, 0.767359, -0.247558, 0.39386, 0.372008, 0.53212, 0.760564, 0.0, 0.0, 0.0, 0.0, 1.0],
                [0.917813, -0.328987, -0.222236, -0.0, 0.082967, 0.706342, -0.702991, 0.39386, 0.388251, 0.626775, 0.675584, -0.0, 0.0, 0.0, 0.0, 1.0],
                [0.748107, 0.59501, -0.293763, -0.0, -0.663412, 0.660758, -0.351116, 0.393861, -0.014811, 0.457557, 0.889058, 0.0, 0.0, 0.0, 0.0, 1.0],
                [0.55067, 0.782089, -0.291715, -0.0, -0.817966, 0.575263, -0.001789, 0.393861, 0.166414, 0.239597, 0.956506, -0.0, 0.0, 0.0, 0.0, 1.0],
                [0.589829, 0.802067, -0.093741, 0.0, -0.801621, 0.59557, 0.051941, 0.39386, 0.097489, 0.044508, 0.994243, -0.0, 0.0, 0.0, 0.0, 1.0]
            ]
        },
        {
            "name": "Hand_L",
            "time": [0.0, 0.5, 0.8667, 1.1, 1.1667, 2.1667, 3.0333, 3.3333, 4.0, 4.6667, 5.6667],
            "transform": [
                [1.0, 2e-06, 0.0, -0.0, 1e-06, -0.581742, -0.813373, 0.3, -1e-06, 0.813373, -0.581742, 0.0, 0.0, 0.0, 0.0, 1.0],
                [1.000001, 2e-06, 1e-06, -0.0, 2e-06, -0.472844, -0.881146, 0.3, -2e-06, 0.881145, -0.472845, 0.0, 0.0, 0.0, 0.0, 1.0],
                [1.000002, 2e-06, 1e-06, -0.0, 1e-06, -0.455611, -0.890178, 0.3, -2e-06, 0.890178, -0.455611, 0.0, 0.0, 0.0, 0.0, 1.0],
                [1.000001, 2e-06, 1e-06, 0.0, 1e-06, -0.285122, -0.95849, 0.3, -2e-06, 0.95849, -0.285122, 0.0, 0.0, 0.0, 0.0, 1.0],
                [1.000002, 1e-06, 2e-06, -0.0, 2e-06, 0.073169, -0.99732, 0.3, -2e-06, 0.997318, 0.073169, -0.0, 0.0, 0.0, 0.0, 1.0],
                [1.000002, 1e-06, 2e-06, 0.0, 2e-06, 0.450329, -0.892862, 0.300001, -2e-06, 0.89286, 0.450331, 0.0, 0.0, 0.0, 0.0, 1.0],
                [1.000002, 1e-06, 2e-06, 0.0, 1e-06, 0.230787, -0.973002, 0.300001, -2e-06, 0.973005, 0.230786, -0.0, 0.0, 0.0, 0.0, 1.0],
                [1.0, 2e-06, 1e-06, -0.0, 1e-06, 0.095308, -0.995448, 0.3, -2e-06, 0.995448, 0.095308, -0.0, 0.0, 0.0, 0.0, 1.0],
                [1.000002, 1e-06, 2e-06, 0.0, 1e-06, 0.603314, -0.797503, 0.3, -2e-06, 0.797503, 0.603314, -0.0, 0.0, 0.0, 0.0, 1.0],
                [1.000001, 0.0, 2e-06, -0.0, 1e-06, 0.710942, -0.70325, 0.3, -2e-06, 0.703249, 0.710943, 0.0, 0.0, 0.0, 0.0, 1.0],
                [1.000001, -0.0, 2e-06, -0.0, 1e-06, 0.852976, -0.521949, 0.3, -2e-06, 0.521949, 0.852976, 0.0, 0.0, 0.0, 0.0, 1.0]
            ]
        },
        {
            "name": "Tool_L",
            "time": [0.0, 0.5, 0.8667, 1.1, 1.1667, 2.1667, 3.0333, 3.3333, 4.0, 4.6667, 5.6667],
            "transform": [
                [-0.68, -0.662307, -0.31486, 0.0, 0.679784, -0.408317, -0.609168, 0.272858, 0.274762, -0.628194, 0.72705, -0.0, 0.0, 0.0, 0.0, 1.0],
                [-0.713351, -0.482724, -0.508088, 1e-06, 0.512379, 0.136163, -0.84746, 0.272858, 0.478124, -0.865122, 0.149936, 0.0, 0.0, 0.0, 0.0, 1.0],
                [-0.275336, -0.164247, -0.946694, 0.0, 0.949239, -0.202559, -0.240687, 0.272858, -0.152135, -0.965398, 0.211315, 1e-06, 0.0, 0.0, 0.0, 1.0],
                [-0.140614, -0.205145, -0.968055, 0.0, 0.983176, -0.144319, -0.11213, 0.272858, -0.11663, -0.968033, 0.221605, -1e-06, 0.0, 0.0, 0.0, 1.0],
                [-0.150418, -0.083874, -0.984485, -0.0, 0.620943, 0.767697, -0.15999, 0.272858, 0.769296, -0.635301, -0.063284, -0.0, 0.0, 0.0, 0.0, 1.0],
                [0.195384, -0.500034, -0.843273, 0.0, 0.376064, 0.83277, -0.406303, 0.272858, 0.905763, -0.237607, 0.350182, 0.0, 0.0, 0.0, 0.0, 1.0],
                [-0.034762, -0.229276, -0.972189, -0.0, 0.622002, -0.767146, 0.158437, 0.272857, -0.782252, -0.5991, 0.168984, 0.0, 0.0, 0.0, 0.0, 1.0],
                [0.510952, 0.600854, -0.61466, -1e-06, 0.254194, -0.788792, -0.559462, 0.272858, -0.821169, 0.129534, -0.554991, -0.0, 0.0, 0.0, 0.0, 1.0],
                [-0.314297, -0.683896, -0.65836, -0.0, 0.826437, 0.144597, -0.544084, 0.272858, 0.467147, -0.715105, 0.518994, 0.0, 0.0, 0.0, 0.0, 1.0],
                [-0.591046, -0.69852, -0.403704, -0.0, 0.64065, -0.101916, -0.76079, 0.272857, 0.490138, -0.708293, 0.506999, -0.0, 0.0, 0.0, 0.0, 1.0],
                [-0.345174, -0.916773, -0.201478, 0.0, 0.263399, 0.111651, -0.957702, 0.272858, 0.900822, -0.383481, 0.202581, 0.0, 0.0, 0.0, 0.0, 1.0]
            ]
        },
        {
            "name": "Elbow_L",
            "time": [0.0, 0.5, 0.8667, 1.1, 1.1667, 2.1667, 3.0333, 3.3333, 4.0, 4.6667, 5.6667],
            "transform": [
                [-1.0, 0.0, -0.0, -0.0, 0.0, -0.0, -1.0, 0.3, -0.0, -1.0, -0.0, 0.0, 0.0, 0.0, 0.0, 1.0],
                [-1.0, 0.0, -0.0, -0.0, 0.0, -0.0, -1.0, 0.3, -0.0, -1.0, -0.0, 0.0, 0.0, 0.0, 0.0, 1.0],
                [-1.0, 0.0, -0.0, -0.0, 0.0, -0.0, -1.0, 0.3, -0.0, -1.0, 0.0, 0.0, 0.0, 0.0, 0.0, 1.0],
                [-1.0, 0.0, -0.0, 0.0, 0.0, -0.0, -1.0, 0.3, -0.0, -1.0, -0.0, 0.0, 0.0, 0.0, 0.0, 1.0],
                [-1.0, 0.0, -0.0, -0.0, -0.0, -0.0, -1.0, 0.3, -0.0, -1.0, -0.0, -0.0, 0.0, 0.0, 0.0, 1.0],
                [-1.0, 0.0, -0.0, 0.0, -0.0, 0.0, -1.0, 0.300001, -0.0, -1.0, -0.0, 0.0, 0.0, 0.0, 0.0, 1.0],
                [-1.0, 0.0, -0.0, 0.0, 0.0, -0.0, -1.0, 0.300001, -0.0, -1.0, -0.0, -0.0, 0.0, 0.0, 0.0, 1.0],
                [-1.0, 0.0, -0.0, -0.0, 0.0, -0.0, -1.0, 0.3, -0.0, -1.0, -0.0, -0.0, 0.0, 0.0, 0.0, 1.0],
                [-1.0, 0.0, 0.0, 0.0, 0.0, -0.0, -1.0, 0.3, -0.0, -1.0, -0.0, -0.0, 0.0, 0.0, 0.0, 1.0],
                [-1.0, 0.0, -0.0, -0.0, 0.0, -0.0, -1.0, 0.3, -0.0, -1.0, -0.0, 0.0, 0.0, 0.0, 0.0, 1.0],
                [-1.0, 0.0, -0.0, -0.0, 0.0, -0.0, -1.0, 0.3, -0.0, -1.0, -0.0, 0.0, 0.0, 0.0, 0.0, 1.0]
            ]
        }
    ]
}