{
    "animation": [
        {
            "name": "Root",
            "time": [0.0, 0.0333, 0.0667, 0.1, 0.1333, 0.1667, 0.2, 0.2333, 0.2667, 0.3, 0.3333, 0.3667, 0.4, 0.4333, 0.4667, 0.5, 0.5333, 0.5667, 0.6, 0.6333, 0.6667, 0.7, 0.7333, 0.7667, 0.8, 0.8333, 0.8667, 0.9, 0.9333, 0.9667, 1.0, 1.0333],
            "transform": [
                [1.0, -0.0, 0.0, -2.2e-05, 0.0, -0.0, -1.0, 4.1e-05, 0.0, 1.0, -0.0, 1.412778, 0.0, 0.0, 0.0, 1.0],
                [1.0, -0.0, 0.0, -0.040947, 0.0, -0.0, -1.0, 4.1e-05, 0.0, 1.0, -0.0, 1.412778, 0.0, 0.0, 0.0, 1.0],
                [1.0, -0.0, 0.0, -0.051178, 0.0, -0.0, -1.0, 4.1e-05, 0.0, 1.0, -0.0, 1.412778, 0.0, 0.0, 0.0, 1.0],
                [1.0, -0.0, 0.0, -0.071641, 0.0, -0.0, -1.0, 4.1e-05, 0.0, 1.0, -0.0, 1.412778, 0.0, 0.0, 0.0, 1.0],
                [1.0, -0.0, 0.0, -0.092103, 0.0, -0.0, -1.0, 4.1e-05, 0.0, 1.0, -0.0, 1.412778, 0.0, 0.0, 0.0, 1.0],
                [1.0, -0.0, 0.0, -0.092103, 0.0, -0.0, -1.0, 4.1e-05, 0.0, 1.0, -0.0, 1.412778, 0.0, 0.0, 0.0, 1.0],
                [1.0, -0.0, 0.0, -0.102335, 0.0, -0.0, -1.0, 4.1e-05, 0.0, 1.0, -0.0, 1.412778, 0.0, 0.0, 0.0, 1.0],
                [1.0, -0.0, 0.0, -0.134734, 0.0, -0.0, -1.0, 4.1e-05, 0.0, 1.0, -0.0, 1.491218, 0.0, 0.0, 0.0, 1.0],
                [1.0, -0.0, 0.0, -0.167133, 0.0, -0.0, -1.0, 4.1e-05, 0.0, 1.0, -0.0, 1.569658, 0.0, 0.0, 0.0, 1.0],
                [1.0, -0.0, 0.0, -0.199532, 0.0, -0.0, -1.0, 4.1e-05, 0.0, 1.0, -0.0, 1.648098, 0.0, 0.0, 0.0, 1.0],
                [1.0, -0.0, 0.0, -0.231931, 0.0, -0.0, -1.0, 4.1e-05, 0.0, 1.0, -0.0, 1.726538, 0.0, 0.0, 0.0, 1.0],
                [1.0, -0.0, 0.0, -0.264331, 0.0, -0.0, -1.0, 4.1e-05, 0.0, 1.0, -0.0, 1.804978, 0.0, 0.0, 0.0, 1.0],
                [1.0, -0.0, 0.0, -0.29673, 0.0, -0.0, -1.0, 4.1e-05, 0.0, 1.0, -0.0, 1.883419, 0.0, 0.0, 0.0, 1.0],
                [1.0, -0.0, 0.0, -0.288204, 0.0, -0.0, -1.0, 4.1e-05, 0.0, 1.0, -0.0, 1.963564, 0.0, 0.0, 0.0, 1.0],
                [1.0, -0.0, 0.0, -0.279677, 0.0, -0.0, -1.0, 4.1e-05, 0.0, 1.0, -0.0, 2.043709, 0.0, 0.0, 0.0, 1.0],
                [1.0, -0.0, 0.0, -0.271151, 0.0, -0.0, -1.0, 4.1e-05, 0.0, 1.0, -0.0, 2.123854, 0.0, 0.0, 0.0, 1.0],
                [1.0, -0.0, 0.0, -0.262625, 0.0, -0.0, -1.0, 4.1e-05, 0.0, 1.0, -0.0, 2.204, 0.0, 0.0, 0.0, 1.0],
                [1.0, -0.0, 0.0, -0.254099, 0.0, -0.0, -1.0, 4.1e-05, 0.0, 1.0, -0.0, 2.284144, 0.0, 0.0, 0.0, 1.0],
                [1.0, -0.0, 0.0, -0.245573, 0.0, -0.0, -1.0, 4.1e-05, 0.0, 1.0, -0.0, 2.36429, 0.0, 0.0, 0.0, 1.0],
                [1.0, -0.0, 0.0, -0.220726, 0.0, -0.0, -1.0, 4.1e-05, 0.0, 1.0, -0.0, 2.37306, 0.0, 0.0, 0.0, 1.0],
                [1.0, -0.0, 0.0, -0.195878, 0.0, -0.0, -1.0, 4.1e-05, 0.0, 1.0, -0.0, 2.381829, 0.0, 0.0, 0.0, 1.0],
                [1.0, -0.0, 0.0, -0.171031, 0.0, -0.0, -1.0, 4.1e-05, 0.0, 1.0, -0.0, 2.390599, 0.0, 0.0, 0.0, 1.0],
                [1.0, -0.0, 0.0, -0.146183, 0.0, -0.0, -1.0, 4.1e-05, 0.0, 1.0, -0.0, 2.399369, 0.0, 0.0, 0.0, 1.0],
                [1.0, -0.0, 0.0, -0.121336, 0.0, -0.0, -1.0, 4.1e-05, 0.0, 1.0, -0.0, 2.408138, 0.0, 0.0, 0.0, 1.0],
                [1.0, -0.0, 0.0, -0.096488, 0.0, -0.0, -1.0, 4.1e-05, 0.0, 1.0, -0.0, 2.416908, 0.0, 0.0, 0.0, 1.0],
                [1.0, -0.0, 0.0, -0.071641, 0.0, -0.0, -1.0, 4.1e-05, 0.0, 1.0, -0.0, 2.425678, 0.0, 0.0, 0.0, 1.0],
                [1.0, -0.0, 0.0, -0.059704, 0.0, -0.0, -1.0, 4.1e-05, 0.0, 1.0, -0.0, 2.43027, 0.0, 0.0, 0.0, 1.0],
                [1.0, -0.0, 0.0, -0.047768, 0.0, -0.0, -1.0, 4.1e-05, 0.0, 1.0, -0.0, 2.434863, 0.0, 0.0, 0.0, 1.0],
                [1.0, -0.0, 0.0, -0.035831, 0.0, -0.0, -1.0, 4.1e-05, 0.0, 1.0, -0.0, 2.439456, 0.0, 0.0, 0.0, 1.0],
                [1.0, -0.0, 0.0, -0.023895, 0.0, -0.0, -1.0, 4.1e-05, 0.0, 1.0, -0.0, 2.444048, 0.0, 0.0, 0.0, 1.0],
                [1.0, -0.0, 0.0, -0.011958, 0.0, -0.0, -1.0, 4.1e-05, 0.0, 1.0, -0.0, 2.448641, 0.0, 0.0, 0.0, 1.0],
                [1.0, -0.0, 0.0, -2.2e-05, 0.0, -0.0, -1.0, 4.1e-05, 0.0, 1.0, -0.0, 2.453233, 0.0, 0.0, 0.0, 1.0]
            ]
        },
        {
            "name": "Thigh_R",
            "time": [0.0, 0.0333, 0.0667, 0.1, 0.1333, 0.1667, 0.2, 0.2333, 0.2667, 0.3, 0.3333, 0.3667, 0.4, 0.4333, 0.4667, 0.5, 0.5333, 0.5667, 0.6, 0.6333, 0.6667, 0.7, 0.7333, 0.7667, 0.8, 0.8333, 0.8667, 0.9, 0.9333, 0.9667, 1.0, 1.0333],
            "transform": [
                [0.549048, 0.82145, 0.154163, 0.124994, 0.270921, -0.349411, 0.896947, -0.002831, 0.790663, -0.450701, -0.414392, -1.2e-05, 0.0, 0.0, 0.0, 1.0],
                [0.616136, 0.784916, 0.065439, 0.124994, 0.289714, -0.303105, 0.907851, -0.002831, 0.732421, -0.540401, -0.414156, -1.2e-05, 0.0, 0.0, 0.0, 1.0],
                [0.682851, 0.729763, -0.034062, 0.124994, 0.314254, -0.251323, 0.915468, -0.002831, 0.659514, -0.635832, -0.400948, -1.2e-05, 0.0, 0.0, 0.0, 1.0],
                [0.731897, 0.670172, -0.123272, 0.124994, 0.347016, -0.210884, 0.913842, -0.002831, 0.586435, -0.711616, -0.386907, -1.2e-05, 0.0, 0.0, 0.0, 1.0],
                [0.751288, 0.6353, -0.178776, 0.124994, 0.384603, -0.201313, 0.900863, -0.002831, 0.536327, -0.745565, -0.395583, -1.2e-05, 0.0, 0.0, 0.0, 1.0],
                [0.741214, 0.643834, -0.189948, 0.124994, 0.417707, -0.22087, 0.881327, -0.002831, 0.525474, -0.732594, -0.432646, -1.2e-05, 0.0, 0.0, 0.0, 1.0],
                [0.71323, 0.680837, -0.166626, 0.124994, 0.445992, -0.257417, 0.857221, -0.002831, 0.540735, -0.685709, -0.487246, -1.2e-05, 0.0, 0.0, 0.0, 1.0],
                [0.734127, 0.66814, -0.121022, 0.124994, 0.48764, -0.394751, 0.778704, -0.002831, 0.472509, -0.630682, -0.61561, -1.2e-05, 0.0, 0.0, 0.0, 1.0],
                [0.757996, 0.647564, -0.078116, 0.124994, 0.517759, -0.524523, 0.67587, -0.002831, 0.396695, -0.552752, -0.73287, -1.2e-05, 0.0, 0.0, 0.0, 1.0],
                [0.78398, 0.619497, -0.03998, 0.124994, 0.534258, -0.640509, 0.551649, -0.002831, 0.316137, -0.453842, -0.833118, -1.2e-05, 0.0, 0.0, 0.0, 1.0],
                [0.810988, 0.585002, -0.008388, 0.124994, 0.536117, -0.737325, 0.411012, -0.002831, 0.234258, -0.337822, -0.911592, -1.2e-05, 0.0, 0.0, 0.0, 1.0],
                [0.83784, 0.545697, 0.015446, 0.124994, 0.523568, -0.811234, 0.260337, -0.002831, 0.154595, -0.210034, -0.965394, -1.2e-05, 0.0, 0.0, 0.0, 1.0],
                [0.863435, 0.503506, 0.031017, 0.124994, 0.498027, -0.860598, 0.106484, -0.002831, 0.080308, -0.076495, -0.993831, -1.2e-05, 0.0, 0.0, 0.0, 1.0],
                [0.858971, 0.511679, 0.018799, 0.124994, 0.502753, -0.849803, 0.158346, -0.002831, 0.096998, -0.126563, -0.987205, -1.2e-05, 0.0, 0.0, 0.0, 1.0],
                [0.85463, 0.519201, 0.00607, 0.124994, 0.506566, -0.836285, 0.209806, -0.002831, 0.114008, -0.176231, -0.977724, -1.2e-05, 0.0, 0.0, 0.0, 1.0],
                [0.850435, 0.526032, -0.007115, 0.124994, 0.509441, -0.820086, 0.260631, -0.002831, 0.131265, -0.225274, -0.965412, -1.2e-05, 0.0, 0.0, 0.0, 1.0],
                [0.846403, 0.532141, -0.0207, 0.124994, 0.511364, -0.801273, 0.310593, -0.002831, 0.148692, -0.273472, -0.950318, -1.2e-05, 0.0, 0.0, 0.0, 1.0],
                [0.842551, 0.537502, -0.034624, 0.124994, 0.512328, -0.779935, 0.359472, -0.002831, 0.166213, -0.320612, -0.932513, -1.2e-05, 0.0, 0.0, 0.0, 1.0],
                [0.838897, 0.542096, -0.048821, 0.124994, 0.512336, -0.756185, 0.407059, -0.002831, 0.183747, -0.366493, -0.912096, -1.2e-05, 0.0, 0.0, 0.0, 1.0],
                [0.819817, 0.569431, -0.060395, 0.124994, 0.521634, -0.699141, 0.488979, -0.002831, 0.236215, -0.432377, -0.870202, -1.2e-05, 0.0, 0.0, 0.0, 1.0],
                [0.800009, 0.59526, -0.075175, 0.124994, 0.525305, -0.63437, 0.567124, -0.002831, 0.289897, -0.493194, -0.820195, -1.2e-05, 0.0, 0.0, 0.0, 1.0],
                [0.779763, 0.619124, -0.09303, 0.124994, 0.523113, -0.562652, 0.640137, -0.002831, 0.34398, -0.54782, -0.762608, -1.2e-05, 0.0, 0.0, 0.0, 1.0],
                [0.759393, 0.640616, -0.113725, 0.124994, 0.515, -0.485016, 0.706778, -0.002831, 0.397614, -0.59529, -0.698235, -1.2e-05, 0.0, 0.0, 0.0, 1.0],
                [0.739221, 0.659395, -0.136933, 0.124994, 0.501093, -0.402684, 0.765997, -0.002831, 0.449953, -0.634857, -0.628091, -1.2e-05, 0.0, 0.0, 0.0, 1.0],
                [0.719558, 0.675211, -0.162254, 0.124994, 0.4817, -0.317014, 0.816987, -0.002831, 0.500201, -0.666027, -0.553359, -1.2e-05, 0.0, 0.0, 0.0, 1.0],
                [0.70069, 0.687913, -0.189234, 0.124994, 0.457287, -0.229424, 0.859216, -0.002831, 0.547651, -0.688579, -0.475329, -1.2e-05, 0.0, 0.0, 0.0, 1.0],
                [0.684476, 0.716987, -0.131993, 0.124994, 0.425693, -0.246088, 0.870761, -0.002831, 0.591843, -0.652204, -0.473658, -1.2e-05, 0.0, 0.0, 0.0, 1.0],
                [0.66461, 0.743487, -0.074302, 0.124994, 0.394058, -0.26428, 0.88027, -0.002831, 0.634832, -0.614315, -0.46862, -1.2e-05, 0.0, 0.0, 0.0, 1.0],
                [0.641192, 0.767202, -0.016555, 0.124994, 0.362598, -0.283888, 0.887654, -0.002831, 0.67631, -0.57516, -0.460213, -1.2e-05, 0.0, 0.0, 0.0, 1.0],
                [0.614371, 0.787959, 0.040849, 0.124994, 0.331533, -0.304782, 0.892857, -0.002831, 0.715985, -0.535003, -0.448484, -1.2e-05, 0.0, 0.0, 0.0, 1.0],
                [0.584343, 0.805627, 0.097517, 0.124994, 0.301074, -0.326815, 0.895849, -0.002831, 0.75359, -0.494123, -0.433525, -1.2e-05, 0.0, 0.0, 0.0, 1.0],
                [0.551346, 0.820114, 0.15307, 0.124994, 0.271423, -0.349824, 0.896634, -0.002831, 0.78889, -0.452809, -0.415472, -1.2e-05, 0.0, 0.0, 0.0, 1.0]
            ]
        },
        {
            "name": "Leg_R",
            "time": [0.0, 0.0333, 0.0667, 0.1, 0.1333, 0.1667, 0.2, 0.2333, 0.2667, 0.3, 0.3333, 0.3667, 0.4, 0.4333, 0.4667, 0.5, 0.5333, 0.5667, 0.6, 0.6333, 0.6667, 0.7, 0.7333, 0.7667, 0.8, 0.8333, 0.8667, 0.9, 0.9333, 0.9667, 1.0, 1.0333],
            "transform": [
                [1.0, -0.0, 0.0, 0.0, -0.0, -0.319599, 0.947554, 0.37472, -0.0, -0.947553, -0.319599, -0.0, 0.0, 0.0, 0.0, 1.0],
                [1.0, -0.0, 0.0, 0.0, -0.0, -0.39726, 0.917707, 0.37472, -0.0, -0.917707, -0.39726, 0.0, 0.0, 0.0, 0.0, 1.0],
                [1.0, -0.0, 0.0, 0.0, -0.0, -0.479134, 0.877742, 0.37472, -0.0, -0.877741, -0.479135, -0.0, 0.0, 0.0, 0.0, 1.0],
                [1.0, -0.0, 0.0, -0.0, -0.0, -0.538722, 0.842484, 0.37472, -0.0, -0.842483, -0.538723, -0.0, 0.0, 0.0, 0.0, 1.0],
                [0.999999, -0.0, 0.0, -0.0, -0.0, -0.554502, 0.832183, 0.37472, -0.0, -0.832182, -0.554503, -0.0, 0.0, 0.0, 0.0, 1.0],
                [1.0, -0.0, 0.0, 0.0, -0.0, -0.523129, 0.852254, 0.37472, -0.0, -0.852254, -0.523129, 0.0, 0.0, 0.0, 0.0, 1.0],
                [1.0, -0.0, 0.0, -0.0, -0.0, -0.457066, 0.889433, 0.37472, -0.0, -0.889433, -0.457067, 0.0, 0.0, 0.0, 0.0, 1.0],
                [1.0, -0.0, 0.0, -0.0, -0.0, -0.285996, 0.958231, 0.37472, -0.0, -0.958231, -0.285996, -0.0, 0.0, 0.0, 0.0, 1.0],
                [1.0, -0.0, 0.0, -0.0, -0.0, -0.098332, 0.995154, 0.37472, -0.0, -0.995153, -0.098332, 0.0, 0.0, 0.0, 0.0, 1.0],
                [1.0, -0.0, 0.0, 0.0, -0.0, 0.096562, 0.995327, 0.37472, -0.0, -0.995327, 0.096562, -0.0, 0.0, 0.0, 0.0, 1.0],
                [1.0, -0.0, 1e-06, -0.0, -0.0, 0.287789, 0.957694, 0.37472, -0.0, -0.957694, 0.287789, 0.0, 0.0, 0.0, 0.0, 1.0],
                [1.0, -0.0, 0.0, 0.0, -0.0, 0.464855, 0.885387, 0.37472, -0.0, -0.885387, 0.464855, -0.0, 0.0, 0.0, 0.0, 1.0],
                [1.0, -0.0, 1e-06, 0.0, -0.0, 0.619511, 0.784988, 0.37472, -0.0, -0.784988, 0.619511, -0.0, 0.0, 0.0, 0.0, 1.0],
                [1.0, -0.0, 1e-06, -0.0, -0.0, 0.555911, 0.831242, 0.37472, -0.0, -0.831241, 0.555911, -0.0, 0.0, 0.0, 0.0, 1.0],
                [1.0, -0.0, 1e-06, 0.0, -0.0, 0.488442, 0.872597, 0.37472, -0.0, -0.872596, 0.488442, 0.0, 0.0, 0.0, 0.0, 1.0],
                [1.0, -0.0, 0.0, 0.0, -0.0, 0.417687, 0.908592, 0.37472, -0.0, -0.908591, 0.417687, 0.0, 0.0, 0.0, 0.0, 1.0],
                [1.0, -0.0, 0.0, -0.0, -0.0, 0.3443, 0.93886, 0.37472, -0.0, -0.93886, 0.3443, -0.0, 0.0, 0.0, 0.0, 1.0],
                [1.0, -0.0, 0.0, -0.0, -0.0, 0.268984, 0.963145, 0.37472, -0.0, -0.963145, 0.268984, 0.0, 0.0, 0.0, 0.0, 1.0],
                [1.0, -0.0, 0.0, -0.0, -0.0, 0.192468, 0.981304, 0.37472, -0.0, -0.981303, 0.192468, -0.0, 0.0, 0.0, 0.0, 1.0],
                [1.0, -0.0, 0.0, -0.0, -0.0, 0.117141, 0.993116, 0.37472, -0.0, -0.993115, 0.117141, 0.0, 0.0, 0.0, 0.0, 1.0],
                [1.0, -0.0, 0.0, 0.0, -0.0, 0.040567, 0.999177, 0.37472, -0.0, -0.999177, 0.040567, 0.0, 0.0, 0.0, 0.0, 1.0],
                [1.0, -0.0, 0.0, -0.0, -0.0, -0.036589, 0.999331, 0.37472, -0.0, -0.999331, -0.036589, -0.0, 0.0, 0.0, 0.0, 1.0],
                [1.0, -0.0, 0.0, -0.0, -0.0, -0.113642, 0.993522, 0.37472, -0.0, -0.993522, -0.113642, -0.0, 0.0, 0.0, 0.0, 1.0],
                [1.0, -0.0, 0.0, 0.0, -0.0, -0.189904, 0.981803, 0.37472, -0.0, -0.981803, -0.189904, 0.0, 0.0, 0.0, 0.0, 1.0],
                [1.0, -0.0, 0.0, 0.0, -0.0, -0.264703, 0.96433, 0.37472, -0.0, -0.96433, -0.264703, -0.0, 0.0, 0.0, 0.0, 1.0],
                [1.0, -0.0, 0.0, 0.0, -0.0, -0.337409, 0.941359, 0.37472, -0.0, -0.941358, -0.337409, -0.0, 0.0, 0.0, 0.0, 1.0],
                [1.0, -0.0, 0.0, 0.0, -0.0, -0.334416, 0.942426, 0.37472, -0.0, -0.942426, -0.334416, 0.0, 0.0, 0.0, 0.0, 1.0],
                [1.0, -0.0, 0.0, -0.0, -0.0, -0.33142, 0.943484, 0.37472, -0.0, -0.943484, -0.33142, 0.0, 0.0, 0.0, 0.0, 1.0],
                [1.0, -0.0, 0.0, -0.0, -0.0, -0.32842, 0.944532, 0.37472, -0.0, -0.944532, -0.32842, 0.0, 0.0, 0.0, 0.0, 1.0],
                [1.0, -0.0, 0.0, -0.0, -0.0, -0.325417, 0.945571, 0.37472, -0.0, -0.945571, -0.325417, -0.0, 0.0, 0.0, 0.0, 1.0],
                [1.0, -0.0, 0.0, 0.0, -0.0, -0.322411, 0.9466, 0.37472, -0.0, -0.9466, -0.322411, 0.0, 0.0, 0.0, 0.0, 1.0],
                [1.0, -0.0, 0.0, 0.0, -0.0, -0.319402, 0.94762, 0.37472, -0.0, -0.94762, -0.319402, 0.0, 0.0, 0.0, 0.0, 1.0]
            ]
        },
        {
            "name": "Knee_R",
            "time": [0.0, 0.0333, 0.0667, 0.1, 0.1333, 0.1667, 0.2, 0.2333, 0.2667, 0.3, 0.3333, 0.3667, 0.4, 0.4333, 0.4667, 0.5, 0.5333, 0.5667, 0.6, 0.6333, 0.6667, 0.7, 0.7333, 0.7667, 0.8, 0.8333, 0.8667, 0.9, 0.9333, 0.9667, 1.0, 1.0333],
            "transform": [
                [1.0, 0.0, -0.0, 0.0, -0.0, 1e-06, -1.0, 0.37472, -0.0, 1.0, 1e-06, -0.0, 0.0, 0.0, 0.0, 1.0],
                [1.0, 0.0, -0.0, 0.0, -0.0, 1e-06, -1.0, 0.37472, -0.0, 1.0, 1e-06, 0.0, 0.0, 0.0, 0.0, 1.0],
                [1.0, 0.0, -0.0, 0.0, -0.0, 1e-06, -1.0, 0.37472, -0.0, 1.0, 1e-06, -0.0, 0.0, 0.0, 0.0, 1.0],
                [1.0, 0.0, -0.0, -0.0, -0.0, 1e-06, -1.0, 0.37472, -0.0, 1.0, 1e-06, -0.0, 0.0, 0.0, 0.0, 1.0],
                [1.0, 0.0, -0.0, -0.0, -0.0, 1e-06, -1.0, 0.37472, -0.0, 1.0, 1e-06, -0.0, 0.0, 0.0, 0.0, 1.0],
                [1.0, 0.0, -0.0, 0.0, -0.0, 1e-06, -1.0, 0.37472, -0.0, 1.0, 1e-06, 0.0, 0.0, 0.0, 0.0, 1.0],
                [1.0, 0.0, -0.0, -0.0, -0.0, 1e-06, -1.0, 0.37472, -0.0, 1.0, 1e-06, 0.0, 0.0, 0.0, 0.0, 1.0],
                [1.0, 0.0, -0.0, -0.0, -0.0, 1e-06, -1.0, 0.37472, -0.0, 1.0, 1e-06, -0.0, 0.0, 0.0, 0.0, 1.0],
                [1.0, 0.0, -0.0, -0.0, -0.0, 1e-06, -1.0, 0.37472, -0.0, 1.0, 1e-06, 0.0, 0.0, 0.0, 0.0, 1.0],
                [1.0, 0.0, -0.0, 0.0, -0.0, 1e-06, -1.0, 0.37472, -0.0, 1.0, 1e-06, -0.0, 0.0, 0.0, 0.0, 1.0],
                [1.0, 0.0, -0.0, -0.0, -0.0, 1e-06, -1.0, 0.37472, -0.0, 1.0, 1e-06, 0.0, 0.0, 0.0, 0.0, 1.0],
                [1.0, 0.0, -0.0, 0.0, -0.0, 1e-06, -1.0, 0.37472, -0.0, 1.0, 1e-06, -0.0, 0.0, 0.0, 0.0, 1.0],
                [1.0, 0.0, -0.0, 0.0, -0.0, 1e-06, -1.0, 0.37472, -0.0, 1.0, 1e-06, -0.0, 0.0, 0.0, 0.0, 1.0],
                [1.0, 0.0, -0.0, -0.0, -0.0, 1e-06, -1.0, 0.37472, -0.0, 1.0, 1e-06, -0.0, 0.0, 0.0, 0.0, 1.0],
                [1.0, 0.0, -0.0, 0.0, -0.0, 1e-06, -1.0, 0.37472, -0.0, 1.0, 1e-06, 0.0, 0.0, 0.0, 0.0, 1.0],
                [1.0, 0.0, -0.0, 0.0, -0.0, 1e-06, -1.0, 0.37472, -0.0, 1.0, 1e-06, 0.0, 0.0, 0.0, 0.0, 1.0],
                [1.0, 0.0, -0.0, -0.0, -0.0, 1e-06, -1.0, 0.37472, -0.0, 1.0, 1e-06, -0.0, 0.0, 0.0, 0.0, 1.0],
                [1.0, 0.0, -0.0, -0.0, -0.0, 1e-06, -1.0, 0.37472, -0.0, 1.0, 1e-06, 0.0, 0.0, 0.0, 0.0, 1.0],
                [1.0, 0.0, -0.0, -0.0, -0.0, 1e-06, -1.0, 0.37472, -0.0, 1.0, 1e-06, -0.0, 0.0, 0.0, 0.0, 1.0],
                [1.0, 0.0, -0.0, -0.0, -0.0, 1e-06, -1.0, 0.37472, -0.0, 1.0, 1e-06, 0.0, 0.0, 0.0, 0.0, 1.0],
                [1.0, 0.0, -0.0, 0.0, -0.0, 1e-06, -1.0, 0.37472, -0.0, 1.0, 1e-06, 0.0, 0.0, 0.0, 0.0, 1.0],
                [1.0, 0.0, -0.0, -0.0, -0.0, 1e-06, -1.0, 0.37472, -0.0, 1.0, 1e-06, -0.0, 0.0, 0.0, 0.0, 1.0],
                [1.0, 0.0, -0.0, -0.0, -0.0, 1e-06, -1.0, 0.37472, -0.0, 1.0, 1e-06, -0.0, 0.0, 0.0, 0.0, 1.0],
                [1.0, 0.0, -0.0, 0.0, -0.0, 1e-06, -1.0, 0.37472, -0.0, 1.0, 1e-06, 0.0, 0.0, 0.0, 0.0, 1.0],
                [1.0, 0.0, -0.0, 0.0, -0.0, 1e-06, -1.0, 0.37472, -0.0, 1.0, 1e-06, -0.0, 0.0, 0.0, 0.0, 1.0],
                [1.0, 0.0, -0.0, 0.0, -0.0, 1e-06, -1.0, 0.37472, -0.0, 1.0, 1e-06, -0.0, 0.0, 0.0, 0.0, 1.0],
                [1.0, 0.0, -0.0, 0.0, -0.0, 1e-06, -1.0, 0.37472, -0.0, 1.0, 1e-06, 0.0, 0.0, 0.0, 0.0, 1.0],
                [1.0, 0.0, -0.0, -0.0, -0.0, 1e-06, -1.0, 0.37472, -0.0, 1.0, 1e-06, 0.0, 0.0, 0.0, 0.0, 1.0],
                [1.0, 0.0, -0.0, -0.0, -0.0, 1e-06, -1.0, 0.37472, -0.0, 1.0, 1e-06, 0.0, 0.0, 0.0, 0.0, 1.0],
                [1.0, 0.0, -0.0, -0.0, -0.0, 1e-06, -1.0, 0.37472, -0.0, 1.0, 1e-06, -0.0, 0.0, 0.0, 0.0, 1.0],
                [1.0, 0.0, -0.0, 0.0, -0.0, 1e-06, -1.0, 0.37472, -0.0, 1.0, 1e-06, 0.0, 0.0, 0.0, 0.0, 1.0],
                [1.0, 0.0, -0.0, 0.0, -0.0, 1e-06, -1.0, 0.37472, -0.0, 1.0, 1e-06, 0.0, 0.0, 0.0, 0.0, 1.0]
            ]
        },
        {
            "name": "Thigh_L",
            "time": [0.0, 0.0333, 0.0667, 0.1, 0.1333, 0.1667, 0.2, 0.2333, 0.2667, 0.3, 0.3333, 0.3667, 0.4, 0.4333, 0.4667, 0.5, 0.5333, 0.5667, 0.6, 0.6333, 0.6667, 0.7, 0.7333, 0.7667, 0.8, 0.8333, 0.8667, 0.9, 0.9333, 0.9667, 1.0, 1.0333],
            "transform": [
                [0.937945, -0.00757, -0.346701, -0.125006, 0.193486, -0.818258, 0.54131, -0.002831, -0.287789, -0.574801, -0.766016, -1.2e-05, 0.0, 0.0, 0.0, 1.0],
                [0.911369, -0.049729, -0.408575, -0.125006, 0.226666, -0.767944, 0.59907, -0.002831, -0.343554, -0.638584, -0.688608, -1.2e-05, 0.0, 0.0, 0.0, 1.0],
                [0.875457, -0.123243, -0.467318, -0.125006, 0.256683, -0.700723, 0.665658, -0.002831, -0.409499, -0.702708, -0.581818, -1.2e-05, 0.0, 0.0, 0.0, 1.0],
                [0.832062, -0.18561, -0.522705, -0.125006, 0.294286, -0.651069, 0.699646, -0.002831, -0.470178, -0.735974, -0.487108, -1.2e-05, 0.0, 0.0, 0.0, 1.0],
                [0.796107, -0.17583, -0.579049, -0.125006, 0.338244, -0.664149, 0.666706, -0.002831, -0.501802, -0.726629, -0.46926, -1.2e-05, 0.0, 0.0, 0.0, 1.0],
                [0.784357, -0.077126, -0.615497, -0.125006, 0.383603, -0.719453, 0.578995, -0.002831, -0.487477, -0.690245, -0.534722, -1.2e-05, 0.0, 0.0, 0.0, 1.0],
                [0.785236, 0.063087, -0.615974, -0.125006, 0.432349, -0.768, 0.472494, -0.002831, -0.44326, -0.637335, -0.630336, -1.2e-05, 0.0, 0.0, 0.0, 1.0],
                [0.804601, 0.048044, -0.591868, -0.125006, 0.391418, -0.79245, 0.467777, -0.002831, -0.446552, -0.608042, -0.656412, -1.2e-05, 0.0, 0.0, 0.0, 1.0],
                [0.822765, 0.031786, -0.567492, -0.125006, 0.34971, -0.81539, 0.461348, -0.002831, -0.448063, -0.578039, -0.68199, -1.2e-05, 0.0, 0.0, 0.0, 1.0],
                [0.83965, 0.014367, -0.542937, -0.125006, 0.307381, -0.836724, 0.453222, -0.00283, -0.447777, -0.547437, -0.706972, -1.2e-05, 0.0, 0.0, 0.0, 1.0],
                [0.855191, -0.004147, -0.518296, -0.125006, 0.26459, -0.856367, 0.443426, -0.00283, -0.445691, -0.51635, -0.73126, -1.2e-05, 0.0, 0.0, 0.0, 1.0],
                [0.86933, -0.023685, -0.493664, -0.125006, 0.2215, -0.874249, 0.432001, -0.00283, -0.441817, -0.484898, -0.754765, -1.2e-05, 0.0, 0.0, 0.0, 1.0],
                [0.882023, -0.044168, -0.469132, -0.125006, 0.178276, -0.890313, 0.419, -0.00283, -0.43618, -0.453202, -0.777402, -1.2e-05, 0.0, 0.0, 0.0, 1.0],
                [0.899071, -0.040181, -0.435954, -0.125006, 0.161888, -0.894688, 0.416324, -0.00283, -0.406772, -0.444881, -0.797883, -1.2e-05, 0.0, 0.0, 0.0, 1.0],
                [0.914881, -0.036542, -0.402067, -0.125006, 0.145586, -0.899027, 0.412983, -0.00283, -0.37656, -0.436365, -0.817183, -1.2e-05, 0.0, 0.0, 0.0, 1.0],
                [0.929411, -0.033261, -0.367543, -0.125006, 0.129408, -0.903321, 0.40898, -0.00283, -0.345613, -0.427674, -0.835253, -1.2e-05, 0.0, 0.0, 0.0, 1.0],
                [0.942628, -0.030344, -0.332464, -0.125006, 0.11339, -0.907559, 0.404325, -0.00283, -0.314, -0.418826, -0.85205, -1.2e-05, 0.0, 0.0, 0.0, 1.0],
                [0.954501, -0.027799, -0.296909, -0.125006, 0.09757, -0.911732, 0.399029, -0.00283, -0.281794, -0.409843, -0.867537, -1.2e-05, 0.0, 0.0, 0.0, 1.0],
                [0.965009, -0.02563, -0.260963, -0.125006, 0.081982, -0.915831, 0.393106, -0.00283, -0.249073, -0.400745, -0.881684, -1.2e-05, 0.0, 0.0, 0.0, 1.0],
                [0.967636, -0.009672, -0.252166, -0.125006, 0.104995, -0.893236, 0.437156, -0.00283, -0.229472, -0.449484, -0.863311, -1.2e-05, 0.0, 0.0, 0.0, 1.0],
                [0.969728, 0.006826, -0.244094, -0.125006, 0.127036, -0.867791, 0.480417, -0.00283, -0.208543, -0.496882, -0.842388, -1.2e-05, 0.0, 0.0, 0.0, 1.0],
                [0.971269, 0.023787, -0.236793, -0.125006, 0.147988, -0.839593, 0.52267, -0.00283, -0.186377, -0.542695, -0.81899, -1.2e-05, 0.0, 0.0, 0.0, 1.0],
                [0.97225, 0.041132, -0.230302, -0.125006, 0.167743, -0.808765, 0.563703, -0.00283, -0.163074, -0.586692, -0.793221, -1.2e-05, 0.0, 0.0, 0.0, 1.0],
                [0.972665, 0.058775, -0.224653, -0.125006, 0.186205, -0.775459, 0.603318, -0.00283, -0.138749, -0.628657, -0.765205, -1.2e-05, 0.0, 0.0, 0.0, 1.0],
                [0.972515, 0.07663, -0.219869, -0.125006, 0.20329, -0.739847, 0.641327, -0.00283, -0.113525, -0.668397, -0.73509, -1.2e-05, 0.0, 0.0, 0.0, 1.0],
                [0.971807, 0.094608, -0.215966, -0.125006, 0.21893, -0.702125, 0.677562, -0.00283, -0.087533, -0.705741, -0.703042, -1.2e-05, 0.0, 0.0, 0.0, 1.0],
                [0.968501, 0.076175, -0.237073, -0.125006, 0.217392, -0.722955, 0.655802, -0.00283, -0.121438, -0.686683, -0.716742, -1.2e-05, 0.0, 0.0, 0.0, 1.0],
                [0.964238, 0.058298, -0.258548, -0.125006, 0.214823, -0.743258, 0.633575, -0.00283, -0.155232, -0.66646, -0.729201, -1.2e-05, 0.0, 0.0, 0.0, 1.0],
                [0.959024, 0.041027, -0.280338, -0.125006, 0.211228, -0.762981, 0.610936, -0.00283, -0.188828, -0.645118, -0.740383, -1.2e-05, 0.0, 0.0, 0.0, 1.0],
                [0.952872, 0.024406, -0.302388, -0.125006, 0.206612, -0.78207, 0.587943, -0.00283, -0.22214, -0.622712, -0.750256, -1.2e-05, 0.0, 0.0, 0.0, 1.0],
                [0.945799, 0.008477, -0.32464, -0.125006, 0.20099, -0.80048, 0.564655, -0.00283, -0.255082, -0.5993, -0.758797, -1.2e-05, 0.0, 0.0, 0.0, 1.0],
                [0.937827, -0.006722, -0.347038, -0.125006, 0.194379, -0.818164, 0.541133, -0.00283, -0.287571, -0.574946, -0.765989, -1.2e-05, 0.0, 0.0, 0.0, 1.0]
            ]
        },
        {
            "name": "Leg_L",
            "time": [0.0, 0.0333, 0.0667, 0.1, 0.1333, 0.1667, 0.2, 0.2333, 0.2667, 0.3, 0.3333, 0.3667, 0.4, 0.4333, 0.4667, 0.5, 0.5333, 0.5667, 0.6, 0.6333, 0.6667, 0.7, 0.7333, 0.7667, 0.8, 0.8333, 0.8667, 0.9, 0.9333, 0.9667, 1.0, 1.0333],
            "transform": [
                [1.0, -0.0, -0.0, -0.0, -0.0, -0.769843, 0.638234, 0.37472, -0.0, -0.638234, -0.769843, -0.0, 0.0, 0.0, 0.0, 1.0],
                [1.000001, -0.0, -0.0, -0.0, -0.0, -0.795659, 0.605745, 0.37472, -0.0, -0.605745, -0.795659, 0.0, 0.0, 0.0, 0.0, 1.0],
                [1.0, -0.0, -0.0, -0.0, -0.0, -0.823294, 0.567615, 0.37472, -0.0, -0.567615, -0.823294, -0.0, 0.0, 0.0, 0.0, 1.0],
                [1.000001, -0.0, -0.0, -0.0, 0.0, -0.834034, 0.551714, 0.37472, -0.0, -0.551714, -0.834034, 0.0, 0.0, 0.0, 0.0, 1.0],
                [1.000001, -0.0, -0.0, -0.0, -0.0, -0.813749, 0.581216, 0.37472, -0.0, -0.581216, -0.813749, 0.0, 0.0, 0.0, 0.0, 1.0],
                [1.000001, -0.0, -0.0, -0.0, -0.0, -0.756776, 0.653674, 0.37472, -0.0, -0.653675, -0.756776, -0.0, 0.0, 0.0, 0.0, 1.0],
                [1.0, -0.0, -0.0, 0.0, -0.0, -0.665659, 0.746256, 0.37472, -0.0, -0.746256, -0.665659, -0.0, 0.0, 0.0, 0.0, 1.0],
                [1.0, -0.0, -0.0, 0.0, -0.0, -0.593796, 0.804615, 0.37472, -0.0, -0.804615, -0.593796, 0.0, 0.0, 0.0, 0.0, 1.0],
                [1.000001, -0.0, -0.0, 0.0, -0.0, -0.516149, 0.856499, 0.37472, -0.0, -0.856499, -0.516149, -0.0, 0.0, 0.0, 0.0, 1.0],
                [1.0, -0.0, -0.0, -0.0, -0.0, -0.43363, 0.901091, 0.37472, -0.0, -0.901091, -0.43363, 0.0, 0.0, 0.0, 0.0, 1.0],
                [1.0, -0.0, 0.0, 0.0, -0.0, -0.347296, 0.937755, 0.37472, -0.0, -0.937756, -0.347296, -0.0, 0.0, 0.0, 0.0, 1.0],
                [1.0, -0.0, 0.0, 0.0, -0.0, -0.258303, 0.966064, 0.37472, -0.0, -0.966064, -0.258303, -0.0, 0.0, 0.0, 0.0, 1.0],
                [1.0, -0.0, 0.0, 0.0, -0.0, -0.167859, 0.985811, 0.37472, -0.0, -0.985811, -0.167859, 0.0, 0.0, 0.0, 0.0, 1.0],
                [1.0, -0.0, 0.0, 0.0, -0.0, -0.053933, 0.998544, 0.37472, -0.0, -0.998544, -0.053933, 0.0, 0.0, 0.0, 0.0, 1.0],
                [1.0, -0.0, 0.0, 0.0, -0.0, 0.062259, 0.99806, 0.37472, -0.0, -0.99806, 0.062259, -0.0, 0.0, 0.0, 0.0, 1.0],
                [1.0, -0.0, 0.0, -0.0, -0.0, 0.178395, 0.983958, 0.37472, -0.0, -0.983959, 0.178395, 0.0, 0.0, 0.0, 0.0, 1.0],
                [1.000001, -0.0, 0.0, 0.0, -0.0, 0.292089, 0.956391, 0.37472, -0.0, -0.956391, 0.292089, -0.0, 0.0, 0.0, 0.0, 1.0],
                [1.0, -0.0, 0.0, 0.0, -0.0, 0.401056, 0.916053, 0.37472, -0.0, -0.916054, 0.401056, -0.0, 0.0, 0.0, 0.0, 1.0],
                [1.0, -0.0, 0.0, 0.0, -0.0, 0.50326, 0.864134, 0.374721, -0.0, -0.864135, 0.50326, -0.0, 0.0, 0.0, 0.0, 1.0],
                [1.0, -0.0, 0.0, -0.0, -0.0, 0.409461, 0.912327, 0.37472, -0.0, -0.912328, 0.409461, 0.0, 0.0, 0.0, 0.0, 1.0],
                [1.0, -0.0, 0.0, 0.0, -0.0, 0.309657, 0.950848, 0.37472, -0.0, -0.950849, 0.309657, -0.0, 0.0, 0.0, 0.0, 1.0],
                [1.0, -0.0, 0.0, -0.0, -0.0, 0.205391, 0.97868, 0.37472, -0.0, -0.97868, 0.20539, -0.0, 0.0, 0.0, 0.0, 1.0],
                [1.0, -0.0, 0.0, 0.0, -0.0, 0.098418, 0.995145, 0.37472, -0.0, -0.995145, 0.098418, -0.0, 0.0, 0.0, 0.0, 1.0],
                [1.0, -0.0, 0.0, 0.0, -0.0, -0.009392, 0.999955, 0.37472, -0.0, -0.999956, -0.009392, 0.0, 0.0, 0.0, 0.0, 1.0],
                [1.0, -0.0, 0.0, 0.0, -0.0, -0.116161, 0.99323, 0.37472, -0.0, -0.993231, -0.116161, -0.0, 0.0, 0.0, 0.0, 1.0],
                [1.0, -0.0, 0.0, -0.0, -0.0, -0.22011, 0.975474, 0.37472, -0.0, -0.975475, -0.22011, -0.0, 0.0, 0.0, 0.0, 1.0],
                [1.0, -0.0, 0.0, 0.0, -0.0, -0.324276, 0.945962, 0.37472, -0.0, -0.945962, -0.324276, 0.0, 0.0, 0.0, 0.0, 1.0],
                [1.0, -0.0, 0.0, 0.0, -0.0, -0.425827, 0.904804, 0.37472, -0.0, -0.904805, -0.425827, -0.0, 0.0, 0.0, 0.0, 1.0],
                [1.0, -0.0, -0.0, 0.0, -0.0, -0.522833, 0.852435, 0.37472, -0.0, -0.852435, -0.522833, -0.0, 0.0, 0.0, 0.0, 1.0],
                [1.0, -0.0, -0.0, 0.0, -0.0, -0.613486, 0.789706, 0.37472, -0.0, -0.789706, -0.613486, 0.0, 0.0, 0.0, 0.0, 1.0],
                [1.0, -0.0, -0.0, 0.0, -0.0, -0.696205, 0.717844, 0.37472, -0.0, -0.717844, -0.696204, 0.0, 0.0, 0.0, 0.0, 1.0],
                [1.0, -0.0, -0.0, 0.0, -0.0, -0.769729, 0.638372, 0.37472, -0.0, -0.638372, -0.769728, -0.0, 0.0, 0.0, 0.0, 1.0]
            ]
        },
        {
            "name": "Knee_L",
            "time": [0.0, 0.0333, 0.0667, 0.1, 0.1333, 0.1667, 0.2, 0.2333, 0.2667, 0.3, 0.3333, 0.3667, 0.4, 0.4333, 0.4667, 0.5, 0.5333, 0.5667, 0.6, 0.6333, 0.6667, 0.7, 0.7333, 0.7667, 0.8, 0.8333, 0.8667, 0.9, 0.9333, 0.9667, 1.0, 1.0333],
            "transform": [
                [1.0, 0.0, -0.0, -0.0, -0.0, 1e-06, -1.0, 0.37472, -0.0, 1.0, 1e-06, -0.0, 0.0, 0.0, 0.0, 1.0],
                [1.0, 0.0, -0.0, -0.0, -0.0, 1e-06, -1.0, 0.37472, -0.0, 1.0, 1e-06, 0.0, 0.0, 0.0, 0.0, 1.0],
                [1.0, 0.0, -0.0, -0.0, -0.0, 1e-06, -1.0, 0.37472, -0.0, 1.0, 1e-06, -0.0, 0.0, 0.0, 0.0, 1.0],
                [1.0, 0.0, -0.0, -0.0, -0.0, 1e-06, -1.0, 0.37472, -0.0, 1.0, 1e-06, 0.0, 0.0, 0.0, 0.0, 1.0],
                [1.0, 0.0, -0.0, -0.0, -0.0, 1e-06, -1.0, 0.37472, -0.0, 1.0, 1e-06, 0.0, 0.0, 0.0, 0.0, 1.0],
                [1.0, 0.0, -0.0, -0.0, -0.0, 1e-06, -1.0, 0.37472, -0.0, 1.0, 1e-06, -0.0, 0.0, 0.0, 0.0, 1.0],
                [1.0, 0.0, -0.0, 0.0, -0.0, 1e-06, -1.0, 0.37472, -0.0, 1.0, 1e-06, -0.0, 0.0, 0.0, 0.0, 1.0],
                [1.0, 0.0, -0.0, 0.0, -0.0, 1e-06, -1.0, 0.37472, -0.0, 1.0, 1e-06, 0.0, 0.0, 0.0, 0.0, 1.0],
                [1.0, 0.0, -0.0, 0.0, -0.0, 1e-06, -1.0, 0.37472, -0.0, 1.0, 1e-06, -0.0, 0.0, 0.0, 0.0, 1.0],
                [1.0, 0.0, -0.0, -0.0, -0.0, 1e-06, -1.0, 0.37472, -0.0, 1.0, 1e-06, 0.0, 0.0, 0.0, 0.0, 1.0],
                [1.0, 0.0, -0.0, 0.0, -0.0, 1e-06, -1.0, 0.37472, -0.0, 1.0, 1e-06, -0.0, 0.0, 0.0, 0.0, 1.0],
                [1.0, 0.0, -0.0, 0.0, -0.0, 1e-06, -1.0, 0.37472, -0.0, 1.0, 1e-06, -0.0, 0.0, 0.0, 0.0, 1.0],
                [1.0, 0.0, -0.0, 0.0, -0.0, 1e-06, -1.0, 0.37472, -0.0, 1.0, 1e-06, 0.0, 0.0, 0.0, 0.0, 1.0],
                [1.0, 0.0, -0.0, 0.0, -0.0, 1e-06, -1.0, 0.37472, -0.0, 1.0, 1e-06, 0.0, 0.0, 0.0, 0.0, 1.0],
                [1.0, 0.0, -0.0, 0.0, -0.0, 1e-06, -1.0, 0.37472, -0.0, 1.0, 1e-06, -0.0, 0.0, 0.0, 0.0, 1.0],
                [1.0, 0.0, -0.0, -0.0, -0.0, 1e-06, -1.0, 0.37472, -0.0, 1.0, 1e-06, 0.0, 0.0, 0.0, 0.0, 1.0],
                [1.0, 0.0, -0.0, 0.0, -0.0, 1e-06, -1.0, 0.37472, -0.0, 1.0, 1e-06, -0.0, 0.0, 0.0, 0.0, 1.0],
                [1.0, 0.0, -0.0, 0.0, -0.0, 1e-06, -1.0, 0.37472, -0.0, 1.0, 1e-06, -0.0, 0.0, 0.0, 0.0, 1.0],
                [1.0, 0.0, -0.0, 0.0, -0.0, 1e-06, -1.0, 0.374721, -0.0, 1.0, 1e-06, -0.0, 0.0, 0.0, 0.0, 1.0],
                [1.0, 0.0, -0.0, -0.0, -0.0, 1e-06, -1.0, 0.37472, -0.0, 1.0, 1e-06, 0.0, 0.0, 0.0, 0.0, 1.0],
                [1.0, 0.0, -0.0, 0.0, -0.0, 1e-06, -1.0, 0.37472, -0.0, 1.0, 1e-06, -0.0, 0.0, 0.0, 0.0, 1.0],
                [1.0, 0.0, -0.0, -0.0, -0.0, 1e-06, -1.0, 0.37472, -0.0, 1.0, 1e-06, -0.0, 0.0, 0.0, 0.0, 1.0],
                [1.0, 0.0, -0.0, 0.0, -0.0, 1e-06, -1.0, 0.37472, -0.0, 1.0, 1e-06, -0.0, 0.0, 0.0, 0.0, 1.0],
                [1.0, 0.0, -0.0, 0.0, -0.0, 1e-06, -1.0, 0.37472, -0.0, 1.0, 1e-06, 0.0, 0.0, 0.0, 0.0, 1.0],
                [1.0, 0.0, -0.0, 0.0, -0.0, 1e-06, -1.0, 0.37472, -0.0, 1.0, 1e-06, -0.0, 0.0, 0.0, 0.0, 1.0],
                [1.0, 0.0, -0.0, -0.0, -0.0, 1e-06, -1.0, 0.37472, -0.0, 1.0, 1e-06, -0.0, 0.0, 0.0, 0.0, 1.0],
                [1.0, 0.0, -0.0, 0.0, -0.0, 1e-06, -1.0, 0.37472, -0.0, 1.0, 1e-06, 0.0, 0.0, 0.0, 0.0, 1.0],
                [1.0, 0.0, -0.0, 0.0, -0.0, 1e-06, -1.0, 0.37472, -0.0, 1.0, 1e-06, -0.0, 0.0, 0.0, 0.0, 1.0],
                [1.0, 0.0, -0.0, 0.0, -0.0, 1e-06, -1.0, 0.37472, -0.0, 1.0, 1e-06, -0.0, 0.0, 0.0, 0.0, 1.0],
                [1.0, 0.0, -0.0, 0.0, -0.0, 1e-06, -1.0, 0.37472, -0.0, 1.0, 1e-06, 0.0, 0.0, 0.0, 0.0, 1.0],
                [1.0, 0.0, -0.0, 0.0, -0.0, 1e-06, -1.0, 0.37472, -0.0, 1.0, 1e-06, 0.0, 0.0, 0.0, 0.0, 1.0],
                [1.0, 0.0, -0.0, 0.0, -0.0, 1e-06, -1.0, 0.37472, -0.0, 1.0, 1e-06, -0.0, 0.0, 0.0, 0.0, 1.0]
            ]
        },
        {
            "name": "Torso",
            "time": [0.0, 0.0333, 0.0667, 0.1, 0.1333, 0.1667, 0.2, 0.2333, 0.2667, 0.3, 0.3333, 0.3667, 0.4, 0.4333, 0.4667, 0.5, 0.5333, 0.5667, 0.6, 0.6333, 0.6667, 0.7, 0.7333, 0.7667, 0.8, 0.8333, 0.8667, 0.9, 0.9333, 0.9667, 1.0, 1.0333],
            "transform": [
                [0.730722, -0.41121, -0.544933, -0.0, 0.350468, 0.910976, -0.217472, 0.05, 0.585848, -0.03207, 0.809786, 0.0, 0.0, 0.0, 0.0, 1.0],
                [0.778847, -0.4238, -0.462375, -0.0, 0.400019, 0.903433, -0.154248, 0.05, 0.483095, -0.064823, 0.873165, 0.0, 0.0, 0.0, 0.0, 1.0],
                [0.818583, -0.439989, -0.369232, -0.0, 0.444331, 0.892428, -0.078372, 0.05, 0.363996, -0.099907, 0.926027, 0.0, 0.0, 0.0, 0.0, 1.0],
                [0.842558, -0.457618, -0.284044, 0.0, 0.473821, 0.880524, -0.013103, 0.05, 0.256104, -0.123546, 0.958722, 0.0, 0.0, 0.0, 0.0, 1.0],
                [0.852203, -0.471408, -0.226989, 0.0, 0.487222, 0.873133, 0.015903, 0.05, 0.190695, -0.124147, 0.973767, 0.0, 0.0, 0.0, 0.0, 1.0],
                [0.851056, -0.482375, -0.207409, 0.0, 0.492521, 0.870295, -0.003116, 0.05, 0.18201, -0.099502, 0.978249, 0.0, 0.0, 0.0, 0.0, 1.0],
                [0.843719, -0.493212, -0.211848, 0.0, 0.49391, 0.867869, -0.053446, 0.05, 0.210216, -0.05954, 0.97584, -0.0, 0.0, 0.0, 0.0, 1.0],
                [0.866144, -0.461297, -0.192352, 0.0, 0.455353, 0.886995, -0.076769, 0.05, 0.206028, -0.021095, 0.978319, -0.0, 0.0, 0.0, 0.0, 1.0],
                [0.88706, -0.427752, -0.173646, -0.0, 0.416032, 0.90373, -0.100937, 0.05, 0.200105, 0.017294, 0.979622, 0.0, 0.0, 0.0, 0.0, 1.0],
                [0.906365, -0.392712, -0.15582, -0.0, 0.376113, 0.917987, -0.125849, 0.05, 0.192463, 0.055459, 0.979736, -0.0, 0.0, 0.0, 0.0, 1.0],
                [0.923971, -0.356329, -0.138952, 0.0, 0.33577, 0.929697, -0.151397, 0.05, 0.183131, 0.093231, 0.978658, 0.0, 0.0, 0.0, 0.0, 1.0],
                [0.939804, -0.318764, -0.123115, -0.0, 0.29518, 0.938815, -0.177469, 0.05, 0.172152, 0.130445, 0.976395, 0.0, 0.0, 0.0, 0.0, 1.0],
                [0.953808, -0.28019, -0.10837, -0.0, 0.254523, 0.945317, -0.203946, 0.05, 0.159588, 0.166943, 0.972966, 0.0, 0.0, 0.0, 0.0, 1.0],
                [0.961744, -0.254305, -0.101864, -0.0, 0.234463, 0.956418, -0.174046, 0.05, 0.141686, 0.143504, 0.979455, 0.0, 0.0, 0.0, 0.0, 1.0],
                [0.968971, -0.228391, -0.09452, 0.0, 0.213684, 0.966215, -0.144106, 0.05, 0.124239, 0.119437, 0.985038, -0.0, 0.0, 0.0, 0.0, 1.0],
                [0.975467, -0.202506, -0.08635, 0.0, 0.192234, 0.974682, -0.114196, 0.05, 0.107289, 0.094795, 0.989698, 0.0, 0.0, 0.0, 0.0, 1.0],
                [0.981217, -0.176712, -0.077373, 0.0, 0.170163, 0.981796, -0.084387, 0.05, 0.090877, 0.069636, 0.993424, 0.0, 0.0, 0.0, 0.0, 1.0],
                [0.986208, -0.15107, -0.067611, 0.0, 0.147521, 0.987542, -0.054748, 0.05, 0.07504, 0.044019, 0.996208, 0.0, 0.0, 0.0, 0.0, 1.0],
                [0.990432, -0.125638, -0.05709, 0.0, 0.124365, 0.991913, -0.025347, 0.05, 0.059813, 0.018005, 0.998047, 0.0, 0.0, 0.0, 0.0, 1.0],
                [0.983632, -0.149401, -0.100737, 0.0, 0.147546, 0.988722, -0.025659, 0.05, 0.103434, 0.010376, 0.994582, 0.0, 0.0, 0.0, 0.0, 1.0],
                [0.97433, -0.172794, -0.144305, 0.0, 0.17068, 0.984956, -0.027001, 0.05, 0.1468, 0.001678, 0.989165, 0.0, 0.0, 0.0, 0.0, 1.0],
                [0.962542, -0.195726, -0.187627, 0.0, 0.193677, 0.980625, -0.029376, 0.05, 0.189742, -0.008064, 0.981801, 0.0, 0.0, 0.0, 0.0, 1.0],
                [0.948305, -0.218106, -0.230537, 0.0, 0.216449, 0.975744, -0.032777, 0.05, 0.232094, -0.018817, 0.972511, -0.0, 0.0, 0.0, 0.0, 1.0],
                [0.931672, -0.23985, -0.272872, 0.0, 0.238908, 0.97033, -0.037193, 0.05, 0.273696, -0.030539, 0.961331, -0.0, 0.0, 0.0, 0.0, 1.0],
                [0.912717, -0.260876, -0.314471, 0.0, 0.260972, 0.964406, -0.042603, 0.05, 0.314392, -0.043184, 0.948311, 0.0, 0.0, 0.0, 0.0, 1.0],
                [0.891528, -0.281111, -0.355183, 0.0, 0.282558, 0.957999, -0.048978, 0.05, 0.354034, -0.056695, 0.933513, 0.0, 0.0, 0.0, 0.0, 1.0],
                [0.869446, -0.302734, -0.390404, -0.0, 0.297316, 0.951758, -0.075895, 0.05, 0.394546, -0.050086, 0.91751, -0.0, 0.0, 0.0, 0.0, 1.0],
                [0.845353, -0.324493, -0.42436, -0.0, 0.310767, 0.944843, -0.10342, 0.05, 0.434513, -0.044451, 0.899568, 0.0, 0.0, 0.0, 0.0, 1.0],
                [0.819331, -0.346304, -0.456914, -0.0, 0.322852, 0.937277, -0.131449, 0.05, 0.473776, -0.039815, 0.879745, 0.0, 0.0, 0.0, 0.0, 1.0],
                [0.791475, -0.368083, -0.487937, 0.0, 0.333521, 0.929088, -0.159874, 0.05, 0.512183, -0.0362, 0.858113, 0.0, 0.0, 0.0, 0.0, 1.0],
                [0.761897, -0.389746, -0.517311, 0.0, 0.342735, 0.920309, -0.188586, 0.05, 0.549586, -0.033617, 0.83476, 0.0, 0.0, 0.0, 0.0, 1.0],
                [0.730722, -0.41121, -0.544933, -0.0, 0.350468, 0.910976, -0.217472, 0.05, 0.585848, -0.03207, 0.809786, 0.0, 0.0, 0.0, 0.0, 1.0]
            ]
        },
        {
            "name": "Chest",
            "time": [0.0, 0.0333, 0.0667, 0.1, 0.1333, 0.1667, 0.2, 0.2333, 0.2667, 0.3, 0.3333, 0.3667, 0.4, 0.4333, 0.4667, 0.5, 0.5333, 0.5667, 0.6, 0.6333, 0.6667, 0.7, 0.7333, 0.7667, 0.8, 0.8333, 0.8667, 0.9, 0.9333, 0.9667, 1.0, 1.0333],
            "transform": [
                [0.996845, 0.079358, 0.001019, 0.0, -0.035121, 0.429577, 0.902347, 0.3, 0.071171, -0.899536, 0.431009, -0.0, 0.0, 0.0, 0.0, 1.0],
                [0.99212, 0.095637, 0.080938, -0.0, -0.116299, 0.46267, 0.878869, 0.3, 0.046604, -0.881357, 0.470147, -0.0, 0.0, 0.0, 0.0, 1.0],
                [0.979364, 0.112977, 0.167576, -0.0, -0.201773, 0.499238, 0.842644, 0.3, 0.01154, -0.859068, 0.511731, -0.0, 0.0, 0.0, 0.0, 1.0],
                [0.963879, 0.130081, 0.232413, 0.0, -0.265688, 0.530579, 0.804919, 0.3, -0.018609, -0.837594, 0.545975, -0.0, 0.0, 0.0, 0.0, 1.0],
                [0.957215, 0.144631, 0.250643, -0.0, -0.288425, 0.547099, 0.785808, 0.3, -0.023475, -0.824478, 0.565406, 0.0, 0.0, 0.0, 0.0, 1.0],
                [0.960999, 0.155813, 0.228478, -0.0, -0.276533, 0.550639, 0.787608, 0.3, -0.003089, -0.820072, 0.572251, -0.0, 0.0, 0.0, 0.0, 1.0],
                [0.967553, 0.16611, 0.190389, -0.0, -0.251153, 0.54992, 0.796561, 0.3, 0.027618, -0.818532, 0.573797, 0.0, 0.0, 0.0, 0.0, 1.0],
                [0.974208, 0.179315, 0.136988, -0.0, -0.21399, 0.541483, 0.813022, 0.3, 0.07161, -0.821365, 0.565889, 0.0, 0.0, 0.0, 0.0, 1.0],
                [0.977669, 0.192975, 0.083203, -0.0, -0.17571, 0.533475, 0.827363, 0.3, 0.115274, -0.823507, 0.55547, -0.0, 0.0, 0.0, 0.0, 1.0],
                [0.977897, 0.207025, 0.029309, 0.0, -0.136505, 0.525941, 0.839495, 0.3, 0.158382, -0.82494, 0.542576, -0.0, 0.0, 0.0, 0.0, 1.0],
                [0.974879, 0.221391, -0.024418, 0.0, -0.096571, 0.518921, 0.84935, 0.3, 0.20071, -0.825655, 0.527265, -0.0, 0.0, 0.0, 0.0, 1.0],
                [0.968641, 0.236001, -0.077701, 0.0, -0.056118, 0.512449, 0.856882, 0.3, 0.242043, -0.825651, 0.509623, -0.0, 0.0, 0.0, 0.0, 1.0],
                [0.95924, 0.250777, -0.130271, 0.0, -0.015356, 0.506555, 0.862071, 0.3, 0.282176, -0.824932, 0.489759, -0.0, 0.0, 0.0, 0.0, 1.0],
                [0.951495, 0.264615, -0.156963, -0.0, 0.006719, 0.49218, 0.870467, 0.3, 0.307593, -0.829299, 0.466529, 0.0, 0.0, 0.0, 0.0, 1.0],
                [0.942711, 0.278812, -0.183195, -0.0, 0.029256, 0.477922, 0.877915, 0.3, 0.332327, -0.832979, 0.442385, 0.0, 0.0, 0.0, 0.0, 1.0],
                [0.932904, 0.293339, -0.208907, 0.0, 0.052205, 0.46381, 0.884395, 0.3, 0.356321, -0.835962, 0.417377, -0.0, 0.0, 0.0, 0.0, 1.0],
                [0.922096, 0.308163, -0.23404, 0.0, 0.075518, 0.449878, 0.889891, 0.3, 0.379521, -0.838239, 0.391559, 0.0, 0.0, 0.0, 0.0, 1.0],
                [0.910311, 0.323251, -0.258541, 0.0, 0.099142, 0.436155, 0.894393, 0.3, 0.401878, -0.839808, 0.364989, -0.0, 0.0, 0.0, 0.0, 1.0],
                [0.897578, 0.338569, -0.282358, -0.0, 0.123024, 0.422671, 0.897894, 0.3, 0.423344, -0.840666, 0.337728, -0.0, 0.0, 0.0, 0.0, 1.0],
