{
    "animation": [
        {
            "name": "Root",
            "time": [0.0, 0.6667, 0.9, 1.1667, 1.2333, 2.3333, 3.0, 3.6667, 4.3333, 5.0, 5.6333],
            "transform": [
                [1.0, -0.0, 0.0, -2.2e-05, 0.0, -0.0, -1.0, 4.1e-05, 0.0, 1.0, -0.0, 6.396902, 0.0, 0.0, 0.0, 1.0],
                [1.0, -0.0, 0.0, 0.05618, 0.0, -0.0, -1.0, 1.972779, 0.0, 1.0, -0.0, 7.775919, 0.0, 0.0, 0.0, 1.0],
                [1.0, -0.0, 0.0, 0.040939, 0.0, -0.0, -1.0, 3.534615, 0.0, 1.0, -0.0, 6.736353, 0.0, 0.0, 0.0, 1.0],
                [1.0, -0.0, 0.0, 0.028084, 0.0, -0.0, -1.0, 6.717289, 0.0, 1.0, -0.0, 0.711112, 0.0, 0.0, 0.0, 1.0],
                [1.0, -0.0, 0.0, 0.153002, 0.0, -0.0, -1.0, 7.464131, 0.0, 1.0, -0.0, 0.392878, 0.0, 0.0, 0.0, 1.0],
                [1.0, -0.0, 0.0, 0.295974, 0.0, -0.0, -1.0, 7.655192, 0.0, 1.0, -0.0, 0.37284, 0.0, 0.0, 0.0, 1.0],
                [1.0, -0.0, 0.0, 0.07303, 0.0, -0.0, -1.0, 7.226202, 0.0, 1.0, -0.0, 0.60857, 0.0, 0.0, 0.0, 1.0],
                [1.0, -0.0, 0.0, 0.030882, 0.0, -0.0, -1.0, 7.082558, 0.0, 1.0, -0.0, 0.579104, 0.0, 0.0, 0.0, 1.0],
                [1.0, -0.0, 0.0, 0.031683, 0.0, -0.0, -1.0, 7.114011, 0.0, 1.0, -0.0, 0.564371, 0.0, 0.0, 0.0, 1.0],
                [1.0, -0.0, 0.0, 0.03685, 0.0, -0.0, -1.0, 7.185414, 0.0, 1.0, -0.0, 0.623303, 0.0, 0.0, 0.0, 1.0],
                [1.0, -0.0, 0.0, 0.036166, 0.0, -0.0, -1.0, 7.193612, 0.0, 1.0, -0.0, 0.638036, 0.0, 0.0, 0.0, 1.0]
            ]
        },
        {
            "name": "Thigh_R",
            "time": [0.0, 0.6667, 0.9, 1.1667, 1.2333, 2.3333, 3.0, 3.6667, 4.3333, 5.0, 5.6333],
            "transform": [
                [0.521384, 0.839774, 0.151457, 0.124994, 0.244411, -0.317019, 0.916385, -0.002831, 0.817571, -0.440771, -0.370539, -1.2e-05, 0.0, 0.0, 0.0, 1.0],
                [0.359799, 0.402426, -0.841783, 0.124994, 0.55268, 0.634964, 0.539782, -0.00283, 0.751724, -0.659449, 0.006046, -1.2e-05, 0.0, 0.0, 0.0, 1.0],
                [-0.125576, 0.745467, -0.654606, 0.124994, 0.990766, 0.060235, -0.121468, -0.00283, -0.05112, -0.663814, -0.746148, -1.2e-05, 0.0, 0.0, 0.0, 1.0],
                [0.866868, -0.241253, -0.436276, 0.124994, 0.409862, -0.153326, 0.899169, -0.002831, -0.283819, -0.958273, -0.034033, -1.2e-05, 0.0, 0.0, 0.0, 1.0],
                [0.307884, -0.636284, -0.707355, 0.124993, 0.677079, -0.375782, 0.632733, -0.002831, -0.668409, -0.673743, 0.315117, -1.2e-05, 0.0, 0.0, 0.0, 1.0],
                [0.38817, -0.649106, -0.654207, 0.124994, 0.669318, -0.289411, 0.684291, -0.00283, -0.633512, -0.703493, 0.322117, -1.2e-05, 0.0, 0.0, 0.0, 1.0],
                [0.977438, 0.160917, -0.136822, 0.124994, 0.201771, -0.902927, 0.379489, -0.002831, -0.062474, -0.398533, -0.915024, -1.3e-05, 0.0, 0.0, 0.0, 1.0],
                [0.378331, 0.470204, 0.797354, 0.124994, 0.182524, -0.882363, 0.433729, -0.002831, 0.907496, -0.018557, -0.419649, -1.3e-05, 0.0, 0.0, 0.0, 1.0],
                [0.358358, 0.368242, 0.857891, 0.124994, 0.212814, -0.92695, 0.308988, -0.002831, 0.909005, 0.071843, -0.410547, -1.2e-05, 0.0, 0.0, 0.0, 1.0],
                [0.501211, 0.255727, 0.826674, 0.124994, 0.273098, -0.953257, 0.129306, -0.002831, 0.8211, 0.160954, -0.547621, -1.2e-05, 0.0, 0.0, 0.0, 1.0],
                [0.589239, 0.231009, 0.77423, 0.124993, 0.263976, -0.96071, 0.085748, -0.002831, 0.76362, 0.153853, -0.627068, -1.3e-05, 0.0, 0.0, 0.0, 1.0]
            ]
        },
        {
            "name": "Leg_R",
            "time": [0.0, 0.6667, 0.9, 1.1667, 1.2333, 2.3333, 3.0, 3.6667, 4.3333, 5.0, 5.6333],
            "transform": [
                [1.0, -1e-06, 0.0, -0.0, -1e-06, -0.326352, 0.945248, 0.37472, -0.0, -0.945248, -0.326352, -1e-06, 0.0, 0.0, 0.0, 1.0],
                [1.0, -1e-06, -0.0, -0.0, -0.0, -0.800174, 0.599768, 0.374721, -0.0, -0.599768, -0.800174, -0.0, 0.0, 0.0, 0.0, 1.0],
                [1.0, -1e-06, 0.0, 0.0, -0.0, -0.637815, 0.77019, 0.37472, -0.0, -0.770189, -0.637815, -0.0, 0.0, 0.0, 0.0, 1.0],
                [1.0, -0.0, 0.0, 0.0, -1e-06, -0.235127, 0.971964, 0.37472, -0.0, -0.971965, -0.235127, 0.0, 0.0, 0.0, 0.0, 1.0],
                [1.0, -1e-06, 0.0, -0.0, -0.0, -0.46009, 0.887872, 0.37472, -1e-06, -0.887872, -0.46009, -0.0, 0.0, 0.0, 0.0, 1.0],
                [1.0, -1e-06, 0.0, -0.0, -0.0, -0.40605, 0.913851, 0.37472, -0.0, -0.913851, -0.40605, -0.0, 0.0, 0.0, 0.0, 1.0],
                [1.0, -0.0, 1e-06, -0.0, -0.0, 0.610783, 0.791798, 0.37472, -0.0, -0.791798, 0.610783, -0.0, 0.0, 0.0, 0.0, 1.0],
                [1.0, 0.0, 1e-06, -0.0, -1e-06, 0.687369, 0.726309, 0.37472, -0.0, -0.726309, 0.687368, 0.0, 0.0, 0.0, 0.0, 1.0],
                [1.0, 0.0, 1e-06, 0.0, -0.0, 0.807224, 0.590246, 0.37472, -0.0, -0.590246, 0.807223, -0.0, 0.0, 0.0, 0.0, 1.0],
                [1.0, 0.0, 1e-06, 1e-06, -1e-06, 0.926091, 0.377302, 0.37472, -0.0, -0.377302, 0.92609, -0.0, 0.0, 0.0, 0.0, 1.0],
                [1.0, 0.0, 1e-06, 0.0, -1e-06, 0.932201, 0.361941, 0.37472, -0.0, -0.361941, 0.9322, 0.0, 0.0, 0.0, 0.0, 1.0]
            ]
        },
        {
            "name": "Knee_R",
            "time": [0.0, 0.6667, 0.9, 1.1667, 1.2333, 2.3333, 3.0, 3.6667, 4.3333, 5.0, 5.6333],
            "transform": [
                [1.0, 0.0, -0.0, -0.0, -0.0, 1e-06, -1.0, 0.37472, -0.0, 1.0, 1e-06, -1e-06, 0.0, 0.0, 0.0, 1.0],
                [1.0, 0.0, -0.0, -0.0, -0.0, 1e-06, -1.0, 0.374721, -0.0, 1.0, 1e-06, -0.0, 0.0, 0.0, 0.0, 1.0],
                [1.0, 0.0, -0.0, 0.0, -0.0, 1e-06, -1.0, 0.37472, -0.0, 1.0, 1e-06, -0.0, 0.0, 0.0, 0.0, 1.0],
                [1.0, 0.0, -0.0, 0.0, -0.0, 1e-06, -1.0, 0.37472, -0.0, 1.0, 1e-06, 0.0, 0.0, 0.0, 0.0, 1.0],
                [1.0, 0.0, -0.0, -0.0, -0.0, 1e-06, -1.0, 0.37472, -0.0, 1.0, 1e-06, -0.0, 0.0, 0.0, 0.0, 1.0],
                [1.0, 0.0, -0.0, -0.0, -0.0, 1e-06, -1.0, 0.37472, -0.0, 1.0, 1e-06, -0.0, 0.0, 0.0, 0.0, 1.0],
                [1.0, 0.0, -0.0, -0.0, -0.0, 1e-06, -1.0, 0.37472, -0.0, 1.0, 1e-06, -0.0, 0.0, 0.0, 0.0, 1.0],
                [1.0, 0.0, -0.0, -0.0, -0.0, 1e-06, -1.0, 0.37472, -0.0, 1.0, 1e-06, 0.0, 0.0, 0.0, 0.0, 1.0],
                [1.0, 0.0, -0.0, 0.0, -0.0, 1e-06, -1.0, 0.37472, -0.0, 1.0, 1e-06, -0.0, 0.0, 0.0, 0.0, 1.0],
                [1.0, 0.0, -0.0, 1e-06, -0.0, 1e-06, -1.0, 0.37472, -0.0, 1.0, 1e-06, -0.0, 0.0, 0.0, 0.0, 1.0],
                [1.0, 0.0, -0.0, 0.0, -0.0, 1e-06, -1.0, 0.37472, -0.0, 1.0, 1e-06, 0.0, 0.0, 0.0, 0.0, 1.0]
            ]
        },
        {
            "name": "Thigh_L",
            "time": [0.0, 0.6667, 0.9, 1.1667, 1.2333, 2.3333, 3.0, 3.6667, 4.3333, 5.0, 5.6333],
            "transform": [
                [0.938927, 0.012765, -0.343878, -0.125006, 0.220058, -0.790544, 0.571501, -0.002831, -0.264556, -0.612271, -0.745073, -1.2e-05, 0.0, 0.0, 0.0, 1.0],
                [0.509381, 0.859143, -0.049044, -0.125006, 0.854046, -0.497725, 0.151246, -0.00283, 0.105531, -0.118928, -0.987279, -1.2e-05, 0.0, 0.0, 0.0, 1.0],
                [0.459178, 0.884415, -0.083458, -0.125006, 0.764971, -0.441422, -0.469005, -0.002831, -0.451635, 0.151514, -0.879244, -1.2e-05, 0.0, 0.0, 0.0, 1.0],
                [0.741338, -0.368138, -0.561153, -0.125006, -0.33833, -0.927109, 0.161252, -0.002831, -0.579613, 0.070313, -0.811853, -1.2e-05, 0.0, 0.0, 0.0, 1.0],
                [0.216247, -0.798125, -0.562346, -0.125006, -0.830333, -0.453328, 0.3241, -0.002831, -0.5136, 0.396849, -0.76074, -1.1e-05, 0.0, 0.0, 0.0, 1.0],
                [0.181356, -0.894655, -0.408291, -0.125006, -0.792736, -0.378688, 0.477668, -0.00283, -0.581963, 0.237038, -0.777902, -1.2e-05, 0.0, 0.0, 0.0, 1.0],
                [0.864259, -0.45406, -0.216531, -0.125006, -0.29289, -0.804155, 0.517253, -0.002831, -0.408988, -0.383621, -0.827988, -1.2e-05, 0.0, 0.0, 0.0, 1.0],
                [0.645958, 0.214699, 0.732559, -0.125006, -0.269889, -0.833426, 0.482245, -0.002831, 0.714071, -0.50922, -0.480414, -1.3e-05, 0.0, 0.0, 0.0, 1.0],
                [0.865061, 0.125591, 0.485691, -0.125006, -0.226058, -0.766704, 0.600885, -0.002831, 0.447847, -0.629597, -0.634855, -1.2e-05, 0.0, 0.0, 0.0, 1.0],
                [0.874278, -0.049152, 0.48293, -0.125006, -0.21966, -0.927235, 0.30329, -0.002831, 0.432882, -0.37124, -0.821458, -1.2e-05, 0.0, 0.0, 0.0, 1.0],
                [0.89331, -0.046853, 0.446991, -0.125005, -0.213768, -0.919145, 0.330872, -0.002831, 0.395347, -0.391124, -0.831097, -1.2e-05, 0.0, 0.0, 0.0, 1.0]
            ]
        },
        {
            "name": "Leg_L",
            "time": [0.0, 0.6667, 0.9, 1.1667, 1.2333, 2.3333, 3.0, 3.6667, 4.3333, 5.0, 5.6333],
            "transform": [
                [1.0, 0.0, 0.0, -0.0, -0.0, -0.780193, 0.625539, 0.374719, 0.0, -0.625539, -0.780193, -0.0, 0.0, 0.0, 0.0, 1.0],
                [1.0, 0.0, -0.0, -0.0, 0.0, -0.354333, 0.93512, 0.374721, 0.0, -0.93512, -0.354333, 0.0, 0.0, 0.0, 0.0, 1.0],
                [1.0, 0.0, -0.0, 0.0, 0.0, -0.194502, 0.980903, 0.37472, 0.0, -0.980902, -0.194502, 0.0, 0.0, 0.0, 0.0, 1.0],
                [1.0, -0.0, -0.0, 0.0, 0.0, 0.88489, 0.4658, 0.37472, 0.0, -0.4658, 0.88489, -0.0, 0.0, 0.0, 0.0, 1.0],
                [1.0, 0.0, -0.0, -0.0, 0.0, 0.423909, 0.905705, 0.37472, 0.0, -0.905705, 0.423909, -0.0, 0.0, 0.0, 0.0, 1.0],
                [1.0, 0.0, -0.0, 0.0, 0.0, 0.270903, 0.962606, 0.37472, 0.0, -0.962607, 0.270903, -1e-06, 0.0, 0.0, 0.0, 1.0],
                [0.999999, 0.0, -0.0, 0.0, 0.0, 0.736569, 0.676363, 0.37472, 0.0, -0.676362, 0.73657, -0.0, 0.0, 0.0, 0.0, 1.0],
                [1.0, 0.0, -0.0, 1e-06, -0.0, 0.621849, 0.783137, 0.37472, 0.0, -0.783137, 0.621849, -0.0, 0.0, 0.0, 0.0, 1.0],
                [1.0, 0.0, -0.0, 0.0, 0.0, 0.619297, 0.785157, 0.37472, 0.0, -0.785156, 0.619297, -0.0, 0.0, 0.0, 0.0, 1.0],
                [1.0, 0.0, -0.0, 0.0, -0.0, 0.876635, 0.481157, 0.37472, 0.0, -0.481157, 0.876635, 0.0, 0.0, 0.0, 0.0, 1.0],
                [1.0, 0.0, -0.0, -0.0, -0.0, 0.862423, 0.506189, 0.37472, 0.0, -0.506188, 0.862423, -0.0, 0.0, 0.0, 0.0, 1.0]
            ]
        },
        {
            "name": "Knee_L",
            "time": [0.0, 0.6667, 0.9, 1.1667, 1.2333, 2.3333, 3.0, 3.6667, 4.3333, 5.0, 5.6333],
            "transform": [
                [1.0, 0.0, -0.0, -0.0, -0.0, 1e-06, -1.0, 0.374719, -0.0, 1.0, 1e-06, -0.0, 0.0, 0.0, 0.0, 1.0],
                [1.0, 0.0, -0.0, -0.0, -0.0, 1e-06, -1.0, 0.374721, -0.0, 1.0, 1e-06, 0.0, 0.0, 0.0, 0.0, 1.0],
                [1.0, 0.0, -0.0, 0.0, -0.0, 1e-06, -1.0, 0.37472, -0.0, 1.0, 1e-06, 0.0, 0.0, 0.0, 0.0, 1.0],
                [1.0, 0.0, -0.0, 0.0, -0.0, 1e-06, -1.0, 0.37472, -0.0, 1.0, 1e-06, -0.0, 0.0, 0.0, 0.0, 1.0],
                [1.0, 0.0, -0.0, -0.0, -0.0, 1e-06, -1.0, 0.37472, -0.0, 1.0, 1e-06, -0.0, 0.0, 0.0, 0.0, 1.0],
                [1.0, 0.0, -0.0, 0.0, -0.0, 1e-06, -1.0, 0.37472, -0.0, 1.0, 1e-06, -1e-06, 0.0, 0.0, 0.0, 1.0],
                [1.0, 0.0, -0.0, 0.0, -0.0, 1e-06, -1.0, 0.37472, -0.0, 1.0, 1e-06, -0.0, 0.0, 0.0, 0.0, 1.0],
                [1.0, 0.0, -0.0, 1e-06, -0.0, 1e-06, -1.0, 0.37472, -0.0, 1.0, 1e-06, -0.0, 0.0, 0.0, 0.0, 1.0],
                [1.0, 0.0, -0.0, 0.0, -0.0, 1e-06, -1.0, 0.37472, -0.0, 1.0, 1e-06, -0.0, 0.0, 0.0, 0.0, 1.0],
                [1.0, 0.0, -0.0, 0.0, -0.0, 1e-06, -1.0, 0.37472, -0.0, 1.0, 1e-06, 0.0, 0.0, 0.0, 0.0, 1.0],
                [1.0, 0.0, -0.0, -0.0, -0.0, 1e-06, -1.0, 0.37472, -0.0, 1.0, 1e-06, -0.0, 0.0, 0.0, 0.0, 1.0]
            ]
        },
        {
            "name": "Torso",
            "time": [0.0, 0.6667, 0.9, 1.1667, 1.2333, 2.3333, 3.0, 3.6667, 4.3333, 5.0, 5.6333],
            "transform": [
                [0.704816, -0.411228, -0.578037, -0.0, 0.340106, 0.910967, -0.233381, 0.05, 0.622545, -0.032103, 0.781925, 0.0, 0.0, 0.0, 0.0, 1.0],
                [0.203169, -0.979122, -0.006607, -0.0, 0.890118, 0.187504, -0.415369, 0.05, 0.407936, 0.078509, 0.909629, 0.0, 0.0, 0.0, 0.0, 1.0],
                [0.251315, -0.961217, 0.113589, -0.0, 0.930063, 0.272315, 0.24663, 0.05, -0.267997, 0.043663, 0.96243, -0.0, 0.0, 0.0, 0.0, 1.0],
                [0.438103, -0.579915, 0.686851, -0.0, 0.219443, 0.809958, 0.543886, 0.05, -0.871728, -0.087553, 0.482104, -0.0, 0.0, 0.0, 0.0, 1.0],
                [0.284955, -0.438739, 0.852238, 0.0, -0.080725, 0.874956, 0.477426, 0.05, -0.955136, -0.204841, 0.213906, -0.0, 0.0, 0.0, 0.0, 1.0],
                [0.320473, -0.356812, 0.877486, -0.0, -0.072981, 0.91429, 0.398431, 0.05, -0.944442, -0.191726, 0.266965, 0.0, 0.0, 0.0, 0.0, 1.0],
                [0.951824, -0.077218, 0.296763, -0.0, 0.039651, 0.990643, 0.130592, 0.05, -0.304071, -0.112534, 0.945979, -0.0, 0.0, 0.0, 0.0, 1.0],
                [0.546887, -0.039713, -0.836264, 0.0, 0.094734, 0.995394, 0.014683, 0.05, 0.831829, -0.087253, 0.548131, -0.0, 0.0, 0.0, 0.0, 1.0],
                [0.798041, -0.178341, -0.575608, -0.0, 0.187176, 0.981316, -0.044536, 0.05, 0.572796, -0.072198, 0.816512, -0.0, 0.0, 0.0, 0.0, 1.0],
                [0.667985, -0.060572, -0.741705, -0.0, -0.007227, 0.996107, -0.087856, 0.05, 0.74414, 0.064047, 0.664947, -0.0, 0.0, 0.0, 0.0, 1.0],
                [0.701234, -0.067462, -0.709732, 0.0, 0.007342, 0.996143, -0.087433, 0.05, 0.712894, 0.056101, 0.699025, -0.0, 0.0, 0.0, 0.0, 1.0]
            ]
        },
        {
            "name": "Chest",
            "time": [0.0, 0.6667, 0.9, 1.1667, 1.2333, 2.3333, 3.0, 3.6667, 4.3333, 5.0, 5.6333],
            "transform": [
                [0.996845, 0.079361, 0.001017, -0.0, -0.035116, 0.42952, 0.902374, 0.3, 0.071177, -0.899563, 0.430952, -0.0, 0.0, 0.0, 0.0, 1.0],
                [0.991352, 0.115723, -0.061883, 1e-06, -0.040452, 0.718081, 0.694783, 0.3, 0.124839, -0.686272, 0.716551, -1e-06, 0.0, 0.0, 0.0, 1.0],
                [0.825348, 0.259953, -0.501223, 0.0, -0.2035, 0.965005, 0.16539, 0.3, 0.526676, -0.034505, 0.849365, 0.0, 0.0, 0.0, 0.0, 1.0],
                [0.99707, -0.048202, -0.059391, -0.0, 0.054054, 0.993393, 0.101239, 0.3, 0.054119, -0.104153, 0.993088, -0.0, 0.0, 0.0, 0.0, 1.0],
                [0.79896, 0.028325, 0.600716, 0.0, -0.277755, 0.903349, 0.326823, 0.3, -0.533399, -0.427971, 0.729607, 0.0, 0.0, 0.0, 0.0, 1.0],
                [0.803263, -0.074701, 0.590921, -0.0, -0.298416, 0.808132, 0.507809, 0.3, -0.515476, -0.584245, 0.626851, -0.0, 0.0, 0.0, 0.0, 1.0],
                [0.970163, 0.066242, 0.233227, 0.0, -0.106732, 0.980415, 0.165518, 0.3, -0.217695, -0.185472, 0.958233, -0.0, 0.0, 0.0, 0.0, 1.0],
                [0.947989, 0.076017, 0.309091, 1e-06, -0.06686, 0.996956, -0.040126, 0.3, -0.3112, 0.017373, 0.950185, -0.0, 0.0, 0.0, 0.0, 1.0],
                [0.818694, 0.252536, -0.515719, 0.0, -0.170638, 0.964527, 0.201422, 0.3, 0.548291, -0.076902, 0.832744, 0.0, 0.0, 0.0, 0.0, 1.0],
                [0.980559, -0.087047, -0.175856, 0.0, 0.086288, 0.996199, -0.011975, 0.3, 0.17623, -0.003432, 0.984343, 0.0, 0.0, 0.0, 0.0, 1.0],
                [0.961219, -0.076486, -0.264967, -0.0, 0.082772, 0.996489, 0.012623, 0.3, 0.263071, -0.034065, 0.964175, 0.0, 0.0, 0.0, 0.0, 1.0]
            ]
        },
        {
            "name": "Head",
            "time": [0.0, 0.6667, 0.9, 1.1667, 1.2333, 2.3333, 3.0, 3.6667, 4.3333, 5.0, 5.6333],
            "transform": [
                [0.800893, 0.220503, 0.556731, -0.0, 0.125872, 0.846967, -0.51653, 0.4, -0.58543, 0.483762, 0.650574, -0.0, 0.0, 0.0, 0.0, 1.0],
                [0.874285, 0.352901, 0.333298, -0.0, -0.261127, 0.920738, -0.289922, 0.4, -0.409194, 0.166442, 0.897138, -0.0, 0.0, 0.0, 0.0, 1.0],
                [0.836724, 0.434971, 0.332706, -1e-06, -0.315083, 0.879294, -0.357163, 0.4, -0.447902, 0.194017, 0.872778, 0.0, 0.0, 0.0, 0.0, 1.0],
                [0.613382, 0.105406, -0.782721, -1e-06, -0.426059, 0.87864, -0.21556, 0.4, 0.665008, 0.465706, 0.583851, 0.0, 0.0, 0.0, 0.0, 1.0],
                [0.067819, -0.256111, -0.964266, -1e-06, -0.581683, 0.775079, -0.246774, 0.399999, 0.810583, 0.577633, -0.096411, -0.0, 0.0, 0.0, 0.0, 1.0],
                [0.583665, -0.023256, -0.811661, -1e-06, -0.612931, 0.643015, -0.459182, 0.4, 0.532589, 0.7655, 0.361051, -0.0, 0.0, 0.0, 0.0, 1.0],
                [0.937261, -0.050086, -0.34501, -0.0, -0.129659, 0.868559, -0.478324, 0.4, 0.323618, 0.493049, 0.807574, -0.0, 0.0, 0.0, 0.0, 1.0],
                [0.994893, 0.040898, 0.092275, -0.0, 1.3e-05, 0.914175, -0.40532, 0.4, -0.100932, 0.403251, 0.909506, -0.0, 0.0, 0.0, 0.0, 1.0],
                [0.458794, 0.178458, 0.870438, 0.0, -0.207473, 0.97406, -0.090346, 0.4, -0.86398, -0.139142, 0.483919, -0.0, 0.0, 0.0, 0.0, 1.0],
                [0.670895, 0.071612, 0.738087, 0.0, -0.148929, 0.988059, 0.039506, 0.4, -0.726444, -0.136426, 0.673549, 0.0, 0.0, 0.0, 0.0, 1.0],
                [0.548037, 0.020691, 0.836198, -0.0, -0.120728, 0.991183, 0.054598, 0.4, -0.827696, -0.130875, 0.545703, -0.0, 0.0, 0.0, 0.0, 1.0]
            ]
        },
        {
            "name": "Shoulder_R",
            "time": [0.0, 0.6667, 0.9, 1.1667, 1.2333, 2.3333, 3.0, 3.6667, 4.3333, 5.0, 5.6333],
            "transform": [
                [0.50104, 0.560949, -0.659011, -0.0, 0.559217, -0.791014, -0.248142, 0.4, -0.660482, -0.244201, -0.710021, -0.0, 0.0, 0.0, 0.0, 1.0],
                [0.838878, 0.455443, -0.298088, -0.0, 0.426335, -0.890233, -0.160383, 0.4, -0.338414, 0.007457, -0.940967, -0.0, 0.0, 0.0, 0.0, 1.0],
                [0.271305, 0.789714, -0.550222, -1e-06, 0.801009, -0.502209, -0.325838, 0.4, -0.533645, -0.352331, -0.768821, 0.0, 0.0, 0.0, 0.0, 1.0],
                [0.067494, 0.963101, -0.26054, -1e-06, 0.939969, -0.148935, -0.307044, 0.4, -0.334518, -0.224175, -0.915337, 0.0, 0.0, 0.0, 0.0, 1.0],
                [0.072812, 0.853399, -0.516148, -1e-06, 0.902142, -0.277017, -0.330757, 0.399999, -0.425249, -0.441556, -0.790058, -0.0, 0.0, 0.0, 0.0, 1.0],
                [0.116499, 0.900447, -0.419074, -1e-06, 0.826831, -0.321699, -0.461368, 0.4, -0.550254, -0.292754, -0.781994, -0.0, 0.0, 0.0, 0.0, 1.0],
                [-0.018572, 0.209747, -0.977579, -0.0, 0.877924, -0.464453, -0.116331, 0.4, -0.478441, -0.860399, -0.175517, -0.0, 0.0, 0.0, 0.0, 1.0],
                [-0.329854, -0.107624, -0.937877, -0.0, 0.915421, -0.2792, -0.289918, 0.4, -0.230653, -0.954182, 0.190617, -0.0, 0.0, 0.0, 0.0, 1.0],
                [0.224641, 0.71671, -0.660199, 0.0, 0.689284, -0.595776, -0.412236, 0.4, -0.688785, -0.362459, -0.627852, -0.0, 0.0, 0.0, 0.0, 1.0],
                [0.277458, 0.896148, -0.346317, 0.0, 0.74081, -0.429083, -0.516806, 0.4, -0.611733, -0.113163, -0.782929, 0.0, 0.0, 0.0, 0.0, 1.0],
                [0.292902, 0.909186, -0.295956, -0.0, 0.747626, -0.410734, -0.521874, 0.4, -0.59604, -0.068407, -0.800035, -0.0, 0.0, 0.0, 0.0, 1.0]
            ]
        },
        {
            "name": "Arm_R",
            "time": [0.0, 0.6667, 0.9, 1.1667, 1.2333, 2.3333, 3.0, 3.6667, 4.3333, 5.0, 5.6333],
            "transform": [
                [0.537021, -0.696365, 0.476114, 0.0, 0.4679, 0.715514, 0.518757, 0.393861, -0.701911, -0.055809, 0.710075, -1e-06, 0.0, 0.0, 0.0, 1.0],
                [-0.540723, -0.453932, 0.708213, -0.0, -0.558091, 0.823518, 0.101735, 0.393861, -0.629408, -0.340236, -0.698632, 0.0, 0.0, 0.0, 0.0, 1.0],
                [0.721313, 0.030948, 0.691917, 1e-06, -0.637433, 0.420401, 0.645711, 0.393861, -0.270899, -0.906811, 0.322967, -0.0, 0.0, 0.0, 0.0, 1.0],
                [0.801969, 0.035473, 0.596312, -0.0, -0.573977, 0.32235, 0.752756, 0.39386, -0.165519, -0.945956, 0.278875, -0.0, 0.0, 0.0, 0.0, 1.0],
                [0.228354, -0.520326, 0.82287, 0.0, 0.272386, 0.845594, 0.459105, 0.393861, -0.934698, 0.1193, 0.334824, -1e-06, 0.0, 0.0, 0.0, 1.0],
                [0.003853, -0.264336, 0.964423, -0.0, 0.297808, 0.920972, 0.251237, 0.39386, -0.954618, 0.286245, 0.08227, 0.0, 0.0, 0.0, 0.0, 1.0],
                [0.303479, -0.415781, 0.857337, 0.0, 0.107675, 0.908973, 0.402709, 0.393861, -0.946733, -0.0299, 0.320624, -0.0, 0.0, 0.0, 0.0, 1.0],
                [0.211775, -0.511213, 0.832954, 0.0, -0.649232, 0.563467, 0.510884, 0.39386, -0.730513, -0.648973, -0.212567, 0.0, 0.0, 0.0, 0.0, 1.0],
                [0.254613, -0.648307, 0.717545, -0.0, 0.25692, 0.760682, 0.596117, 0.39386, -0.93229, 0.032573, 0.360243, -0.0, 0.0, 0.0, 0.0, 1.0],
                [0.328943, -0.853181, 0.40482, 0.0, 0.715343, 0.504974, 0.482995, 0.39386, -0.616506, 0.130708, 0.776425, -0.0, 0.0, 0.0, 0.0, 1.0],
                [0.386236, -0.818537, 0.425227, 0.0, 0.755357, 0.545258, 0.363496, 0.393861, -0.529393, 0.180803, 0.828887, -0.0, 0.0, 0.0, 0.0, 1.0]
            ]
        },
        {
            "name": "Hand_R",
            "time": [0.0, 0.6667, 0.9, 1.1667, 1.2333, 2.3333, 3.0, 3.6667, 4.3333, 5.0, 5.6333],
            "transform": [
                [1.0, -0.0, 2e-06, 0.0, 2e-06, 0.369482, -0.929238, 0.3, -1e-06, 0.929238, 0.369482, -1e-06, 0.0, 0.0, 0.0, 1.0],
                [1.000001, -1e-06, 1e-06, 0.0, 1e-06, 0.871953, -0.489589, 0.3, -1e-06, 0.489588, 0.871954, 0.0, 0.0, 0.0, 0.0, 1.0],
                [1.000001, -1e-06, 1e-06, 0.0, 1e-06, 0.92171, -0.38788, 0.3, -1e-06, 0.387881, 0.921709, -1e-06, 0.0, 0.0, 0.0, 1.0],
                [1.0, -0.0, 2e-06, 0.0, 2e-06, 0.376862, -0.926269, 0.3, -1e-06, 0.92627, 0.376862, -0.0, 0.0, 0.0, 0.0, 1.0],
                [1.0, -0.0, 2e-06, 0.0, 2e-06, 0.393646, -0.919261, 0.3, -1e-06, 0.919263, 0.393646, -0.0, 0.0, 0.0, 0.0, 1.0],
                [1.0, -1e-06, 2e-06, -2e-06, 2e-06, 0.558171, -0.829726, 0.3, -1e-06, 0.829725, 0.558172, 0.0, 0.0, 0.0, 0.0, 1.0],
                [1.0, -1e-06, 2e-06, -0.0, 2e-06, 0.513126, -0.858314, 0.3, -1e-06, 0.858312, 0.513127, 0.0, 0.0, 0.0, 0.0, 1.0],
                [1.0, 0.0, 3e-06, -0.0, 3e-06, -0.094333, -0.99554, 0.3, -0.0, 0.995541, -0.094333, 0.0, 0.0, 0.0, 0.0, 1.0],
                [1.0, -1e-06, 1e-06, 1e-06, 1e-06, 0.964525, -0.263992, 0.3, -1e-06, 0.263992, 0.964525, -0.0, 0.0, 0.0, 0.0, 1.0],
                [1.0, -1e-06, 2e-06, 0.0, 2e-06, 0.709131, -0.705076, 0.300001, -1e-06, 0.705078, 0.70913, 0.0, 0.0, 0.0, 0.0, 1.0],
                [1.0, -1e-06, 2e-06, -0.0, 2e-06, 0.766169, -0.642639, 0.3, -1e-06, 0.642639, 0.766169, -0.0, 0.0, 0.0, 0.0, 1.0]
            ]
        },
        {
            "name": "Tool_R",
            "time": [0.0, 0.6667, 0.9, 1.1667, 1.2333, 2.3333, 3.0, 3.6667, 4.3333, 5.0, 5.6333],
            "transform": [
                [0.83404, -0.469513, 0.290225, -0.0, 0.247768, -0.151948, -0.956283, 0.272857, 0.492938, 0.869753, -0.010392, 0.0, 0.0, 0.0, 0.0, 1.0],
                [-0.817467, -0.520531, -0.246893, -0.0, 0.52146, -0.486498, -0.700884, 0.272857, 0.244597, -0.701685, 0.668302, -0.0, 0.0, 0.0, 0.0, 1.0],
                [-0.028517, -0.971108, 0.236948, 0.0, 0.812122, -0.160789, -0.561008, 0.272859, 0.582793, 0.176332, 0.792426, -1e-06, 0.0, 0.0, 0.0, 1.0],
                [-0.600027, -0.499131, -0.625113, 0.0, 0.766029, -0.58392, -0.269073, 0.272858, -0.230584, -0.640238, 0.73188, 0.0, 0.0, 0.0, 0.0, 1.0],
                [-0.074484, -0.183334, -0.979683, -1e-06, 0.997214, -0.009713, -0.073917, 0.272858, 0.004045, -0.983004, 0.183226, -0.0, 0.0, 0.0, 0.0, 1.0],
                [-0.234465, -0.19187, -0.952478, 1e-06, 0.967964, 0.044624, -0.24697, 0.272858, 0.089848, -0.980404, 0.174954, -0.0, 0.0, 0.0, 0.0, 1.0],
                [-0.430198, 0.289215, -0.854801, 0.0, 0.246988, -0.873616, -0.419274, 0.272859, -0.868288, -0.391342, 0.303886, -0.0, 0.0, 0.0, 0.0, 1.0],
                [0.895691, -0.43959, -0.068323, 2e-06, -0.353037, -0.609165, -0.710056, 0.272857, 0.270374, 0.660061, -0.699977, 0.0, 0.0, 0.0, 0.0, 1.0],
                [0.6687, -0.692616, -0.271073, 0.0, -0.530606, -0.188636, -0.826056, 0.272858, 0.520862, 0.696204, -0.492917, -0.0, 0.0, 0.0, 0.0, 1.0],
                [0.955658, 0.095063, -0.278583, 1e-06, -0.279255, -0.008213, -0.959612, 0.272858, -0.09346, 0.99544, 0.018654, -0.0, 0.0, 0.0, 0.0, 1.0],
                [0.954654, 0.123265, -0.270908, 1e-06, -0.262868, -0.078931, -0.961034, 0.272858, -0.139767, 0.989231, -0.042883, 0.0, 0.0, 0.0, 0.0, 1.0]
            ]
        },
        {
            "name": "Elbow_R",
            "time": [0.0, 0.6667, 0.9, 1.1667, 1.2333, 2.3333, 3.0, 3.6667, 4.3333, 5.0, 5.6333],
            "transform": [
                [-1.0, 0.0, -0.0, 0.0, -0.0, -0.0, -1.0, 0.3, -0.0, -1.0, 0.0, -1e-06, 0.0, 0.0, 0.0, 1.0],
                [-1.0, 0.0, -0.0, 0.0, 0.0, -0.0, -1.0, 0.3, -0.0, -1.0, 0.0, 0.0, 0.0, 0.0, 0.0, 1.0],
                [-1.0, 0.0, -0.0, 0.0, 0.0, 0.0, -1.0, 0.3, -0.0, -1.0, 0.0, -1e-06, 0.0, 0.0, 0.0, 1.0],
                [-1.0, 0.0, -0.0, 0.0, -0.0, -0.0, -1.0, 0.3, -0.0, -1.0, 0.0, -0.0, 0.0, 0.0, 0.0, 1.0],
                [-1.0, 0.0, -0.0, 0.0, 0.0, -0.0, -1.0, 0.3, -0.0, -1.0, 0.0, -0.0, 0.0, 0.0, 0.0, 1.0],
                [-1.0, 0.0, -0.0, -2e-06, 0.0, -0.0, -1.0, 0.3, -0.0, -1.0, 0.0, 0.0, 0.0, 0.0, 0.0, 1.0],
                [-1.0, 0.0, -0.0, -0.0, 0.0, -0.0, -1.0, 0.3, -0.0, -1.0, 0.0, 0.0, 0.0, 0.0, 0.0, 1.0],
                [-1.0, 0.0, -0.0, -0.0, 0.0, -0.0, -1.0, 0.3, -0.0, -1.0, 0.0, 0.0, 0.0, 0.0, 0.0, 1.0],
                [-1.0, 0.0, -0.0, 1e-06, 0.0, -0.0, -1.0, 0.3, -0.0, -1.0, 0.0, -0.0, 0.0, 0.0, 0.0, 1.0],
                [-1.0, 0.0, -0.0, 0.0, 0.0, -0.0, -1.0, 0.300001, -0.0, -1.0, 0.0, 0.0, 0.0, 0.0, 0.0, 1.0],
                [-1.0, 0.0, -0.0, -0.0, 0.0, -0.0, -1.0, 0.3, -0.0, -1.0, 0.0, -0.0, 0.0, 0.0, 0.0, 1.0]
            ]
        },
        {
            "name": "Shoulder_L",
            "time": [0.0, 0.6667, 0.9, 1.1667, 1.2333, 2.3333, 3.0, 3.6667, 4.3333, 5.0, 5.6333],
            "transform": [
                [0.094204, -0.995476, -0.012375, -0.0, -0.897218, -0.079507, -0.43437, 0.4, 0.43142, 0.052022, -0.900651, -0.0, 0.0, 0.0, 0.0, 1.0],
                [0.098457, -0.990451, -0.096506, -0.0, -0.857185, -0.035147, -0.513806, 0.4, 0.505506, 0.133311, -0.852463, -0.0, 0.0, 0.0, 0.0, 1.0],
                [0.127563, -0.919049, -0.372932, -1e-06, -0.980267, -0.059581, -0.188475, 0.4, 0.150998, 0.389616, -0.908516, 0.0, 0.0, 0.0, 0.0, 1.0],
                [0.113478, -0.993212, 0.025535, -1e-06, -0.992655, -0.112256, 0.04507, 0.4, -0.041897, -0.030462, -0.998659, 0.0, 0.0, 0.0, 0.0, 1.0],
                [0.183574, -0.978374, -0.095314, -1e-06, -0.982335, -0.18616, 0.018901, 0.399999, -0.036236, 0.090161, -0.99527, -0.0, 0.0, 0.0, 0.0, 1.0],
                [0.005403, -0.789282, 0.614008, -1e-06, -0.972002, -0.148383, -0.182188, 0.4, 0.234905, -0.595832, -0.767988, -0.0, 0.0, 0.0, 0.0, 1.0],
                [-0.395601, -0.559534, 0.7283, -0.0, -0.866734, 0.48973, -0.094545, 0.4, -0.303771, -0.66864, -0.678706, -0.0, 0.0, 0.0, 0.0, 1.0],
                [-0.139481, -0.98647, -0.086142, -0.0, -0.988988, 0.143123, -0.037631, 0.4, 0.04945, 0.079944, -0.995573, -0.0, 0.0, 0.0, 0.0, 1.0],
                [0.104642, -0.99422, 0.024016, 0.0, -0.920941, -0.105989, -0.37501, 0.4, 0.375387, 0.017125, -0.926711, -0.0, 0.0, 0.0, 0.0, 1.0],
                [0.336182, -0.941794, 0.002471, 0.0, -0.866408, -0.3103, -0.391214, 0.4, 0.369208, 0.129378, -0.920299, 0.0, 0.0, 0.0, 0.0, 1.0],
                [0.326666, -0.942251, 0.073836, -0.0, -0.863641, -0.329322, -0.381667, 0.4, 0.383941, 0.06091, -0.921348, -0.0, 0.0, 0.0, 0.0, 1.0]
            ]
        },
        {
            "name": "Arm_L",
            "time": [0.0, 0.6667, 0.9, 1.1667, 1.2333, 2.3333, 3.0, 3.6667, 4.3333, 5.0, 5.6333],
            "transform": [
                [0.694814, 0.601506, -0.394242, -0.0, -0.660626, 0.75047, -0.019283, 0.39386, 0.284268, 0.273845, 0.918801, 0.0, 0.0, 0.0, 0.0, 1.0],
                [0.886782, 0.382681, -0.259179, 0.0, -0.316107, 0.911272, 0.263938, 0.393861, 0.337187, -0.152128, 0.929063, -0.0, 0.0, 0.0, 0.0, 1.0],
                [0.927524, 0.328186, 0.178872, -0.0, -0.359641, 0.913957, 0.188, 0.39386, -0.101783, -0.238704, 0.965742, -0.0, 0.0, 0.0, 0.0, 1.0],
                [0.996401, 0.030787, 0.078987, 0.0, -0.048694, 0.97054, 0.235975, 0.39386, -0.069396, -0.238972, 0.968542, 0.0, 0.0, 0.0, 0.0, 1.0],
                [0.988704, 0.097809, -0.113576, -0.0, -0.092019, 0.99423, 0.055163, 0.39386, 0.118317, -0.044089, 0.991994, -0.0, 0.0, 0.0, 0.0, 1.0],
                [0.662484, 0.460936, -0.590468, 0.0, -0.369209, 0.886791, 0.27801, 0.39386, 0.651766, 0.033829, 0.757664, -0.0, 0.0, 0.0, 0.0, 1.0],
                [0.715357, 0.357779, -0.600215, 0.0, -0.591497, 0.767361, -0.24756, 0.393861, 0.372008, 0.532118, 0.760567, 0.0, 0.0, 0.0, 0.0, 1.0],
                [0.728654, 0.444823, -0.520764, -0.0, -0.677719, 0.358634, -0.641933, 0.39386, -0.098783, 0.82068, 0.562786, -0.0, 0.0, 0.0, 0.0, 1.0],
                [0.236805, 0.934186, -0.266876, 0.0, -0.894278, 0.316944, 0.315932, 0.393861, 0.379725, 0.163848, 0.910472, 0.0, 0.0, 0.0, 0.0, 1.0],
                [0.611331, 0.790535, -0.036502, 0.0, -0.790325, 0.607493, -0.079638, 0.39386, -0.040782, 0.077534, 0.996152, -0.0, 0.0, 0.0, 0.0, 1.0],
                [0.589831, 0.802069, -0.093744, 0.0, -0.801621, 0.595574, 0.051939, 0.39386, 0.097491, 0.044512, 0.994237, -0.0, 0.0, 0.0, 0.0, 1.0]
            ]
        },
        {
            "name": "Hand_L",
            "time": [0.0, 0.6667, 0.9, 1.1667, 1.2333, 2.3333, 3.0, 3.6667, 4.3333, 5.0, 5.6333],
            "transform": [
                [1.0, -2e-06, -3e-06, 0.0, -3e-06, -0.581745, -0.813371, 0.3, -0.0, 0.813374, -0.581742, -1e-06, 0.0, 0.0, 0.0, 1.0],
                [1.0, -1e-06, -3e-06, 0.0, -3e-06, -0.420621, -0.907235, 0.3, -0.0, 0.907239, -0.420619, -0.0, 0.0, 0.0, 0.0, 1.0],
                [0.999999, -1e-06, -3e-06, 0.0, -3e-06, -0.441272, -0.897374, 0.3, -0.0, 0.897375, -0.441272, 0.0, 0.0, 0.0, 0.0, 1.0],
                [0.999999, -1e-06, -3e-06, -0.0, -3e-06, -0.285123, -0.958491, 0.3, -0.0, 0.958492, -0.285123, 0.0, 0.0, 0.0, 0.0, 1.0],
                [0.999999, 0.0, -3e-06, 0.0, -3e-06, 0.073169, -0.997318, 0.3, -0.0, 0.997323, 0.073169, 0.0, 0.0, 0.0, 0.0, 1.0],
                [1.0, 2e-06, -2e-06, 0.0, -3e-06, 0.415163, -0.909745, 0.3, -0.0, 0.90975, 0.415161, -0.0, 0.0, 0.0, 0.0, 1.0],
                [0.999999, 1e-06, -3e-06, 0.0, -3e-06, 0.230785, -0.973011, 0.3, -0.0, 0.973, 0.230788, -0.0, 0.0, 0.0, 0.0, 1.0],
                [0.999999, 1e-06, -3e-06, 0.0, -3e-06, 0.203599, -0.979056, 0.3, -1e-06, 0.979055, 0.203599, -0.0, 0.0, 0.0, 0.0, 1.0],
                [1.0, 3e-06, -0.0, -0.0, -3e-06, 0.931073, -0.364833, 0.3, -1e-06, 0.364833, 0.931072, -1e-06, 0.0, 0.0, 0.0, 1.0],
                [0.999999, 2e-06, -2e-06, -0.0, -3e-06, 0.590605, -0.80696, 0.3, -0.0, 0.806964, 0.590603, 0.0, 0.0, 0.0, 0.0, 1.0],
                [0.999999, 3e-06, -1e-06, 1e-06, -3e-06, 0.852984, -0.521938, 0.3, -0.0, 0.521939, 0.852982, 0.0, 0.0, 0.0, 0.0, 1.0]
            ]
        },
        {
            "name": "Tool_L",
            "time": [0.0, 0.6667, 0.9, 1.1667, 1.2333, 2.3333, 3.0, 3.6667, 4.3333, 5.0, 5.6333],
            "transform": [
                [-0.68, -0.662308, -0.31486, -0.0, 0.679784, -0.408316, -0.609167, 0.272857, 0.274763, -0.628195, 0.727049, 1e-06, 0.0, 0.0, 0.0, 1.0],
                [-0.764174, -0.247531, -0.595356, -1e-06, 0.626329, -0.063857, -0.77651, 0.272858, 0.154113, -0.966775, 0.203476, 0.0, 0.0, 0.0, 0.0, 1.0],
                [-0.363815, -0.1251, -0.922534, -0.0, 0.89474, -0.322764, -0.308758, 0.272857, -0.258994, -0.938175, 0.228965, -1e-06, 0.0, 0.0, 0.0, 1.0],
                [-0.140611, -0.205148, -0.968063, -0.0, 0.983168, -0.144318, -0.112129, 0.272859, -0.116628, -0.968033, 0.221609, 0.0, 0.0, 0.0, 0.0, 1.0],
                [-0.150415, -0.083874, -0.984492, -0.0, 0.620938, 0.767698, -0.159989, 0.272857, 0.769292, -0.6353, -0.063283, 0.0, 0.0, 0.0, 0.0, 1.0],
                [0.022556, -0.537396, -0.842663, -0.0, 0.659038, 0.642395, -0.391502, 0.272859, 0.75177, -0.546386, 0.368059, 1e-06, 0.0, 0.0, 0.0, 1.0],
                [-0.034762, -0.229281, -0.972203, -0.0, 0.621995, -0.767143, 0.158444, 0.272858, -0.78224, -0.599099, 0.168991, 0.0, 0.0, 0.0, 0.0, 1.0],
                [0.118211, -0.508448, -0.85265, 0.0, 0.905829, -0.297054, 0.302273, 0.272858, -0.406802, -0.808233, 0.424799, 0.0, 0.0, 0.0, 0.0, 1.0],
                [-0.293576, -0.832446, -0.46988, -1e-06, 0.227588, 0.416922, -0.879517, 0.272859, 0.928451, -0.364984, 0.066929, 0.0, 0.0, 0.0, 0.0, 1.0],
                [-0.325003, -0.926856, -0.188402, 1e-06, 0.595388, -0.045505, -0.801968, 0.272858, 0.734769, -0.372658, 0.565836, 0.0, 0.0, 0.0, 0.0, 1.0],
                [-0.345175, -0.916776, -0.201478, -0.0, 0.263392, 0.111655, -0.957699, 0.272858, 0.900824, -0.383482, 0.202572, 0.0, 0.0, 0.0, 0.0, 1.0]
            ]
        },
        {
            "name": "Elbow_L",
            "time": [0.0, 0.6667, 0.9, 1.1667, 1.2333, 2.3333, 3.0, 3.6667, 4.3333, 5.0, 5.6333],
            "transform": [
                [-1.0, 0.0, -0.0, 0.0, 0.0, -0.0, -1.0, 0.3, -0.0, -1.0, 0.0, -1e-06, 0.0, 0.0, 0.0, 1.0],
                [-1.0, 0.0, -0.0, 0.0, 0.0, -0.0, -1.0, 0.3, -0.0, -1.0, -0.0, -0.0, 0.0, 0.0, 0.0, 1.0],
                [-1.0, 0.0, -0.0, 0.0, 0.0, -0.0, -1.0, 0.3, -0.0, -1.0, -0.0, 0.0, 0.0, 0.0, 0.0, 1.0],
                [-1.0, 0.0, -0.0, -0.0, 0.0, -0.0, -1.0, 0.3, -0.0, -1.0, 0.0, 0.0, 0.0, 0.0, 0.0, 1.0],
                [-1.0, 0.0, -0.0, 0.0, -0.0, -0.0, -1.0, 0.3, -0.0, -1.0, -0.0, 0.0, 0.0, 0.0, 0.0, 1.0],
                [-1.0, 0.0, -0.0, 0.0, 0.0, -0.0, -1.0, 0.3, -0.0, -1.0, -0.0, -0.0, 0.0, 0.0, 0.0, 1.0],
                [-1.0, 0.0, -0.0, 0.0, 0.0, -0.0, -1.0, 0.3, -0.0, -1.0, 0.0, -0.0, 0.0, 0.0, 0.0, 1.0],
                [-1.0, 0.0, -0.0, 0.0, -0.0, -0.0, -1.0, 0.3, -0.0, -1.0, -0.0, -0.0, 0.0, 0.0, 0.0, 1.0],
                [-1.0, 0.0, -0.0, -0.0, 0.0, -0.0, -1.0, 0.3, -0.0, -1.0, -0.0, -1e-06, 0.0, 0.0, 0.0, 1.0],
                [-1.0, 0.0, -0.0, -0.0, 0.0, -0.0, -1.0, 0.3, -0.0, -1.0, -0.0, 0.0, 0.0, 0.0, 0.0, 1.0],
                [-1.0, 0.0, -0.0, 1e-06, 0.0, -0.0, -1.0, 0.3, -0.0, -1.0, -0.0, 0.0, 0.0, 0.0, 0.0, 1.0]
            ]
        }
    ]
}