{
    "animation": [
        {
            "name": "Root",
            "time": [0.0, 0.6667, 1.1667, 1.2333, 2.3, 3.0, 3.1667, 4.3333, 5.0, 5.6333],
            "transform": [
                [1.0, -0.0, 0.0, -2.2e-05, 0.0, -0.0, -1.0, 4.1e-05, 0.0, 1.0, -0.0, 4.427384, 0.0, 0.0, 0.0, 1.0],
                [1.0, -0.0, 0.0, 0.051543, 0.0, -0.0, -1.0, 2.130316, 0.0, 1.0, -0.0, 5.894798, 0.0, 0.0, 0.0, 1.0],
                [1.0, -0.0, 0.0, 0.056178, 0.0, -0.0, -1.0, 7.140632, 0.0, 1.0, -0.0, 0.696968, 0.0, 0.0, 0.0, 1.0],
                [1.0, -0.0, 0.0, 0.251596, 0.0, -0.0, -1.0, 7.699056, 0.0, 1.0, -0.0, 0.343374, 0.0, 0.0, 0.0, 1.0],
                [1.0, -0.0, 0.0, 0.295974, 0.0, -0.0, -1.0, 7.655192, 0.0, 1.0, -0.0, 0.370385, 0.0, 0.0, 0.0, 1.0],
                [1.0, -0.0, 0.0, 0.058601, 0.0, -0.0, -1.0, 7.184572, 0.0, 1.0, -0.0, 0.628214, 0.0, 0.0, 0.0, 1.0],
                [1.0, -0.0, 0.0, -0.024912, 0.0, -0.0, -1.0, 7.005056, 0.0, 1.0, -0.0, 0.665047, 0.0, 0.0, 0.0, 1.0],
                [1.0, -0.0, 0.0, 0.026568, 0.0, -0.0, -1.0, 7.114739, 0.0, 1.0, -0.0, 0.628214, 0.0, 0.0, 0.0, 1.0],
                [1.0, -0.0, 0.0, 0.037278, 0.0, -0.0, -1.0, 7.185845, 0.0, 1.0, -0.0, 0.677324, 0.0, 0.0, 0.0, 1.0],
                [1.0, -0.0, 0.0, 0.03616, 0.0, -0.0, -1.0, 7.194043, 0.0, 1.0, -0.0, 0.652769, 0.0, 0.0, 0.0, 1.0]
            ]
        },
        {
            "name": "Thigh_R",
            "time": [0.0, 0.6667, 1.1667, 1.2333, 2.3, 3.0, 3.1667, 4.3333, 5.0, 5.6333],
            "transform": [
                [0.521384, 0.839774, 0.151457, 0.124994, 0.24441, -0.317019, 0.916385, -0.002831, 0.817571, -0.440771, -0.370538, -1.2e-05, 0.0, 0.0, 0.0, 1.0],
                [0.359799, 0.402425, -0.841784, 0.124994, 0.552679, 0.634965, 0.539782, -0.002831, 0.751725, -0.659449, 0.006048, -1.2e-05, 0.0, 0.0, 0.0, 1.0],
                [0.866868, -0.241252, -0.436276, 0.124994, 0.409862, -0.153326, 0.899169, -0.002831, -0.283819, -0.958273, -0.034034, -1.2e-05, 0.0, 0.0, 0.0, 1.0],
                [0.307885, -0.636284, -0.707355, 0.124994, 0.677079, -0.375782, 0.632733, -0.00283, -0.668409, -0.673744, 0.315117, -1.2e-05, 0.0, 0.0, 0.0, 1.0],
                [0.348924, -0.668435, -0.656846, 0.124994, 0.694664, -0.285983, 0.660042, -0.002831, -0.629042, -0.686592, 0.364551, -1.2e-05, 0.0, 0.0, 0.0, 1.0],
                [0.977438, 0.160916, -0.136822, 0.124994, 0.201771, -0.902927, 0.379489, -0.002831, -0.062474, -0.398534, -0.915024, -1.3e-05, 0.0, 0.0, 0.0, 1.0],
                [0.918388, 0.284736, 0.274754, 0.124994, 0.247601, -0.955179, 0.162254, -0.002831, 0.308638, -0.080982, -0.947726, -1.2e-05, 0.0, 0.0, 0.0, 1.0],
                [0.358357, 0.368242, 0.857892, 0.124994, 0.212814, -0.92695, 0.308988, -0.002831, 0.909005, 0.071843, -0.410547, -1.1e-05, 0.0, 0.0, 0.0, 1.0],
                [0.505755, 0.2559, 0.823849, 0.124994, 0.273772, -0.953236, 0.128023, -0.002831, 0.818083, 0.160799, -0.552163, -1.2e-05, 0.0, 0.0, 0.0, 1.0],
                [0.589238, 0.231009, 0.774231, 0.124994, 0.263976, -0.96071, 0.085747, -0.002831, 0.763619, 0.153853, -0.627068, -1.2e-05, 0.0, 0.0, 0.0, 1.0]
            ]
        },
        {
            "name": "Leg_R",
            "time": [0.0, 0.6667, 1.1667, 1.2333, 2.3, 3.0, 3.1667, 4.3333, 5.0, 5.6333],
            "transform": [
                [0.999999, 0.0, 0.0, 0.0, -0.0, -0.326352, 0.945249, 0.37472, 0.0, -0.945248, -0.326352, -0.0, 0.0, 0.0, 0.0, 1.0],
                [1.0, 0.0, 0.0, 0.0, -0.0, -0.800174, 0.599769, 0.37472, 0.0, -0.599768, -0.800175, 0.0, 0.0, 0.0, 0.0, 1.0],
                [1.0, 0.0, 0.0, -0.0, -0.0, -0.235126, 0.971966, 0.37472, 0.0, -0.971964, -0.235126, -0.0, 0.0, 0.0, 0.0, 1.0],
                [1.0, 0.0, 0.0, -0.0, -0.0, -0.46009, 0.887873, 0.37472, 0.0, -0.887872, -0.46009, 0.0, 0.0, 0.0, 0.0, 1.0],
                [1.0, 0.0, -0.0, 0.0, 0.0, -0.439097, 0.89844, 0.37472, 0.0, -0.89844, -0.439097, 0.0, 0.0, 0.0, 0.0, 1.0],
                [1.0, 0.0, -0.0, -0.0, -0.0, 0.610783, 0.791799, 0.37472, 0.0, -0.791798, 0.610783, -0.0, 0.0, 0.0, 0.0, 1.0],
                [1.0, 0.0, -0.0, 0.0, -0.0, 0.82303, 0.567998, 0.37472, 0.0, -0.567998, 0.823031, -0.0, 0.0, 0.0, 0.0, 1.0],
                [1.0, 0.0, -0.0, 0.0, -0.0, 0.807223, 0.590247, 0.37472, 0.0, -0.590247, 0.807223, 0.0, 0.0, 0.0, 0.0, 1.0],
                [0.999999, 0.0, -0.0, -0.0, -0.0, 0.92609, 0.377301, 0.37472, 0.0, -0.377301, 0.926091, 0.0, 0.0, 0.0, 0.0, 1.0],
                [1.0, 0.0, -0.0, 0.0, -0.0, 0.932201, 0.361941, 0.37472, 0.0, -0.361941, 0.932201, -0.0, 0.0, 0.0, 0.0, 1.0]
            ]
        },
        {
            "name": "Knee_R",
            "time": [0.0, 0.6667, 1.1667, 1.2333, 2.3, 3.0, 3.1667, 4.3333, 5.0, 5.6333],
            "transform": [
                [1.0, 0.0, -0.0, 0.0, -0.0, 1e-06, -1.0, 0.37472, -0.0, 1.0, 1e-06, -0.0, 0.0, 0.0, 0.0, 1.0],
                [1.0, 0.0, -0.0, 0.0, -0.0, 1e-06, -1.0, 0.37472, -0.0, 1.0, 1e-06, 0.0, 0.0, 0.0, 0.0, 1.0],
                [1.0, 0.0, -0.0, -0.0, -0.0, 1e-06, -1.0, 0.37472, -0.0, 1.0, 1e-06, -0.0, 0.0, 0.0, 0.0, 1.0],
                [1.0, 0.0, -0.0, -0.0, -0.0, 1e-06, -1.0, 0.37472, -0.0, 1.0, 1e-06, 0.0, 0.0, 0.0, 0.0, 1.0],
                [1.0, 0.0, -0.0, 0.0, -0.0, 1e-06, -1.0, 0.37472, -0.0, 1.0, 1e-06, 0.0, 0.0, 0.0, 0.0, 1.0],
                [1.0, 0.0, -0.0, -0.0, -0.0, 1e-06, -1.0, 0.37472, -0.0, 1.0, 1e-06, -0.0, 0.0, 0.0, 0.0, 1.0],
                [1.0, 0.0, -0.0, 0.0, -0.0, 1e-06, -1.0, 0.37472, -0.0, 1.0, 1e-06, -0.0, 0.0, 0.0, 0.0, 1.0],
                [1.0, 0.0, -0.0, 0.0, -0.0, 1e-06, -1.0, 0.37472, -0.0, 1.0, 1e-06, 0.0, 0.0, 0.0, 0.0, 1.0],
                [1.0, 0.0, -0.0, -0.0, -0.0, 1e-06, -1.0, 0.37472, -0.0, 1.0, 1e-06, 0.0, 0.0, 0.0, 0.0, 1.0],
                [1.0, 0.0, -0.0, 0.0, -0.0, 1e-06, -1.0, 0.37472, -0.0, 1.0, 1e-06, -0.0, 0.0, 0.0, 0.0, 1.0]
            ]
        },
        {
            "name": "Thigh_L",
            "time": [0.0, 0.6667, 1.1667, 1.2333, 2.3, 3.0, 3.1667, 4.3333, 5.0, 5.6333],
            "transform": [
                [0.938927, 0.012765, -0.343878, -0.125006, 0.220058, -0.790544, 0.571502, -0.002831, -0.264556, -0.612272, -0.745073, -1.2e-05, 0.0, 0.0, 0.0, 1.0],
                [0.509381, 0.859143, -0.049045, -0.125006, 0.854046, -0.497725, 0.151247, -0.002832, 0.105531, -0.118928, -0.987279, -1.2e-05, 0.0, 0.0, 0.0, 1.0],
                [0.741337, -0.368138, -0.561154, -0.125006, -0.33833, -0.927109, 0.161252, -0.002831, -0.579613, 0.070314, -0.811852, -1.2e-05, 0.0, 0.0, 0.0, 1.0],
                [0.216246, -0.798126, -0.562345, -0.125006, -0.830333, -0.453328, 0.324101, -0.002831, -0.5136, 0.396849, -0.76074, -1.2e-05, 0.0, 0.0, 0.0, 1.0],
                [0.175502, -0.885417, -0.430391, -0.125006, -0.810223, -0.37824, 0.447742, -0.002831, -0.559229, 0.270133, -0.783767, -1.1e-05, 0.0, 0.0, 0.0, 1.0],
                [0.864259, -0.45406, -0.216532, -0.125006, -0.29289, -0.804155, 0.517253, -0.002831, -0.408989, -0.38362, -0.827987, -1.2e-05, 0.0, 0.0, 0.0, 1.0],
                [0.956988, -0.27595, 0.089588, -0.125006, -0.290078, -0.904348, 0.313064, -0.002831, -0.005371, -0.325585, -0.945497, -1.3e-05, 0.0, 0.0, 0.0, 1.0],
                [0.865061, 0.12559, 0.485691, -0.125006, -0.226058, -0.766704, 0.600885, -0.00283, 0.447847, -0.629597, -0.634855, -1.3e-05, 0.0, 0.0, 0.0, 1.0],
                [0.876343, -0.053548, 0.478702, -0.125006, -0.220776, -0.92792, 0.300369, -0.002831, 0.428113, -0.368912, -0.824999, -1.3e-05, 0.0, 0.0, 0.0, 1.0],
                [0.893311, -0.046852, 0.446991, -0.125006, -0.213767, -0.919145, 0.330873, -0.002831, 0.395347, -0.391124, -0.831097, -1.2e-05, 0.0, 0.0, 0.0, 1.0]
            ]
        },
        {
            "name": "Leg_L",
            "time": [0.0, 0.6667, 1.1667, 1.2333, 2.3, 3.0, 3.1667, 4.3333, 5.0, 5.6333],
            "transform": [
                [1.0, -1e-06, -0.0, -0.0, -1e-06, -0.780193, 0.625539, 0.37472, -1e-06, -0.625539, -0.780193, -0.0, 0.0, 0.0, 0.0, 1.0],
                [1.0, -1e-06, 0.0, 1e-06, -1e-06, -0.354332, 0.93512, 0.37472, -1e-06, -0.93512, -0.354332, 0.0, 0.0, 0.0, 0.0, 1.0],
                [1.0, 0.0, 1e-06, -0.0, -1e-06, 0.884891, 0.465799, 0.37472, -1e-06, -0.4658, 0.88489, 0.0, 0.0, 0.0, 0.0, 1.0],
                [1.0, -1e-06, 1e-06, 1e-06, -0.0, 0.423909, 0.905704, 0.37472, -1e-06, -0.905706, 0.423908, -1e-06, 0.0, 0.0, 0.0, 1.0],
                [1.0, -1e-06, 1e-06, 0.0, -1e-06, 0.281478, 0.959567, 0.37472, -1e-06, -0.959568, 0.281478, 0.0, 0.0, 0.0, 0.0, 1.0],
                [1.0, 0.0, 1e-06, 0.0, -1e-06, 0.73657, 0.676362, 0.37472, -1e-06, -0.676362, 0.73657, -0.0, 0.0, 0.0, 0.0, 1.0],
                [1.0, 0.0, 1e-06, 0.0, -1e-06, 0.933632, 0.358234, 0.37472, -1e-06, -0.358234, 0.933632, 0.0, 0.0, 0.0, 0.0, 1.0],
                [1.0, -0.0, 1e-06, -0.0, -1e-06, 0.619298, 0.785156, 0.37472, -1e-06, -0.785156, 0.619298, 0.0, 0.0, 0.0, 0.0, 1.0],
                [1.0, 0.0, 1e-06, -0.0, -1e-06, 0.876634, 0.481156, 0.37472, -1e-06, -0.481155, 0.876635, 0.0, 0.0, 0.0, 0.0, 1.0],
                [1.0, 0.0, 1e-06, -0.0, -1e-06, 0.862422, 0.506189, 0.37472, -1e-06, -0.506189, 0.862422, 0.0, 0.0, 0.0, 0.0, 1.0]
            ]
        },
        {
            "name": "Knee_L",
            "time": [0.0, 0.6667, 1.1667, 1.2333, 2.3, 3.0, 3.1667, 4.3333, 5.0, 5.6333],
            "transform": [
                [1.0, 0.0, -0.0, -0.0, -0.0, 1e-06, -1.0, 0.37472, -0.0, 1.0, 1e-06, -0.0, 0.0, 0.0, 0.0, 1.0],
                [1.0, 0.0, -0.0, 1e-06, -0.0, 1e-06, -1.0, 0.37472, -0.0, 1.0, 1e-06, 0.0, 0.0, 0.0, 0.0, 1.0],
                [1.0, 0.0, -0.0, -0.0, -0.0, 1e-06, -1.0, 0.37472, -0.0, 1.0, 1e-06, 0.0, 0.0, 0.0, 0.0, 1.0],
                [1.0, 0.0, -0.0, 1e-06, -0.0, 1e-06, -1.0, 0.37472, -0.0, 1.0, 1e-06, -1e-06, 0.0, 0.0, 0.0, 1.0],
                [1.0, 0.0, -0.0, 0.0, -0.0, 1e-06, -1.0, 0.37472, -0.0, 1.0, 1e-06, 0.0, 0.0, 0.0, 0.0, 1.0],
                [1.0, 0.0, -0.0, 0.0, -0.0, 1e-06, -1.0, 0.37472, -0.0, 1.0, 1e-06, -0.0, 0.0, 0.0, 0.0, 1.0],
                [1.0, 0.0, -0.0, 0.0, -0.0, 1e-06, -1.0, 0.37472, -0.0, 1.0, 1e-06, 0.0, 0.0, 0.0, 0.0, 1.0],
                [1.0, 0.0, -0.0, -0.0, -0.0, 1e-06, -1.0, 0.37472, -0.0, 1.0, 1e-06, 0.0, 0.0, 0.0, 0.0, 1.0],
                [1.0, 0.0, -0.0, -0.0, -0.0, 1e-06, -1.0, 0.37472, -0.0, 1.0, 1e-06, 0.0, 0.0, 0.0, 0.0, 1.0],
                [1.0, 0.0, -0.0, -0.0, -0.0, 1e-06, -1.0, 0.37472, -0.0, 1.0, 1e-06, 0.0, 0.0, 0.0, 0.0, 1.0]
            ]
        },
        {
            "name": "Torso",
            "time": [0.0, 0.6667, 1.1667, 1.2333, 2.3, 3.0, 3.1667, 4.3333, 5.0, 5.6333],
            "transform": [
                [0.704816, -0.411228, -0.578037, -0.0, 0.340106, 0.910967, -0.233381, 0.05, 0.622545, -0.032103, 0.781925, 0.0, 0.0, 0.0, 0.0, 1.0],
                [0.203169, -0.979121, -0.006607, -0.0, 0.890118, 0.187503, -0.41537, 0.05, 0.407936, 0.078509, 0.909628, -0.0, 0.0, 0.0, 0.0, 1.0],
                [0.438103, -0.579915, 0.686851, -0.0, 0.219444, 0.809958, 0.543886, 0.05, -0.871729, -0.087553, 0.482104, -0.0, 0.0, 0.0, 0.0, 1.0],
                [0.284954, -0.438739, 0.852238, -0.0, -0.080725, 0.874956, 0.477426, 0.05, -0.955136, -0.204841, 0.213905, 0.0, 0.0, 0.0, 0.0, 1.0],
                [0.285709, -0.37271, 0.882869, -0.0, -0.08227, 0.90833, 0.410083, 0.05, -0.954779, -0.189798, 0.228855, 0.0, 0.0, 0.0, 0.0, 1.0],
                [0.951824, -0.077218, 0.296764, -0.0, 0.039651, 0.990643, 0.130592, 0.05, -0.304071, -0.112534, 0.945979, -0.0, 0.0, 0.0, 0.0, 1.0],
                [0.990369, -0.067866, -0.120684, 0.0, 0.07432, 0.99599, 0.049805, 0.05, 0.11682, -0.058295, 0.991441, -0.0, 0.0, 0.0, 0.0, 1.0],
                [0.798041, -0.178341, -0.575608, 0.0, 0.187176, 0.981317, -0.044536, 0.05, 0.572796, -0.072198, 0.816512, -0.0, 0.0, 0.0, 0.0, 1.0],
                [0.667985, -0.060571, -0.741706, -0.0, -0.007227, 0.996107, -0.087856, 0.05, 0.74414, 0.064047, 0.664947, -0.0, 0.0, 0.0, 0.0, 1.0],
                [0.701234, -0.067462, -0.709732, -0.0, 0.007342, 0.996143, -0.087433, 0.05, 0.712893, 0.056101, 0.699025, -0.0, 0.0, 0.0, 0.0, 1.0]
            ]
        },
        {
            "name": "Chest",
            "time": [0.0, 0.6667, 1.1667, 1.2333, 2.3, 3.0, 3.1667, 4.3333, 5.0, 5.6333],
            "transform": [
                [0.996845, 0.079362, 0.001017, 0.0, -0.035116, 0.42952, 0.902374, 0.3, 0.071178, -0.899563, 0.430953, 0.0, 0.0, 0.0, 0.0, 1.0],
                [0.991352, 0.115724, -0.061884, -0.0, -0.040453, 0.718081, 0.694783, 0.3, 0.124841, -0.686271, 0.716552, -0.0, 0.0, 0.0, 0.0, 1.0],
                [0.99707, -0.048202, -0.059393, 1e-06, 0.054054, 0.993393, 0.101238, 0.3, 0.05412, -0.104152, 0.993088, -0.0, 0.0, 0.0, 0.0, 1.0],
                [0.798961, 0.028326, 0.600715, -0.0, -0.277755, 0.903349, 0.326823, 0.3, -0.533398, -0.427971, 0.729608, 0.0, 0.0, 0.0, 0.0, 1.0],
                [0.793245, -0.082895, 0.603233, 0.0, -0.306817, 0.801314, 0.513575, 0.3, -0.525952, -0.592473, 0.610205, 0.0, 0.0, 0.0, 0.0, 1.0],
                [0.970164, 0.066243, 0.233226, 0.0, -0.106732, 0.980414, 0.165517, 0.3, -0.217694, -0.185471, 0.958233, 1e-06, 0.0, 0.0, 0.0, 1.0],
                [0.981289, 0.112903, 0.155964, -0.0, -0.136538, 0.979175, 0.150241, 0.3, -0.135753, -0.168725, 0.97627, 1e-06, 0.0, 0.0, 0.0, 1.0],
                [0.818693, 0.252534, -0.515721, 0.0, -0.170638, 0.964527, 0.20142, 0.3, 0.548293, -0.0769, 0.832744, 0.0, 0.0, 0.0, 0.0, 1.0],
                [0.980559, -0.087047, -0.175857, 0.0, 0.086288, 0.996198, -0.011976, 0.3, 0.176231, -0.003431, 0.984343, 0.0, 0.0, 0.0, 0.0, 1.0],
                [0.961218, -0.076485, -0.264969, -0.0, 0.082771, 0.996489, 0.012622, 0.3, 0.263073, -0.034065, 0.964175, 0.0, 0.0, 0.0, 0.0, 1.0]
            ]
        },
        {
            "name": "Head",
            "time": [0.0, 0.6667, 1.1667, 1.2333, 2.3, 3.0, 3.1667, 4.3333, 5.0, 5.6333],
            "transform": [
                [0.800891, 0.220502, 0.556734, 0.0, 0.125872, 0.846969, -0.516527, 0.4, -0.585431, 0.483759, 0.650575, -0.0, 0.0, 0.0, 0.0, 1.0],
                [0.874284, 0.352901, 0.3333, -0.0, -0.261127, 0.920738, -0.28992, 0.4, -0.409196, 0.166439, 0.897138, -0.0, 0.0, 0.0, 0.0, 1.0],
                [0.613384, 0.105407, -0.782719, 0.0, -0.426058, 0.878641, -0.215559, 0.4, 0.665008, 0.465704, 0.583853, 0.0, 0.0, 0.0, 0.0, 1.0],
                [0.067821, -0.25611, -0.964266, -1e-06, -0.581681, 0.77508, -0.246774, 0.4, 0.810585, 0.577631, -0.096407, -0.0, 0.0, 0.0, 0.0, 1.0],
                [0.561677, -0.0252, -0.826972, -0.0, -0.632775, 0.630867, -0.449003, 0.4, 0.533025, 0.775481, 0.338398, 1e-06, 0.0, 0.0, 0.0, 1.0],
                [0.937262, -0.050085, -0.345008, -0.0, -0.129658, 0.86856, -0.478323, 0.399999, 0.323617, 0.493047, 0.807575, -0.0, 0.0, 0.0, 0.0, 1.0],
                [0.95983, -0.096792, -0.26336, -0.0, -0.040736, 0.880598, -0.472109, 0.4, 0.277611, 0.463872, 0.841282, -0.0, 0.0, 0.0, 0.0, 1.0],
                [0.458792, 0.178457, 0.870439, 1e-06, -0.207476, 0.974059, -0.090344, 0.4, -0.86398, -0.139147, 0.483917, -0.0, 0.0, 0.0, 0.0, 1.0],
                [0.670893, 0.07161, 0.738088, 0.0, -0.148929, 0.988058, 0.039508, 0.4, -0.726445, -0.136429, 0.673547, -0.0, 0.0, 0.0, 0.0, 1.0],
                [0.548035, 0.020689, 0.8362, 0.0, -0.120729, 0.991183, 0.054601, 0.4, -0.827696, -0.130877, 0.545701, -0.0, 0.0, 0.0, 0.0, 1.0]
            ]
        },
        {
            "name": "Shoulder_R",
            "time": [0.0, 0.6667, 1.1667, 1.2333, 2.3, 3.0, 3.1667, 4.3333, 5.0, 5.6333],
            "transform": [
                [0.501039, 0.560947, -0.659014, 0.0, 0.559211, -0.791015, -0.248145, 0.4, -0.660481, -0.244198, -0.710023, -0.0, 0.0, 0.0, 0.0, 1.0],
                [0.838879, 0.455442, -0.298088, -0.0, 0.426334, -0.890232, -0.160387, 0.4, -0.338416, 0.007461, -0.940968, -0.0, 0.0, 0.0, 0.0, 1.0],
                [0.067497, 0.963101, -0.260542, 0.0, 0.939964, -0.148938, -0.307047, 0.4, -0.334518, -0.224176, -0.915341, 0.0, 0.0, 0.0, 0.0, 1.0],
                [0.072813, 0.853397, -0.516153, -1e-06, 0.902137, -0.277021, -0.330759, 0.4, -0.42525, -0.441558, -0.790059, -0.0, 0.0, 0.0, 0.0, 1.0],
                [0.119405, 0.909255, -0.398747, -0.0, 0.824221, -0.31469, -0.470771, 0.4, -0.553527, -0.272443, -0.78701, 1e-06, 0.0, 0.0, 0.0, 1.0],
                [-0.017833, 0.209728, -0.977602, -0.0, 0.879644, -0.461499, -0.115055, 0.399999, -0.475288, -0.861993, -0.176258, -0.0, 0.0, 0.0, 0.0, 1.0],
                [0.055442, 0.20759, -0.976648, -0.0, 0.861372, -0.504605, -0.058358, 0.4, -0.504932, -0.838021, -0.20679, -0.0, 0.0, 0.0, 0.0, 1.0],
                [0.224641, 0.716709, -0.660203, 1e-06, 0.689278, -0.595779, -0.412239, 0.4, -0.688784, -0.362457, -0.627855, -0.0, 0.0, 0.0, 0.0, 1.0],
                [0.277987, 0.895977, -0.346335, 0.0, 0.738389, -0.429927, -0.51956, 0.4, -0.614408, -0.111299, -0.7811, -0.0, 0.0, 0.0, 0.0, 1.0],
                [0.292902, 0.909184, -0.295959, 0.0, 0.747621, -0.410735, -0.521879, 0.4, -0.596039, -0.068405, -0.800038, -0.0, 0.0, 0.0, 0.0, 1.0]
            ]
        },
        {
            "name": "Arm_R",
            "time": [0.0, 0.6667, 1.1667, 1.2333, 2.3, 3.0, 3.1667, 4.3333, 5.0, 5.6333],
            "transform": [
                [0.537021, -0.696369, 0.476109, -0.0, 0.467902, 0.715515, 0.518755, 0.39386, -0.701911, -0.055811, 0.710071, 0.0, 0.0, 0.0, 0.0, 1.0],
                [-0.540726, -0.453932, 0.70821, 1e-06, -0.558089, 0.82352, 0.101737, 0.39386, -0.62941, -0.340231, -0.698632, -0.0, 0.0, 0.0, 0.0, 1.0],
                [0.801968, 0.035472, 0.596313, -0.0, -0.573979, 0.322354, 0.752752, 0.393861, -0.165522, -0.945955, 0.278877, -0.0, 0.0, 0.0, 0.0, 1.0],
                [0.228352, -0.520336, 0.822862, -0.0, 0.272387, 0.845595, 0.45911, 0.393861, -0.934696, 0.119299, 0.334823, 1e-06, 0.0, 0.0, 0.0, 1.0],
                [-0.017374, -0.32008, 0.947228, 0.0, 0.291436, 0.904622, 0.311021, 0.39386, -0.956429, 0.281464, 0.077565, 1e-06, 0.0, 0.0, 0.0, 1.0],
                [0.303477, -0.415781, 0.857335, -0.0, 0.107676, 0.908981, 0.402703, 0.393861, -0.946733, -0.029897, 0.320621, -0.0, 0.0, 0.0, 0.0, 1.0],
                [0.578745, -0.181203, 0.795118, -0.0, 0.060833, 0.981885, 0.179483, 0.39386, -0.813234, -0.055506, 0.579279, 0.0, 0.0, 0.0, 0.0, 1.0],
                [0.254612, -0.648314, 0.717539, 0.0, 0.256922, 0.760684, 0.596116, 0.39386, -0.932289, 0.032574, 0.360242, 0.0, 0.0, 0.0, 0.0, 1.0],
                [0.328943, -0.853184, 0.404818, -0.0, 0.715347, 0.504975, 0.482991, 0.393861, -0.616507, 0.13071, 0.77642, 0.0, 0.0, 0.0, 0.0, 1.0],
                [0.386236, -0.818542, 0.425224, -0.0, 0.75536, 0.545259, 0.363493, 0.393861, -0.529395, 0.180805, 0.828881, 0.0, 0.0, 0.0, 0.0, 1.0]
            ]
        },
        {
            "name": "Hand_R",
            "time": [0.0, 0.6667, 1.1667, 1.2333, 2.3, 3.0, 3.1667, 4.3333, 5.0, 5.6333],
            "transform": [
                [0.999999, -0.0, 0.0, -0.0, 0.0, 0.369484, -0.929233, 0.3, 0.0, 0.929244, 0.36948, 0.0, 0.0, 0.0, 0.0, 1.0],
                [1.000003, 0.0, -1e-06, 0.0, -0.0, 0.871952, -0.489585, 0.3, 0.0, 0.489583, 0.871957, -0.0, 0.0, 0.0, 0.0, 1.0],
                [0.999997, -1e-06, 0.0, 0.0, 0.0, 0.37687, -0.926265, 0.3, 1e-06, 0.926273, 0.376867, 1e-06, 0.0, 0.0, 0.0, 1.0],
                [1.0, -1e-06, 0.0, 1e-06, 0.0, 0.393642, -0.919257, 0.3, 0.0, 0.919275, 0.393634, -0.0, 0.0, 0.0, 0.0, 1.0],
                [1.000001, -1e-06, 0.0, 1e-06, 0.0, 0.453525, -0.891235, 0.3, 0.0, 0.891256, 0.453515, -0.0, 0.0, 0.0, 0.0, 1.0],
                [1.0, -1e-06, 0.0, -0.0, 0.0, 0.513134, -0.858304, 0.3, 1e-06, 0.85832, 0.513125, 1e-06, 0.0, 0.0, 0.0, 1.0],
                [0.999999, -1e-06, 1e-06, -0.0, 1e-06, 0.307078, -0.951678, 0.3, 1e-06, 0.951694, 0.307073, -1e-06, 0.0, 0.0, 0.0, 1.0],
                [1.000001, 0.0, -0.0, 1e-06, -0.0, 0.964524, -0.263992, 0.3, 0.0, 0.263992, 0.964524, 0.0, 0.0, 0.0, 0.0, 1.0],
                [1.000001, -1e-06, -0.0, 0.0, 0.0, 0.709134, -0.705073, 0.3, 0.0, 0.705077, 0.70913, -0.0, 0.0, 0.0, 0.0, 1.0],
                [1.000001, -1e-06, -0.0, -1e-06, 0.0, 0.766172, -0.642636, 0.3, 0.0, 0.642639, 0.766168, 0.0, 0.0, 0.0, 0.0, 1.0]
            ]
        },
        {
            "name": "Tool_R",
            "time": [0.0, 0.6667, 1.1667, 1.2333, 2.3, 3.0, 3.1667, 4.3333, 5.0, 5.6333],
            "transform": [
                [0.834045, -0.469516, 0.290222, 0.0, 0.247768, -0.151949, -0.956272, 0.272857, 0.492939, 0.86976, -0.010392, 0.0, 0.0, 0.0, 0.0, 1.0],
                [-0.814234, -0.527503, -0.242761, -0.0, 0.52238, -0.482962, -0.702642, 0.272857, 0.253277, -0.698905, 0.667976, 1e-06, 0.0, 0.0, 0.0, 1.0],
                [-0.600022, -0.49913, -0.625118, 0.0, 0.766025, -0.583921, -0.269074, 0.272859, -0.230585, -0.640242, 0.731881, 0.0, 0.0, 0.0, 0.0, 1.0],
                [-0.073894, -0.183926, -0.979609, -0.0, 0.997222, -0.004723, -0.07425, 0.272858, 0.009035, -0.982941, 0.183441, -0.0, 0.0, 0.0, 0.0, 1.0],
                [-0.199001, -0.235722, -0.950715, -1e-06, 0.976923, 0.02917, -0.211469, 0.272858, 0.077545, -0.9714, 0.224084, -0.0, 0.0, 0.0, 0.0, 1.0],
                [-0.430198, 0.28922, -0.854789, -0.0, 0.24699, -0.873621, -0.41927, 0.272858, -0.868295, -0.391344, 0.303878, -0.0, 0.0, 0.0, 0.0, 1.0],
                [-0.750207, -0.092501, -0.654742, 0.0, 0.163481, -0.985397, -0.047989, 0.272858, -0.640675, -0.142969, 0.753538, -0.0, 0.0, 0.0, 0.0, 1.0],
                [0.668316, -0.692822, -0.271506, 0.0, -0.530749, -0.187868, -0.826132, 0.272858, 0.521215, 0.696217, -0.492531, -0.0, 0.0, 0.0, 0.0, 1.0],
                [0.955662, 0.095063, -0.27858, -0.0, -0.279255, -0.008216, -0.959606, 0.272858, -0.093461, 0.995443, 0.018651, 0.0, 0.0, 0.0, 0.0, 1.0],
                [0.954659, 0.123264, -0.270907, -1e-06, -0.26287, -0.078933, -0.961024, 0.272858, -0.139767, 0.989236, -0.042885, -0.0, 0.0, 0.0, 0.0, 1.0]
            ]
        },
        {
            "name": "Elbow_R",
            "time": [0.0, 0.6667, 1.1667, 1.2333, 2.3, 3.0, 3.1667, 4.3333, 5.0, 5.6333],
            "transform": [
                [-1.0, 0.0, 0.0, -0.0, -0.0, -0.0, -1.0, 0.3, -0.0, -1.0, 0.0, 0.0, 0.0, 0.0, 0.0, 1.0],
                [-1.0, 0.0, -0.0, 0.0, 0.0, -0.0, -1.0, 0.3, -0.0, -1.0, -0.0, -0.0, 0.0, 0.0, 0.0, 1.0],
                [-1.0, 0.0, -0.0, 0.0, -0.0, -0.0, -1.0, 0.3, -0.0, -1.0, 0.0, 1e-06, 0.0, 0.0, 0.0, 1.0],
                [-1.0, 0.0, -0.0, 1e-06, 0.0, -0.0, -1.0, 0.3, -0.0, -1.0, 0.0, -0.0, 0.0, 0.0, 0.0, 1.0],
                [-1.0, 0.0, -0.0, 1e-06, 0.0, -0.0, -1.0, 0.3, -0.0, -1.0, 0.0, -0.0, 0.0, 0.0, 0.0, 1.0],
                [-1.0, 0.0, -0.0, -0.0, 0.0, -0.0, -1.0, 0.3, -0.0, -1.0, 0.0, 1e-06, 0.0, 0.0, 0.0, 1.0],
                [-1.0, 0.0, -0.0, -0.0, 0.0, 0.0, -1.0, 0.3, -0.0, -1.0, 0.0, -1e-06, 0.0, 0.0, 0.0, 1.0],
                [-1.0, 0.0, -0.0, 1e-06, 0.0, -0.0, -1.0, 0.3, -0.0, -1.0, 0.0, 0.0, 0.0, 0.0, 0.0, 1.0],
                [-1.0, 0.0, 0.0, 0.0, 0.0, -0.0, -1.0, 0.3, -0.0, -1.0, 0.0, -0.0, 0.0, 0.0, 0.0, 1.0],
                [-1.0, 0.0, -0.0, -1e-06, 0.0, -0.0, -1.0, 0.3, -0.0, -1.0, 0.0, 0.0, 0.0, 0.0, 0.0, 1.0]
            ]
        },
        {
            "name": "Shoulder_L",
            "time": [0.0, 0.6667, 1.1667, 1.2333, 2.3, 3.0, 3.1667, 4.3333, 5.0, 5.6333],
            "transform": [
                [0.094205, -0.995475, -0.012376, 0.0, -0.89722, -0.079506, -0.43437, 0.4, 0.431422, 0.052023, -0.900649, -0.0, 0.0, 0.0, 0.0, 1.0],
                [0.098458, -0.990451, -0.096506, -0.0, -0.857188, -0.035147, -0.513805, 0.4, 0.505507, 0.133312, -0.852461, -0.0, 0.0, 0.0, 0.0, 1.0],
                [0.113477, -0.993212, 0.025534, 0.0, -0.992657, -0.112255, 0.045069, 0.4, -0.041897, -0.030461, -0.998657, 0.0, 0.0, 0.0, 0.0, 1.0],
                [0.183574, -0.978374, -0.095315, -1e-06, -0.982339, -0.186159, 0.0189, 0.4, -0.036235, 0.090162, -0.995267, -0.0, 0.0, 0.0, 0.0, 1.0],
                [0.032211, -0.799263, 0.600117, -0.0, -0.96727, -0.176134, -0.182665, 0.4, 0.251699, -0.574591, -0.778776, 1e-06, 0.0, 0.0, 0.0, 1.0],
                [-0.395601, -0.559538, 0.728297, -0.0, -0.866732, 0.489731, -0.094545, 0.399999, -0.303769, -0.668641, -0.678708, -0.0, 0.0, 0.0, 0.0, 1.0],
                [-0.535881, -0.402053, 0.742418, -0.0, -0.689457, 0.715934, -0.109942, 0.4, -0.48732, -0.570781, -0.660853, -0.0, 0.0, 0.0, 0.0, 1.0],
                [0.104643, -0.994219, 0.024015, 1e-06, -0.920943, -0.105988, -0.375011, 0.4, 0.375389, 0.017126, -0.926709, -0.0, 0.0, 0.0, 0.0, 1.0],
                [0.336183, -0.941793, 0.00247, 0.0, -0.866411, -0.3103, -0.391213, 0.4, 0.369209, 0.129379, -0.920296, -0.0, 0.0, 0.0, 0.0, 1.0],
                [0.326667, -0.942251, 0.073834, 0.0, -0.863644, -0.329321, -0.381666, 0.4, 0.383942, 0.060911, -0.921346, -0.0, 0.0, 0.0, 0.0, 1.0]
            ]
        },
        {
            "name": "Arm_L",
            "time": [0.0, 0.6667, 1.1667, 1.2333, 2.3, 3.0, 3.1667, 4.3333, 5.0, 5.6333],
            "transform": [
                [0.694811, 0.601505, -0.394244, -0.0, -0.660628, 0.750466, -0.019283, 0.39386, 0.284268, 0.273846, 0.918805, -0.0, 0.0, 0.0, 0.0, 1.0],
                [0.88678, 0.382683, -0.25918, 0.0, -0.31611, 0.911269, 0.263938, 0.393861, 0.337187, -0.152126, 0.929066, 0.0, 0.0, 0.0, 0.0, 1.0],
                [0.996401, 0.03079, 0.078988, 0.0, -0.048698, 0.970538, 0.235973, 0.393861, -0.069395, -0.23897, 0.968544, -0.0, 0.0, 0.0, 0.0, 1.0],
                [0.988703, 0.097812, -0.113578, -0.0, -0.092022, 0.994228, 0.055161, 0.39386, 0.118317, -0.044086, 0.991998, -0.0, 0.0, 0.0, 0.0, 1.0],
                [0.659196, 0.476004, -0.582135, -0.0, -0.374474, 0.879124, 0.294804, 0.39386, 0.652096, 0.02366, 0.757767, -0.0, 0.0, 0.0, 0.0, 1.0],
                [0.715357, 0.357782, -0.600214, 0.0, -0.591502, 0.767359, -0.247559, 0.393861, 0.372007, 0.532121, 0.760564, -1e-06, 0.0, 0.0, 0.0, 1.0],
                [0.930032, -0.015327, -0.367156, -0.0, -0.229279, 0.756596, -0.612367, 0.39386, 0.287175, 0.653703, 0.700145, -0.0, 0.0, 0.0, 0.0, 1.0],
                [0.236802, 0.934184, -0.266877, -0.0, -0.894278, 0.316941, 0.315933, 0.39386, 0.379724, 0.163848, 0.910476, -0.0, 0.0, 0.0, 0.0, 1.0],
                [0.611327, 0.790534, -0.036502, -0.0, -0.790325, 0.607489, -0.079637, 0.39386, -0.040781, 0.077532, 0.996157, 0.0, 0.0, 0.0, 0.0, 1.0],
                [0.589828, 0.802068, -0.093743, 0.0, -0.801621, 0.59557, 0.051941, 0.39386, 0.097491, 0.04451, 0.994243, 0.0, 0.0, 0.0, 0.0, 1.0]
            ]
        },
        {
            "name": "Hand_L",
            "time": [0.0, 0.6667, 1.1667, 1.2333, 2.3, 3.0, 3.1667, 4.3333, 5.0, 5.6333],
            "transform": [
                [1.0, -1e-06, 1e-06, -0.0, 0.0, -0.581742, -0.813374, 0.3, 1e-06, 0.813373, -0.581742, 0.0, 0.0, 0.0, 0.0, 1.0],
                [1.0, -1e-06, 1e-06, 0.0, 0.0, -0.42062, -0.907237, 0.3, 1e-06, 0.907237, -0.420619, 0.0, 0.0, 0.0, 0.0, 1.0],
                [1.0, -1e-06, 1e-06, -0.0, 0.0, -0.285121, -0.958491, 0.3, 1e-06, 0.958492, -0.28512, 0.0, 0.0, 0.0, 0.0, 1.0],
                [1.000001, -1e-06, 1e-06, 0.0, 1e-06, 0.073172, -0.997319, 0.3, 1e-06, 0.997319, 0.073172, -1e-06, 0.0, 0.0, 0.0, 1.0],
                [1.0, -1e-06, 0.0, 0.0, 1e-06, 0.423583, -0.905858, 0.300001, 1e-06, 0.905856, 0.423584, -0.0, 0.0, 0.0, 0.0, 1.0],
                [1.0, -1e-06, 0.0, -0.0, 0.0, 0.230787, -0.973004, 0.3, 1e-06, 0.973004, 0.230787, -0.0, 0.0, 0.0, 0.0, 1.0],
                [1.0, -0.0, 0.0, -0.0, 0.0, 0.147409, -0.989076, 0.3, 0.0, 0.989075, 0.14741, -0.0, 0.0, 0.0, 0.0, 1.0],
                [0.999999, -1e-06, -0.0, -1e-06, 1e-06, 0.931072, -0.364834, 0.3, 1e-06, 0.364834, 0.931073, -0.0, 0.0, 0.0, 0.0, 1.0],
                [1.0, -1e-06, -0.0, -1e-06, 0.0, 0.590601, -0.806965, 0.3, 1e-06, 0.806963, 0.590602, -0.0, 0.0, 0.0, 0.0, 1.0],
                [0.999999, -1e-06, -0.0, 1e-06, 0.0, 0.852979, -0.521945, 0.3, 1e-06, 0.521945, 0.85298, 0.0, 0.0, 0.0, 0.0, 1.0]
            ]
        },
        {
            "name": "Tool_L",
            "time": [0.0, 0.6667, 1.1667, 1.2333, 2.3, 3.0, 3.1667, 4.3333, 5.0, 5.6333],
            "transform": [
                [-0.679998, -0.662307, -0.314863, 0.0, 0.679785, -0.408314, -0.609168, 0.272859, 0.274762, -0.628195, 0.727049, -1e-06, 0.0, 0.0, 0.0, 1.0],
                [-0.764173, -0.24753, -0.595358, -1e-06, 0.62633, -0.063856, -0.776511, 0.272858, 0.154113, -0.966774, 0.203475, -2e-06, 0.0, 0.0, 0.0, 1.0],
                [-0.140611, -0.205146, -0.968059, 0.0, 0.983173, -0.144317, -0.112129, 0.272858, -0.116627, -0.968034, 0.221606, 0.0, 0.0, 0.0, 0.0, 1.0],
                [-0.150415, -0.083872, -0.984489, 0.0, 0.620939, 0.767698, -0.159988, 0.272858, 0.769294, -0.635299, -0.063284, 0.0, 0.0, 0.0, 0.0, 1.0],
                [0.041827, -0.545298, -0.836819, 1e-06, 0.596362, 0.686183, -0.416801, 0.272857, 0.801625, -0.481458, 0.353321, 0.0, 0.0, 0.0, 0.0, 1.0],
                [-0.034761, -0.229279, -0.972196, -0.0, 0.621998, -0.767144, 0.158442, 0.272858, -0.782246, -0.5991, 0.168987, 1e-06, 0.0, 0.0, 0.0, 1.0],
                [0.332777, 0.363754, -0.869646, 0.0, 0.160921, -0.930981, -0.32756, 0.272858, -0.929174, -0.030931, -0.367757, -0.0, 0.0, 0.0, 0.0, 1.0],
                [-0.293576, -0.832445, -0.469882, 1e-06, 0.22759, 0.416918, -0.879523, 0.272858, 0.928444, -0.364987, 0.066932, 1e-06, 0.0, 0.0, 0.0, 1.0],
                [-0.325001, -0.926853, -0.188405, 0.0, 0.595389, -0.045502, -0.80197, 0.272858, 0.734767, -0.372658, 0.565839, -0.0, 0.0, 0.0, 0.0, 1.0],
                [-0.345172, -0.916777, -0.201481, 1e-06, 0.263397, 0.111654, -0.957703, 0.272858, 0.900817, -0.383483, 0.202579, -1e-06, 0.0, 0.0, 0.0, 1.0]
            ]
        },
        {
            "name": "Elbow_L",
            "time": [0.0, 0.6667, 1.1667, 1.2333, 2.3, 3.0, 3.1667, 4.3333, 5.0, 5.6333],
            "transform": [
                [-1.0, 0.0, -0.0, -0.0, 0.0, -0.0, -1.0, 0.3, -0.0, -1.0, 0.0, 0.0, 0.0, 0.0, 0.0, 1.0],
                [-1.0, 0.0, -0.0, 0.0, 0.0, -0.0, -1.0, 0.3, -0.0, -1.0, -0.0, 0.0, 0.0, 0.0, 0.0, 1.0],
                [-1.0, 0.0, -0.0, -0.0, 0.0, -0.0, -1.0, 0.3, -0.0, -1.0, -0.0, 0.0, 0.0, 0.0, 0.0, 1.0],
                [-1.0, 0.0, -0.0, 0.0, 0.0, -0.0, -1.0, 0.3, -0.0, -1.0, 0.0, -1e-06, 0.0, 0.0, 0.0, 1.0],
                [-1.0, 0.0, -0.0, 0.0, 0.0, -0.0, -1.0, 0.300001, -0.0, -1.0, -0.0, -0.0, 0.0, 0.0, 0.0, 1.0],
                [-1.0, 0.0, -0.0, -0.0, 0.0, -0.0, -1.0, 0.3, -0.0, -1.0, 0.0, -0.0, 0.0, 0.0, 0.0, 1.0],
                [-1.0, 0.0, -0.0, -0.0, 0.0, -0.0, -1.0, 0.3, -0.0, -1.0, -0.0, -0.0, 0.0, 0.0, 0.0, 1.0],
                [-1.0, 0.0, -0.0, -1e-06, 0.0, -0.0, -1.0, 0.3, -0.0, -1.0, -0.0, -0.0, 0.0, 0.0, 0.0, 1.0],
                [-1.0, 0.0, -0.0, -1e-06, 0.0, -0.0, -1.0, 0.3, -0.0, -1.0, -0.0, -0.0, 0.0, 0.0, 0.0, 1.0],
                [-1.0, 0.0, -0.0, 1e-06, 0.0, -0.0, -1.0, 0.3, -0.0, -1.0, 0.0, 0.0, 0.0, 0.0, 0.0, 1.0]
            ]
        }
    ]
}