{
    "animation": [
        {
            "name": "Root",
            "time": [0.0, 0.3333, 0.6667, 1.0, 2.0, 2.8333, 3.6667, 4.3333, 5.3333],
            "transform": [
                [1.0, -0.0, 0.0, -2.2e-05, 0.0, -0.0, -1.0, 4.1e-05, 0.0, 1.0, -0.0, 1.430689, 0.0, 0.0, 0.0, 1.0],
                [1.0, -0.0, 0.0, -0.151547, 0.0, -0.0, -1.0, 0.860884, 0.0, 1.0, -0.0, 2.871598, 0.0, 0.0, 0.0, 1.0],
                [1.0, -0.0, 0.0, 0.011987, 0.0, -0.0, -1.0, 4.702089, 0.0, 1.0, -0.0, 1.127502, 0.0, 0.0, 0.0, 1.0],
                [1.0, -0.0, 0.0, 0.257935, 0.0, -0.0, -1.0, 5.876081, 0.0, 1.0, -0.0, 0.333552, 0.0, 0.0, 0.0, 1.0],
                [1.0, -0.0, 0.0, 0.294427, 0.0, -0.0, -1.0, 5.820001, 0.0, 1.0, -0.0, 0.308997, 0.0, 0.0, 0.0, 1.0],
                [1.0, -0.0, 0.0, -0.077741, 0.0, -0.0, -1.0, 5.200825, 0.0, 1.0, -0.0, 0.640491, 0.0, 0.0, 0.0, 1.0],
                [1.0, -0.0, 0.0, 0.082686, 0.0, -0.0, -1.0, 5.27388, 0.0, 1.0, -0.0, 0.591381, 0.0, 0.0, 0.0, 1.0],
                [1.0, -0.0, 0.0, 0.017915, 0.0, -0.0, -1.0, 5.315844, 0.0, 1.0, -0.0, 0.603659, 0.0, 0.0, 0.0, 1.0],
                [1.0, -0.0, 0.0, 0.034613, 0.0, -0.0, -1.0, 5.358637, 0.0, 1.0, -0.0, 0.615936, 0.0, 0.0, 0.0, 1.0]
            ]
        },
        {
            "name": "Thigh_R",
            "time": [0.0, 0.3333, 0.6667, 1.0, 2.0, 2.8333, 3.6667, 4.3333, 5.3333],
            "transform": [
                [0.551546, 0.819958, 0.153185, 0.124994, 0.271188, -0.349929, 0.896664, -0.002831, 0.788831, -0.45301, -0.415365, -1.2e-05, 0.0, 0.0, 0.0, 1.0],
                [0.385115, 0.71484, -0.583687, 0.124994, 0.844368, -0.017668, 0.535472, -0.002831, 0.372464, -0.699065, -0.610392, -1.2e-05, 0.0, 0.0, 0.0, 1.0],
                [0.274645, 0.915933, -0.292637, 0.124994, 0.809202, -0.384558, -0.444192, -0.002831, -0.519386, -0.114807, -0.846793, -1.1e-05, 0.0, 0.0, 0.0, 1.0],
                [0.40301, -0.544037, -0.735939, 0.124994, 0.59473, -0.455517, 0.66242, -0.002831, -0.695614, -0.704647, 0.139977, -1.2e-05, 0.0, 0.0, 0.0, 1.0],
                [0.349483, -0.667544, -0.657455, 0.124994, 0.695069, -0.285822, 0.659685, -0.00283, -0.628284, -0.687525, 0.364099, -1.2e-05, 0.0, 0.0, 0.0, 1.0],
                [0.93291, 0.330115, 0.143886, 0.124994, 0.297095, -0.931352, 0.210521, -0.002831, 0.203505, -0.153649, -0.966942, -1.2e-05, 0.0, 0.0, 0.0, 1.0],
                [0.641034, 0.264568, 0.720471, 0.124994, 0.201041, -0.963815, 0.175053, -0.002831, 0.740714, 0.03263, -0.671027, -1.2e-05, 0.0, 0.0, 0.0, 1.0],
                [0.371487, 0.281537, 0.884722, 0.124994, 0.251947, -0.947727, 0.195797, -0.002831, 0.8936, 0.150168, -0.423001, -1.2e-05, 0.0, 0.0, 0.0, 1.0],
                [0.589238, 0.231011, 0.77423, 0.124994, 0.263975, -0.96071, 0.085751, -0.002831, 0.76362, 0.15385, -0.627069, -1.1e-05, 0.0, 0.0, 0.0, 1.0]
            ]
        },
        {
            "name": "Leg_R",
            "time": [0.0, 0.3333, 0.6667, 1.0, 2.0, 2.8333, 3.6667, 4.3333, 5.3333],
            "transform": [
                [1.0, 0.0, 0.0, -0.0, -0.0, -0.319401, 0.947619, 0.37472, 0.0, -0.94762, -0.319401, -0.0, 0.0, 0.0, 0.0, 1.0],
                [1.0, 0.0, 0.0, -0.0, -0.0, -0.686333, 0.727288, 0.37472, 0.0, -0.727288, -0.686332, -0.0, 0.0, 0.0, 0.0, 1.0],
                [1.0, 0.0, 0.0, 0.0, -0.0, 0.246827, 0.96906, 0.37472, 0.0, -0.969059, 0.246827, 0.0, 0.0, 0.0, 0.0, 1.0],
                [1.0, 0.0, 0.0, -0.0, -0.0, -0.300728, 0.95371, 0.37472, 0.0, -0.95371, -0.300728, 0.0, 0.0, 0.0, 0.0, 1.0],
                [1.0, 0.0, 0.0, -0.0, 0.0, -0.439097, 0.89844, 0.37472, -0.0, -0.89844, -0.439096, 0.0, 0.0, 0.0, 0.0, 1.0],
                [1.0, 0.0, -0.0, -0.0, -0.0, 0.732746, 0.680503, 0.37472, 0.0, -0.680503, 0.732746, 0.0, 0.0, 0.0, 0.0, 1.0],
                [1.0, 0.0, -0.0, 0.0, -0.0, 0.787012, 0.616938, 0.37472, 0.0, -0.616938, 0.787011, -0.0, 0.0, 0.0, 0.0, 1.0],
                [1.0, 0.0, -0.0, -0.0, -0.0, 0.919276, 0.393614, 0.37472, 0.0, -0.393615, 0.919275, 0.0, 0.0, 0.0, 0.0, 1.0],
                [1.0, 0.0, -0.0, 0.0, -0.0, 0.932201, 0.361941, 0.37472, 0.0, -0.361941, 0.932201, 0.0, 0.0, 0.0, 0.0, 1.0]
            ]
        },
        {
            "name": "Knee_R",
            "time": [0.0, 0.3333, 0.6667, 1.0, 2.0, 2.8333, 3.6667, 4.3333, 5.3333],
            "transform": [
                [1.0, 0.0, -0.0, -0.0, -0.0, 1e-06, -1.0, 0.37472, -0.0, 1.0, 1e-06, -0.0, 0.0, 0.0, 0.0, 1.0],
                [1.0, 0.0, -0.0, -0.0, -0.0, 1e-06, -1.0, 0.37472, -0.0, 1.0, 1e-06, -0.0, 0.0, 0.0, 0.0, 1.0],
                [1.0, 0.0, -0.0, 0.0, -0.0, 1e-06, -1.0, 0.37472, -0.0, 1.0, 1e-06, 0.0, 0.0, 0.0, 0.0, 1.0],
                [1.0, 0.0, -0.0, -0.0, -0.0, 1e-06, -1.0, 0.37472, -0.0, 1.0, 1e-06, 0.0, 0.0, 0.0, 0.0, 1.0],
                [1.0, 0.0, -0.0, -0.0, -0.0, 1e-06, -1.0, 0.37472, -0.0, 1.0, 1e-06, 0.0, 0.0, 0.0, 0.0, 1.0],
                [1.0, 0.0, -0.0, -0.0, -0.0, 1e-06, -1.0, 0.37472, -0.0, 1.0, 1e-06, 0.0, 0.0, 0.0, 0.0, 1.0],
                [1.0, 0.0, -0.0, 0.0, -0.0, 1e-06, -1.0, 0.37472, -0.0, 1.0, 1e-06, -0.0, 0.0, 0.0, 0.0, 1.0],
                [1.0, 0.0, -0.0, -0.0, -0.0, 1e-06, -1.0, 0.37472, -0.0, 1.0, 1e-06, 0.0, 0.0, 0.0, 0.0, 1.0],
                [1.0, 0.0, -0.0, 0.0, -0.0, 1e-06, -1.0, 0.37472, -0.0, 1.0, 1e-06, 0.0, 0.0, 0.0, 0.0, 1.0]
            ]
        },
        {
            "name": "Thigh_L",
            "time": [0.0, 0.3333, 0.6667, 1.0, 2.0, 2.8333, 3.6667, 4.3333, 5.3333],
            "transform": [
                [0.937859, -0.006872, -0.346947, -0.125006, 0.194212, -0.818163, 0.541194, -0.002831, -0.287578, -0.574945, -0.765988, -1.2e-05, 0.0, 0.0, 0.0, 1.0],
                [0.774469, 0.525427, -0.352314, -0.125006, 0.516225, -0.846816, -0.128122, -0.002831, -0.365664, -0.082646, -0.92707, -1.2e-05, 0.0, 0.0, 0.0, 1.0],
                [0.872868, 0.451256, -0.185657, -0.125006, 0.148607, -0.608244, -0.779715, -0.00283, -0.464776, 0.652999, -0.597977, -1.1e-05, 0.0, 0.0, 0.0, 1.0],
                [0.125984, -0.742502, -0.657889, -0.125006, -0.79155, -0.474986, 0.384497, -0.00283, -0.597978, 0.47231, -0.647568, -1.2e-05, 0.0, 0.0, 0.0, 1.0],
                [0.176282, -0.885649, -0.429591, -0.125006, -0.809972, -0.37851, 0.44797, -0.002831, -0.55935, 0.268987, -0.784075, -1.2e-05, 0.0, 0.0, 0.0, 1.0],
                [0.967157, -0.253965, 0.010403, -0.125006, -0.224736, -0.835294, 0.501775, -0.002831, -0.118744, -0.487633, -0.864936, -1.2e-05, 0.0, 0.0, 0.0, 1.0],
                [0.964787, -0.047173, 0.258767, -0.125006, -0.194178, -0.791346, 0.579712, -0.002831, 0.177428, -0.609546, -0.772641, -1.2e-05, 0.0, 0.0, 0.0, 1.0],
                [0.850569, 0.06457, 0.521885, -0.125006, -0.211898, -0.866211, 0.452524, -0.002831, 0.481282, -0.495489, -0.72309, -1.1e-05, 0.0, 0.0, 0.0, 1.0],
                [0.893242, -0.047267, 0.447084, -0.125006, -0.214247, -0.919028, 0.330887, -0.002831, 0.395242, -0.391349, -0.831041, -1.2e-05, 0.0, 0.0, 0.0, 1.0]
            ]
        },
        {
            "name": "Leg_L",
            "time": [0.0, 0.3333, 0.6667, 1.0, 2.0, 2.8333, 3.6667, 4.3333, 5.3333],
            "transform": [
                [1.0, -1e-06, 0.0, -0.0, -0.0, -0.769728, 0.638372, 0.37472, -0.0, -0.638372, -0.769728, 0.0, 0.0, 0.0, 0.0, 1.0],
                [1.000001, -0.0, 0.0, 0.0, -0.0, -0.214872, 0.976641, 0.374721, -0.0, -0.976642, -0.214872, 0.0, 0.0, 0.0, 0.0, 1.0],
                [1.0, -0.0, 0.0, -0.0, -0.0, 0.160984, 0.986957, 0.37472, -0.0, -0.986957, 0.160984, -1e-06, 0.0, 0.0, 0.0, 1.0],
                [1.0, 0.0, 1e-06, -0.0, -0.0, 0.551085, 0.83445, 0.37472, -0.0, -0.834448, 0.551086, -0.0, 0.0, 0.0, 0.0, 1.0],
                [1.0, -0.0, 1e-06, 0.0, -1e-06, 0.281478, 0.959568, 0.37472, -0.0, -0.959567, 0.281479, -0.0, 0.0, 0.0, 0.0, 1.0],
                [1.0, 0.0, 0.0, 0.0, -0.0, 0.753907, 0.656982, 0.37472, -0.0, -0.656981, 0.753907, 0.0, 0.0, 0.0, 0.0, 1.0],
                [1.0, 0.0, 1e-06, 0.0, -1e-06, 0.73386, 0.679301, 0.37472, -0.0, -0.6793, 0.73386, 0.0, 0.0, 0.0, 0.0, 1.0],
                [1.0, 0.0, 1e-06, 0.0, -1e-06, 0.738339, 0.67443, 0.37472, -0.0, -0.67443, 0.738339, -1e-06, 0.0, 0.0, 0.0, 1.0],
                [1.0, 0.0, 1e-06, 0.0, -1e-06, 0.862423, 0.506189, 0.37472, -0.0, -0.506189, 0.862422, -0.0, 0.0, 0.0, 0.0, 1.0]
            ]
        },
        {
            "name": "Knee_L",
            "time": [0.0, 0.3333, 0.6667, 1.0, 2.0, 2.8333, 3.6667, 4.3333, 5.3333],
            "transform": [
                [1.0, 0.0, -0.0, -0.0, -0.0, 1e-06, -1.0, 0.37472, -0.0, 1.0, 1e-06, 0.0, 0.0, 0.0, 0.0, 1.0],
                [1.0, 0.0, -0.0, 0.0, -0.0, 1e-06, -1.0, 0.374721, -0.0, 1.0, 1e-06, 0.0, 0.0, 0.0, 0.0, 1.0],
                [1.0, 0.0, -0.0, -0.0, -0.0, 1e-06, -1.0, 0.37472, -0.0, 1.0, 1e-06, -1e-06, 0.0, 0.0, 0.0, 1.0],
                [1.0, 0.0, -0.0, -0.0, -0.0, 1e-06, -1.0, 0.37472, -0.0, 1.0, 1e-06, -0.0, 0.0, 0.0, 0.0, 1.0],
                [1.0, 0.0, -0.0, 0.0, -0.0, 1e-06, -1.0, 0.37472, -0.0, 1.0, 1e-06, -0.0, 0.0, 0.0, 0.0, 1.0],
                [1.0, 0.0, -0.0, 0.0, -0.0, 1e-06, -1.0, 0.37472, -0.0, 1.0, 1e-06, 0.0, 0.0, 0.0, 0.0, 1.0],
                [1.0, 0.0, -0.0, 0.0, -0.0, 1e-06, -1.0, 0.37472, -0.0, 1.0, 1e-06, 0.0, 0.0, 0.0, 0.0, 1.0],
                [1.0, 0.0, -0.0, 0.0, -0.0, 1e-06, -1.0, 0.37472, -0.0, 1.0, 1e-06, -1e-06, 0.0, 0.0, 0.0, 1.0],
                [1.0, 0.0, -0.0, 0.0, -0.0, 1e-06, -1.0, 0.37472, -0.0, 1.0, 1e-06, -0.0, 0.0, 0.0, 0.0, 1.0]
            ]
        },
        {
            "name": "Torso",
            "time": [0.0, 0.3333, 0.6667, 1.0, 2.0, 2.8333, 3.6667, 4.3333, 5.3333],
            "transform": [
                [0.730722, -0.41121, -0.544933, -0.0, 0.350468, 0.910976, -0.217472, 0.05, 0.585848, -0.03207, 0.809786, 0.0, 0.0, 0.0, 0.0, 1.0],
                [0.523512, -0.843178, 0.122419, 0.0, 0.841579, 0.534155, 0.080141, 0.05, -0.132964, 0.06107, 0.989238, -0.0, 0.0, 0.0, 0.0, 1.0],
                [0.219856, -0.894878, 0.388404, 0.0, 0.608023, 0.437052, 0.662792, 0.05, -0.76287, 0.090439, 0.640195, -0.0, 0.0, 0.0, 0.0, 1.0],
                [0.247194, -0.349927, 0.903574, 0.0, -0.050151, 0.926644, 0.37258, 0.05, -0.967667, -0.137415, 0.211511, 0.0, 0.0, 0.0, 0.0, 1.0],
                [0.28571, -0.37271, 0.882869, 0.0, -0.08227, 0.908331, 0.410083, 0.05, -0.954778, -0.189799, 0.228856, 0.0, 0.0, 0.0, 0.0, 1.0],
                [0.997827, -0.065889, -0.000962, 0.0, 0.065808, 0.995639, 0.066132, 0.05, -0.0034, -0.066052, 0.99781, -0.0, 0.0, 0.0, 0.0, 1.0],
                [0.953555, -0.080417, -0.290285, 0.0, 0.065763, 0.996035, -0.059904, 0.05, 0.293952, 0.038032, 0.955063, -0.0, 0.0, 0.0, 0.0, 1.0],
                [0.691806, -0.170042, -0.701776, 0.0, 0.160152, 0.983804, -0.080501, 0.05, 0.704099, -0.056699, 0.707834, -0.0, 0.0, 0.0, 0.0, 1.0],
                [0.701234, -0.067462, -0.709732, 0.0, 0.007342, 0.996143, -0.087433, 0.05, 0.712893, 0.056101, 0.699025, -0.0, 0.0, 0.0, 0.0, 1.0]
            ]
        },
        {
            "name": "Chest",
            "time": [0.0, 0.3333, 0.6667, 1.0, 2.0, 2.8333, 3.6667, 4.3333, 5.3333],
            "transform": [
                [0.996846, 0.079357, 0.00102, 0.0, -0.035121, 0.429577, 0.902347, 0.3, 0.071169, -0.899536, 0.431009, -0.0, 0.0, 0.0, 0.0, 1.0],
                [0.835742, 0.356766, -0.417436, 0.0, 0.021172, 0.738688, 0.673715, 0.3, 0.548713, -0.571891, 0.609799, 0.0, 0.0, 0.0, 0.0, 1.0],
                [0.965206, 0.235664, -0.113318, -1e-06, -0.243578, 0.967911, -0.061788, 0.3, 0.095121, 0.08724, 0.991636, 0.0, 0.0, 0.0, 0.0, 1.0],
                [0.892988, -0.03868, 0.448414, 0.0, -0.252797, 0.781195, 0.570815, 0.3, -0.372378, -0.623089, 0.687819, -0.0, 0.0, 0.0, 0.0, 1.0],
                [0.793949, -0.08211, 0.602415, 0.0, -0.306838, 0.801283, 0.513611, 0.3, -0.524878, -0.592625, 0.610983, -0.0, 0.0, 0.0, 0.0, 1.0],
                [0.982189, 0.090597, 0.164611, 0.0, -0.110877, 0.986745, 0.118496, 0.3, -0.151693, -0.134637, 0.979215, 0.0, 0.0, 0.0, 0.0, 1.0],
                [0.987014, 0.104474, -0.122018, -0.0, -0.078862, 0.976917, 0.198531, 0.3, 0.139943, -0.18633, 0.972469, 0.0, 0.0, 0.0, 0.0, 1.0],
                [0.861042, 0.078545, -0.502433, 0.0, -0.028101, 0.993839, 0.107208, 0.3, 0.507759, -0.078191, 0.857944, -0.0, 0.0, 0.0, 0.0, 1.0],
                [0.96122, -0.076485, -0.264966, -0.0, 0.082772, 0.996488, 0.012625, 0.3, 0.26307, -0.034067, 0.964175, -0.0, 0.0, 0.0, 0.0, 1.0]
            ]
        },
        {
            "name": "Head",
            "time": [0.0, 0.3333, 0.6667, 1.0, 2.0, 2.8333, 3.6667, 4.3333, 5.3333],
            "transform": [
                [0.800893, 0.220503, 0.556731, 0.0, 0.125872, 0.846967, -0.516531, 0.4, -0.585429, 0.483762, 0.650574, -0.0, 0.0, 0.0, 0.0, 1.0],
                [0.817195, 0.48364, 0.313505, 0.0, -0.137768, 0.692082, -0.70855, 0.4, -0.559654, 0.535833, 0.632195, -0.0, 0.0, 0.0, 0.0, 1.0],
                [0.818154, 0.260145, -0.512784, 0.0, -0.428437, 0.870585, -0.241915, 0.4, 0.383489, 0.41762, 0.823729, -0.0, 0.0, 0.0, 0.0, 1.0],
                [0.770369, -0.025307, -0.637095, -0.0, -0.436355, 0.707631, -0.555746, 0.4, 0.464892, 0.706129, 0.534095, 0.0, 0.0, 0.0, 0.0, 1.0],
                [0.561675, -0.025202, -0.826974, 0.0, -0.632776, 0.630865, -0.449002, 0.4, 0.533025, 0.775483, 0.338394, 0.0, 0.0, 0.0, 0.0, 1.0],
                [0.963964, -0.074968, -0.25525, 0.0, -0.053487, 0.885265, -0.462001, 0.4, 0.2606, 0.459005, 0.849354, -0.0, 0.0, 0.0, 0.0, 1.0],
                [0.907412, 0.14537, 0.394299, -0.0, 0.036494, 0.907462, -0.418546, 0.4, -0.418656, 0.394183, 0.818136, -1e-06, 0.0, 0.0, 0.0, 1.0],
                [0.467745, 0.289593, 0.835074, 0.0, -0.392073, 0.914741, -0.097612, 0.4, -0.792146, -0.281752, 0.541407, -0.0, 0.0, 0.0, 0.0, 1.0],
                [0.548038, 0.020692, 0.836197, -0.0, -0.120727, 0.991183, 0.054597, 0.4, -0.827695, -0.130873, 0.545704, 0.0, 0.0, 0.0, 0.0, 1.0]
            ]
        },
        {
            "name": "Shoulder_R",
            "time": [0.0, 0.3333, 0.6667, 1.0, 2.0, 2.8333, 3.6667, 4.3333, 5.3333],
            "transform": [
                [0.501042, 0.560949, -0.659008, 0.0, 0.559218, -0.791014, -0.24814, 0.4, -0.66048, -0.244201, -0.710021, -0.0, 0.0, 0.0, 0.0, 1.0],
                [0.77714, 0.540774, -0.321897, 0.0, 0.526603, -0.838854, -0.13789, 0.4, -0.344593, -0.062353, -0.936678, -0.0, 0.0, 0.0, 0.0, 1.0],
                [0.16314, 0.931687, -0.32457, 0.0, 0.929956, -0.255083, -0.264795, 0.4, -0.329499, -0.258637, -0.908039, -0.0, 0.0, 0.0, 0.0, 1.0],
                [0.252353, 0.737203, -0.626777, -0.0, 0.8397, -0.488727, -0.236751, 0.4, -0.480858, -0.46656, -0.742359, 0.0, 0.0, 0.0, 0.0, 1.0],
                [0.119405, 0.909256, -0.398742, 0.0, 0.824228, -0.314687, -0.470766, 0.4, -0.553527, -0.272442, -0.787008, 0.0, 0.0, 0.0, 0.0, 1.0],
                [-0.003983, 0.137138, -0.990542, 0.0, 0.869845, -0.488179, -0.071085, 0.4, -0.493312, -0.861902, -0.117344, -0.0, 0.0, 0.0, 0.0, 1.0],
                [-0.108634, 0.407089, -0.906904, -0.0, 0.780071, -0.53059, -0.33161, 0.4, -0.61619, -0.743475, -0.259917, -1e-06, 0.0, 0.0, 0.0, 1.0],
                [0.296545, 0.861401, -0.412371, 0.0, 0.740239, -0.480143, -0.470647, 0.4, -0.603414, -0.165685, -0.780024, -0.0, 0.0, 0.0, 0.0, 1.0],
                [0.292903, 0.909186, -0.295956, -0.0, 0.747629, -0.410734, -0.521872, 0.4, -0.596039, -0.068407, -0.800035, 0.0, 0.0, 0.0, 0.0, 1.0]
            ]
        },
        {
            "name": "Arm_R",
            "time": [0.0, 0.3333, 0.6667, 1.0, 2.0, 2.8333, 3.6667, 4.3333, 5.3333],
            "transform": [
                [0.53752, -0.679574, 0.499251, 0.0, 0.466333, 0.732841, 0.495458, 0.39386, -0.70257, -0.033501, 0.710826, 0.0, 0.0, 0.0, 0.0, 1.0],
                [0.142326, -0.712858, 0.686715, -0.0, -0.194669, 0.660066, 0.725546, 0.393861, -0.970488, -0.236945, -0.044827, 0.0, 0.0, 0.0, 0.0, 1.0],
                [0.862996, 0.081328, 0.498621, -0.0, -0.504943, 0.170944, 0.846056, 0.39386, -0.016428, -0.981919, 0.18859, 0.0, 0.0, 0.0, 0.0, 1.0],
                [0.299164, 0.206732, 0.93154, 0.0, 0.177151, 0.947241, -0.26711, 0.39386, -0.937615, 0.244931, 0.246758, 1e-06, 0.0, 0.0, 0.0, 1.0],
                [-0.017375, -0.320073, 0.947234, 0.0, 0.291446, 0.904612, 0.311019, 0.39386, -0.95643, 0.28147, 0.077567, -1e-06, 0.0, 0.0, 0.0, 1.0],
                [0.425681, -0.36165, 0.829462, -0.0, 0.094197, 0.929388, 0.356879, 0.39386, -0.899957, -0.073784, 0.429691, 0.0, 0.0, 0.0, 0.0, 1.0],
                [0.525782, -0.44201, 0.726761, 0.0, 0.052288, 0.869566, 0.491038, 0.393861, -0.849012, -0.220177, 0.480314, -0.0, 0.0, 0.0, 0.0, 1.0],
                [0.411259, -0.719582, 0.559525, -0.0, 0.619099, 0.671037, 0.407951, 0.39386, -0.669016, 0.178627, 0.721465, -0.0, 0.0, 0.0, 0.0, 1.0],
                [0.386233, -0.818537, 0.425228, -0.0, 0.755362, 0.545253, 0.36349, 0.393861, -0.529385, 0.180809, 0.828892, -0.0, 0.0, 0.0, 0.0, 1.0]
            ]
        },
        {
            "name": "Hand_R",
            "time": [0.0, 0.3333, 0.6667, 1.0, 2.0, 2.8333, 3.6667, 4.3333, 5.3333],
            "transform": [
                [1.0, 7e-06, -1.2e-05, -0.0, -1.4e-05, 0.476878, -0.878971, 0.3, -1e-06, 0.878969, 0.476878, -0.0, 0.0, 0.0, 0.0, 1.0],
                [0.999999, 5e-06, -1.3e-05, -0.0, -1.3e-05, 0.301961, -0.953323, 0.3, -1e-06, 0.953317, 0.301963, 0.0, 0.0, 0.0, 0.0, 1.0],
                [1.000001, 9e-06, -1.1e-05, 0.0, -1.4e-05, 0.603257, -0.797546, 0.3, -0.0, 0.797547, 0.603256, 1e-06, 0.0, 0.0, 0.0, 1.0],
                [1.0, 1.4e-05, -4e-06, 1e-06, -1.5e-05, 0.956614, -0.291353, 0.3, -0.0, 0.291352, 0.956617, -0.0, 0.0, 0.0, 0.0, 1.0],
                [1.0, 7e-06, -1.2e-05, -0.0, -1.4e-05, 0.453526, -0.891245, 0.3, -0.0, 0.89124, 0.453528, 0.0, 0.0, 0.0, 0.0, 1.0],
                [1.0, 5e-06, -1.2e-05, -0.0, -1.3e-05, 0.342535, -0.939508, 0.3, -1e-06, 0.939501, 0.342538, -1e-06, 0.0, 0.0, 0.0, 1.0],
                [1.000001, 8e-06, -1.1e-05, 0.0, -1.4e-05, 0.58004, -0.814588, 0.3, -1e-06, 0.814587, 0.58004, 0.0, 0.0, 0.0, 0.0, 1.0],
                [0.999999, 1.3e-05, -6e-06, 0.0, -1.4e-05, 0.891897, -0.452241, 0.3, -1e-06, 0.452241, 0.891896, 0.0, 0.0, 0.0, 0.0, 1.0],
                [0.999998, 1.1e-05, -8e-06, 0.0, -1.4e-05, 0.766167, -0.642643, 0.3, -1e-06, 0.642641, 0.766168, 0.0, 0.0, 0.0, 0.0, 1.0]
            ]
        },
        {
            "name": "Tool_R",
            "time": [0.0, 0.3333, 0.6667, 1.0, 2.0, 2.8333, 3.6667, 4.3333, 5.3333],
            "transform": [
                [0.847091, -0.427107, 0.31663, -0.0, 0.233408, -0.236975, -0.942544, 0.272858, 0.477446, 0.872595, -0.100881, 0.0, 0.0, 0.0, 0.0, 1.0],
                [0.729194, -0.679259, -0.083145, -0.0, 0.653059, 0.727011, -0.212113, 0.272858, 0.204422, 0.100323, 0.973094, -0.0, 0.0, 0.0, 0.0, 1.0],
                [-0.774325, -0.586446, -0.237872, -0.0, 0.626117, -0.655537, -0.422277, 0.272859, 0.091662, -0.475764, 0.874022, 0.0, 0.0, 0.0, 0.0, 1.0],
                [-0.154038, -0.314375, -0.936248, -1e-06, 0.903165, 0.340066, -0.262358, 0.272857, 0.400713, -0.88629, 0.231151, 0.0, 0.0, 0.0, 0.0, 1.0],
                [-0.247928, -0.293693, -0.922739, -1e-06, 0.964543, 0.014279, -0.263412, 0.272858, 0.090496, -0.955789, 0.279268, 0.0, 0.0, 0.0, 0.0, 1.0],
                [-0.604157, 0.157982, -0.780921, 0.0, 0.044037, -0.972066, -0.230511, 0.272858, -0.795645, -0.173567, 0.579529, -0.0, 0.0, 0.0, 0.0, 1.0],
                [0.526729, -0.841214, 0.122744, 0.0, -0.627401, -0.482004, -0.611587, 0.272858, 0.573523, 0.244997, -0.780842, -0.0, 0.0, 0.0, 0.0, 1.0],
                [0.89931, -0.296355, -0.321637, 0.0, -0.358064, -0.075991, -0.930073, 0.272858, 0.251056, 0.952051, -0.17416, 0.0, 0.0, 0.0, 0.0, 1.0],
                [0.954654, 0.123267, -0.270903, 1e-06, -0.262861, -0.078927, -0.961038, 0.272858, -0.139769, 0.989229, -0.04288, -0.0, 0.0, 0.0, 0.0, 1.0]
            ]
        },
        {
            "name": "Elbow_R",
            "time": [0.0, 0.3333, 0.6667, 1.0, 2.0, 2.8333, 3.6667, 4.3333, 5.3333],
            "transform": [
                [-1.0, 0.0, -0.0, -0.0, -0.0, 0.0, -1.0, 0.3, -0.0, -1.0, 0.0, -0.0, 0.0, 0.0, 0.0, 1.0],
                [-1.0, 0.0, -0.0, -0.0, 0.0, -0.0, -1.0, 0.3, -0.0, -1.0, 0.0, 0.0, 0.0, 0.0, 0.0, 1.0],
                [-1.0, 0.0, -0.0, 0.0, 0.0, -0.0, -1.0, 0.3, -0.0, -1.0, 0.0, 1e-06, 0.0, 0.0, 0.0, 1.0],
                [-1.0, 0.0, -0.0, 1e-06, 0.0, -0.0, -1.0, 0.3, -0.0, -1.0, 0.0, -0.0, 0.0, 0.0, 0.0, 1.0],
                [-1.0, 0.0, -0.0, -0.0, 0.0, -0.0, -1.0, 0.3, -0.0, -1.0, 0.0, 0.0, 0.0, 0.0, 0.0, 1.0],
                [-1.0, 0.0, -0.0, -0.0, -0.0, -0.0, -1.0, 0.3, -0.0, -1.0, 0.0, -1e-06, 0.0, 0.0, 0.0, 1.0],
                [-1.0, 0.0, -0.0, 0.0, -0.0, -0.0, -1.0, 0.3, -0.0, -1.0, 0.0, 0.0, 0.0, 0.0, 0.0, 1.0],
                [-1.0, 0.0, -0.0, 0.0, 0.0, -0.0, -1.0, 0.3, -0.0, -1.0, 0.0, 0.0, 0.0, 0.0, 0.0, 1.0],
                [-1.0, 0.0, -0.0, 0.0, 0.0, -0.0, -1.0, 0.3, -0.0, -1.0, 0.0, 0.0, 0.0, 0.0, 0.0, 1.0]
            ]
        },
        {
            "name": "Shoulder_L",
            "time": [0.0, 0.3333, 0.6667, 1.0, 2.0, 2.8333, 3.6667, 4.3333, 5.3333],
            "transform": [
                [0.094204, -0.995476, -0.012372, 0.0, -0.89722, -0.079507, -0.434369, 0.4, 0.43142, 0.05202, -0.900651, -0.0, 0.0, 0.0, 0.0, 1.0],
                [0.232146, -0.96774, -0.097922, 0.0, -0.898625, -0.174853, -0.402366, 0.4, 0.372263, 0.181403, -0.910227, -0.0, 0.0, 0.0, 0.0, 1.0],
                [-0.141867, -0.963951, -0.225105, 0.0, -0.98848, 0.125838, 0.084097, 0.4, -0.052739, 0.234442, -0.970699, -0.0, 0.0, 0.0, 0.0, 1.0],
                [-0.069697, -0.384339, -0.920558, -0.0, -0.943832, -0.273377, 0.185596, 0.4, -0.322991, 0.881787, -0.343698, 0.0, 0.0, 0.0, 0.0, 1.0],
                [0.032211, -0.799262, 0.600119, 0.0, -0.967269, -0.176134, -0.182665, 0.4, 0.251698, -0.574593, -0.778775, 0.0, 0.0, 0.0, 0.0, 1.0],
                [-0.484322, -0.46596, 0.740482, 0.0, -0.760333, 0.642876, -0.092765, 0.4, -0.432813, -0.60794, -0.665643, -0.0, 0.0, 0.0, 0.0, 1.0],
                [0.157522, -0.980325, -0.118954, -0.0, -0.957167, -0.121936, -0.262607, 0.4, 0.242935, 0.155225, -0.957543, -1e-06, 0.0, 0.0, 0.0, 1.0],
                [0.163204, -0.975368, 0.1484, 0.0, -0.914554, -0.205988, -0.348079, 0.4, 0.370073, -0.078912, -0.925645, -0.0, 0.0, 0.0, 0.0, 1.0],
                [0.326666, -0.942251, 0.073836, -0.0, -0.863643, -0.329321, -0.381666, 0.4, 0.383941, 0.060909, -0.921347, 0.0, 0.0, 0.0, 0.0, 1.0]
            ]
        },
        {
            "name": "Arm_L",
            "time": [0.0, 0.3333, 0.6667, 1.0, 2.0, 2.8333, 3.6667, 4.3333, 5.3333],
            "transform": [
                [0.694815, 0.601503, -0.394241, 0.0, -0.660623, 0.75047, -0.019281, 0.39386, 0.284269, 0.273841, 0.918805, -0.0, 0.0, 0.0, 0.0, 1.0],
                [0.871119, 0.271107, -0.409455, 0.0, -0.193207, 0.955764, 0.22178, 0.39386, 0.451469, -0.114087, 0.884963, -0.0, 0.0, 0.0, 0.0, 1.0],
                [0.980698, -0.014357, 0.195004, -0.0, -0.013213, 0.990155, 0.139347, 0.393861, -0.195085, -0.139234, 0.970853, -0.0, 0.0, 0.0, 0.0, 1.0],
                [0.809946, 0.506411, 0.295863, -0.0, -0.47044, 0.862194, -0.187904, 0.39386, -0.350248, 0.013006, 0.936566, -1e-06, 0.0, 0.0, 0.0, 1.0],
                [0.6592, 0.476001, -0.582133, 0.0, -0.374467, 0.879127, 0.294806, 0.393861, 0.652097, 0.023653, 0.757766, -0.0, 0.0, 0.0, 0.0, 1.0],
                [0.81788, 0.187602, -0.543947, 0.0, -0.48408, 0.735362, -0.474245, 0.393861, 0.311029, 0.651189, 0.692253, -1e-06, 0.0, 0.0, 0.0, 1.0],
                [0.748111, 0.595009, -0.293758, 0.0, -0.663408, 0.660764, -0.351113, 0.39386, -0.014811, 0.457553, 0.889059, -0.0, 0.0, 0.0, 0.0, 1.0],
                [0.550675, 0.782088, -0.291712, 0.0, -0.817963, 0.575269, -0.001785, 0.393861, 0.166416, 0.239593, 0.956504, -0.0, 0.0, 0.0, 0.0, 1.0],
                [0.589833, 0.802066, -0.093741, 0.0, -0.801619, 0.595575, 0.051944, 0.393861, 0.097493, 0.044506, 0.99424, 0.0, 0.0, 0.0, 0.0, 1.0]
            ]
        },
        {
            "name": "Hand_L",
            "time": [0.0, 0.3333, 0.6667, 1.0, 2.0, 2.8333, 3.6667, 4.3333, 5.3333],
            "transform": [
                [1.0, -4e-06, -3e-06, -0.0, -5e-06, -0.581744, -0.813372, 0.3, 1e-06, 0.813372, -0.581744, -0.0, 0.0, 0.0, 0.0, 1.0],
                [1.0, -3e-06, -4e-06, 0.0, -5e-06, -0.384334, -0.923193, 0.300001, 1e-06, 0.923195, -0.384333, 0.0, 0.0, 0.0, 0.0, 1.0],
                [1.0, -1e-06, -4e-06, 0.0, -4e-06, -0.020498, -0.99979, 0.3, 1e-06, 0.99979, -0.020498, -0.0, 0.0, 0.0, 0.0, 1.0],
                [1.0, -2e-06, -4e-06, 0.0, -5e-06, -0.206895, -0.978363, 0.3, 1e-06, 0.978363, -0.206895, -0.0, 0.0, 0.0, 0.0, 1.0],
                [1.0, 1e-06, -4e-06, -0.0, -4e-06, 0.423581, -0.905858, 0.3, 1e-06, 0.905859, 0.42358, -0.0, 0.0, 0.0, 0.0, 1.0],
                [1.0, 0.0, -5e-06, 0.0, -5e-06, 0.177034, -0.984205, 0.3, 1e-06, 0.984204, 0.177034, 0.0, 0.0, 0.0, 0.0, 1.0],
                [1.0, 2e-06, -4e-06, -0.0, -5e-06, 0.603314, -0.797504, 0.3, 1e-06, 0.797504, 0.603314, -0.0, 0.0, 0.0, 0.0, 1.0],
                [1.0, 3e-06, -4e-06, 0.0, -5e-06, 0.710942, -0.703251, 0.3, 1e-06, 0.703251, 0.710942, 0.0, 0.0, 0.0, 0.0, 1.0],
                [1.0, 4e-06, -3e-06, -0.0, -5e-06, 0.85298, -0.521945, 0.3, 1e-06, 0.521945, 0.85298, 0.0, 0.0, 0.0, 0.0, 1.0]
            ]
        },
        {
            "name": "Tool_L",
            "time": [0.0, 0.3333, 0.6667, 1.0, 2.0, 2.8333, 3.6667, 4.3333, 5.3333],
            "transform": [
                [-0.679998, -0.662308, -0.314863, 0.0, 0.679786, -0.408315, -0.609167, 0.272858, 0.274761, -0.628195, 0.72705, 0.0, 0.0, 0.0, 0.0, 1.0],
                [-0.646671, -0.004421, -0.762377, 0.0, 0.692216, -0.423851, -0.583995, 0.272858, -0.320397, -0.905722, 0.276683, -0.0, 0.0, 0.0, 0.0, 1.0],
                [-0.039219, 0.327413, -0.943625, -0.0, 0.962773, 0.265532, 0.051976, 0.272858, 0.267454, -0.906804, -0.325103, 0.0, 0.0, 0.0, 0.0, 1.0],
                [0.111782, -0.177154, -0.977262, 0.0, 0.269994, 0.952454, -0.141631, 0.272857, 0.956351, -0.247886, 0.154028, 0.0, 0.0, 0.0, 0.0, 1.0],
                [0.041826, -0.545296, -0.836819, -0.0, 0.596364, 0.686183, -0.416798, 0.272859, 0.801624, -0.481461, 0.35332, 0.0, 0.0, 0.0, 0.0, 1.0],
                [0.140663, 0.072251, -0.98686, 0.0, 0.268569, -0.962797, -0.032207, 0.272858, -0.952936, -0.260387, -0.154565, 0.0, 0.0, 0.0, 0.0, 1.0],
                [-0.314294, -0.683897, -0.658362, 0.0, 0.826436, 0.144599, -0.544083, 0.272859, 0.467146, -0.715105, 0.518995, 0.0, 0.0, 0.0, 0.0, 1.0],
                [-0.591043, -0.698522, -0.403706, -1e-06, 0.640651, -0.101913, -0.760788, 0.272858, 0.490138, -0.708294, 0.506998, -0.0, 0.0, 0.0, 0.0, 1.0],
                [-0.345173, -0.916775, -0.20148, 1e-06, 0.263396, 0.111655, -0.957701, 0.272858, 0.90082, -0.383482, 0.202578, 0.0, 0.0, 0.0, 0.0, 1.0]
            ]
        },
        {
            "name": "Elbow_L",
            "time": [0.0, 0.3333, 0.6667, 1.0, 2.0, 2.8333, 3.6667, 4.3333, 5.3333],
            "transform": [
                [-1.0, 0.0, -0.0, -0.0, 0.0, 0.0, -1.0, 0.3, -0.0, -1.0, 0.0, -0.0, 0.0, 0.0, 0.0, 1.0],
                [-1.0, 0.0, -0.0, 0.0, 0.0, -0.0, -1.0, 0.300001, -0.0, -1.0, 0.0, 0.0, 0.0, 0.0, 0.0, 1.0],
                [-1.0, 0.0, -0.0, 0.0, -0.0, -0.0, -1.0, 0.3, -0.0, -1.0, -0.0, -0.0, 0.0, 0.0, 0.0, 1.0],
                [-1.0, 0.0, -0.0, 0.0, 0.0, -0.0, -1.0, 0.3, -0.0, -1.0, -0.0, -0.0, 0.0, 0.0, 0.0, 1.0],
                [-1.0, 0.0, -0.0, -0.0, 0.0, -0.0, -1.0, 0.3, -0.0, -1.0, -0.0, -0.0, 0.0, 0.0, 0.0, 1.0],
                [-1.0, 0.0, -0.0, 0.0, 0.0, -0.0, -1.0, 0.3, -0.0, -1.0, -0.0, 0.0, 0.0, 0.0, 0.0, 1.0],
                [-1.0, 0.0, -0.0, -0.0, 0.0, -0.0, -1.0, 0.3, -0.0, -1.0, 0.0, -0.0, 0.0, 0.0, 0.0, 1.0],
                [-1.0, 0.0, -0.0, 0.0, 0.0, -0.0, -1.0, 0.3, -0.0, -1.0, -0.0, 0.0, 0.0, 0.0, 0.0, 1.0],
                [-1.0, 0.0, -0.0, -0.0, 0.0, -0.0, -1.0, 0.3, -0.0, -1.0, -0.0, 0.0, 0.0, 0.0, 0.0, 1.0]
            ]
        }
    ]
}