{
    "animation": [
        {
            "name": "Root",
            "time": [0.0, 0.3, 0.7, 0.8333, 0.8667, 0.9, 0.9333, 0.9667, 1.0, 1.0333, 1.1667, 1.2, 1.3, 1.3667, 1.5, 1.6667],
            "transform": [
                [1.0, -0.0, 0.0, -2.2e-05, 0.0, -0.0, -1.0, 4.1e-05, 0.0, 1.0, -0.0, 0.657943, 0.0, 0.0, 0.0, 1.0],
                [1.0, -0.0, 0.0, 0.023461, 0.0, -0.0, -1.0, 0.224058, 0.0, 1.0, -0.0, 0.572682, 0.0, 0.0, 0.0, 1.0],
                [1.0, -0.0, 0.0, 0.074827, 0.0, -0.0, -1.0, 0.678304, 0.0, 1.0, -0.0, 0.657943, 0.0, 0.0, 0.0, 1.0],
                [1.0, -0.0, 0.0, 0.091912, 0.0, -0.0, -1.0, 0.960915, 0.0, 1.0, -0.0, 0.981933, 0.0, 0.0, 0.0, 1.0],
                [1.0, -0.0, 0.0, 0.179142, 0.0, -0.0, -1.0, 1.097661, 0.0, 1.0, -0.0, 1.001354, 0.0, 0.0, 0.0, 1.0],
                [1.0, -0.0, 0.0, 0.298022, 0.0, -0.0, -1.0, 1.271118, 0.0, 1.0, -0.0, 1.025038, 0.0, 0.0, 0.0, 1.0],
                [1.0, -0.0, 0.0, 0.376551, 0.0, -0.0, -1.0, 1.40232, 0.0, 1.0, -0.0, 1.066484, 0.0, 0.0, 0.0, 1.0],
                [1.0, -0.0, 0.0, 0.406165, 0.0, -0.0, -1.0, 1.53578, 0.0, 1.0, -0.0, 1.096088, 0.0, 0.0, 0.0, 1.0],
                [1.0, -0.0, 0.0, 0.428255, 0.0, -0.0, -1.0, 1.669826, 0.0, 1.0, -0.0, 1.143455, 0.0, 0.0, 0.0, 1.0],
                [1.0, -0.0, 0.0, 0.465026, 0.0, -0.0, -1.0, 1.802788, 0.0, 1.0, -0.0, 3.065069, 0.0, 0.0, 0.0, 1.0],
                [1.0, -0.0, 0.0, 0.519462, 0.0, -0.0, -1.0, 2.290353, 0.0, 1.0, -0.0, 5.007675, 0.0, 0.0, 0.0, 1.0],
                [1.0, -0.0, 0.0, 0.511941, 0.0, -0.0, -1.0, 2.392815, 0.0, 1.0, -0.0, 5.35303, 0.0, 0.0, 0.0, 1.0],
                [1.0, -0.0, 0.0, 0.484977, 0.0, -0.0, -1.0, 2.62503, 0.0, 1.0, -0.0, 5.896637, 0.0, 0.0, 0.0, 1.0],
                [1.0, -0.0, 0.0, 0.384767, 0.0, -0.0, -1.0, 2.779839, 0.0, 1.0, -0.0, 6.252631, 0.0, 0.0, 0.0, 1.0],
                [1.0, -0.0, 0.0, 0.305272, 0.0, -0.0, -1.0, 2.79397, 0.0, 1.0, -0.0, 6.358959, 0.0, 0.0, 0.0, 1.0],
                [0.999997, 0.002329, 0.0, 0.079658, 0.0, -0.0, -1.0, 2.80643, -0.002329, 0.999997, -0.0, 6.35289, 0.0, 0.0, 0.0, 1.0]
            ]
        },
        {
            "name": "Thigh_R",
            "time": [0.0, 0.3, 0.7, 0.8333, 0.8667, 0.9, 0.9333, 0.9667, 1.0, 1.0333, 1.1667, 1.2, 1.3, 1.3667, 1.5, 1.6667],
            "transform": [
                [0.589233, 0.231014, 0.774233, 0.124994, 0.263976, -0.960709, 0.085755, -0.002831, 0.763624, 0.153849, -0.627064, -1.2e-05, 0.0, 0.0, 0.0, 1.0],
                [0.873622, 0.367238, 0.319252, 0.124994, 0.264827, -0.909228, 0.321202, -0.002831, 0.40823, -0.196062, -0.891576, -1.2e-05, 0.0, 0.0, 0.0, 1.0],
                [0.988449, 0.134277, 0.070279, 0.124994, 0.134701, -0.990885, -0.001305, -0.002831, 0.069463, 0.010757, -0.997526, -1.2e-05, 0.0, 0.0, 0.0, 1.0],
                [0.391408, -0.090325, -0.915773, 0.01177, -0.197185, -0.980288, 0.01241, -0.035137, -0.898842, 0.17572, -0.401503, -0.084374, 0.0, 0.0, 0.0, 1.0],
                [0.167904, -0.263379, -0.949968, 0.01754, -0.23751, -0.94607, 0.220318, -0.063435, -0.956764, 0.188635, -0.221404, -0.090384, 0.0, 0.0, 0.0, 1.0],
                [-0.033548, -0.467326, -0.883448, -0.016819, -0.227289, -0.857217, 0.46208, -0.066419, -0.973249, 0.2163, -0.07746, -0.088717, 0.0, 0.0, 0.0, 1.0],
                [-0.223232, -0.633122, -0.741164, -0.012992, -0.194023, -0.716277, 0.6703, -0.038893, -0.95526, 0.293436, 0.037056, -0.08956, 0.0, 0.0, 0.0, 1.0],
                [-0.411985, -0.705271, -0.576942, -0.073341, -0.154642, -0.56987, 0.807053, -0.057627, -0.897972, 0.421713, 0.125714, -0.058831, 0.0, 0.0, 0.0, 1.0],
                [-0.598358, -0.66496, -0.446986, -0.068745, -0.115071, -0.480773, 0.869262, -0.056539, -0.792923, 0.571565, 0.211157, -0.092493, 0.0, 0.0, 0.0, 1.0],
                [-0.775879, -0.527107, -0.346655, -0.048673, -0.072022, -0.47188, 0.878716, -0.03904, -0.626757, 0.706744, 0.328158, -0.107356, 0.0, 0.0, 0.0, 1.0],
                [-0.930685, 0.112292, 0.348162, -0.058767, 0.15447, -0.742087, 0.652262, -0.013959, 0.33161, 0.660831, 0.673303, 0.094665, 0.0, 0.0, 0.0, 1.0],
                [-0.835903, 0.191282, 0.514468, -0.04191, 0.190857, -0.777524, 0.599191, -0.032935, 0.514625, 0.599056, 0.613427, 0.12807, 0.0, 0.0, 0.0, 1.0],
                [-0.514127, 0.437408, 0.737799, 0.026304, 0.198752, -0.776024, 0.598568, -0.005901, 0.834369, 0.454379, 0.312039, 0.139145, 0.0, 0.0, 0.0, 1.0],
                [-0.234866, 0.552775, 0.799549, 0.058911, 0.203721, -0.776296, 0.596542, -0.003985, 0.95044, 0.302993, 0.069713, 0.129251, 0.0, 0.0, 0.0, 1.0],
                [0.091901, 0.764243, 0.638346, 0.093124, 0.212607, -0.641336, 0.737215, 0.020817, 0.972806, 0.067966, -0.221423, 0.085462, 0.0, 0.0, 0.0, 1.0],
                [0.54974, 0.820949, 0.154363, 0.124994, 0.270328, -0.349688, 0.897018, -0.002831, 0.790385, -0.451398, -0.414164, -1.2e-05, 0.0, 0.0, 0.0, 1.0]
            ]
        },
        {
            "name": "Leg_R",
            "time": [0.0, 0.3, 0.7, 0.8333, 0.8667, 0.9, 0.9333, 0.9667, 1.0, 1.0333, 1.1667, 1.2, 1.3, 1.3667, 1.5, 1.6667],
            "transform": [
                [1.0, 0.0, -1e-06, -0.0, 0.0, 0.932201, 0.361941, 0.37472, 1e-06, -0.361941, 0.932201, 0.0, 0.0, 0.0, 0.0, 1.0],
                [1.0, 0.0, -0.0, -0.0, 0.0, 0.260771, 0.965401, 0.37472, 0.0, -0.965401, 0.260771, 0.0, 0.0, 0.0, 0.0, 1.0],
                [1.0, 0.0, -0.0, -0.0, 0.0, 0.649305, 0.760528, 0.37472, 0.0, -0.760528, 0.649305, -0.0, 0.0, 0.0, 0.0, 1.0],
                [1.0, 0.0, -0.0, -0.0, 0.0, 0.778239, 0.627969, 0.37472, 0.0, -0.627969, 0.778238, -0.0, 0.0, 0.0, 0.0, 1.0],
                [1.0, 0.0, -0.0, 0.0, 0.0, 0.728039, 0.685535, 0.37472, 0.0, -0.685536, 0.728039, -0.0, 0.0, 0.0, 0.0, 1.0],
                [1.0, 0.0, -0.0, -0.0, 0.0, 0.654044, 0.756457, 0.37472, 1e-06, -0.756457, 0.654043, 0.0, 0.0, 0.0, 0.0, 1.0],
                [1.0, 0.0, -0.0, 0.0, 0.0, 0.566564, 0.824018, 0.37472, 0.0, -0.824018, 0.566564, -0.0, 0.0, 0.0, 0.0, 1.0],
                [1.0, 0.0, -0.0, 0.0, 0.0, 0.480931, 0.876759, 0.37472, 0.0, -0.876759, 0.48093, -0.0, 0.0, 0.0, 0.0, 1.0],
                [1.0, 0.0, -0.0, -0.0, 0.0, 0.415888, 0.909416, 0.37472, 0.0, -0.909416, 0.415888, 0.0, 0.0, 0.0, 0.0, 1.0],
                [1.0, 0.0, -0.0, 0.0, 0.0, 0.375703, 0.92674, 0.37472, 0.0, -0.92674, 0.375703, 0.0, 0.0, 0.0, 0.0, 1.0],
                [1.0, 0.0, -0.0, 0.0, 0.0, 0.315099, 0.949059, 0.37472, 0.0, -0.949059, 0.315099, 0.0, 0.0, 0.0, 0.0, 1.0],
                [1.0, 0.0, -0.0, 0.0, 0.0, 0.305637, 0.952148, 0.37472, 0.0, -0.952149, 0.305637, 1e-06, 0.0, 0.0, 0.0, 1.0],
                [1.0, 0.0, -0.0, 0.0, 0.0, 0.301052, 0.953608, 0.37472, 0.0, -0.953608, 0.301052, -0.0, 0.0, 0.0, 0.0, 1.0],
                [1.0, 0.0, -0.0, -0.0, 0.0, 0.297992, 0.954568, 0.37472, 0.0, -0.954569, 0.297992, -0.0, 0.0, 0.0, 0.0, 1.0],
                [1.0, 0.0, -0.0, -0.0, 0.0, 0.114222, 0.993455, 0.374721, 0.0, -0.993455, 0.114222, -0.0, 0.0, 0.0, 0.0, 1.0],
                [1.0, 0.0, 0.0, -0.0, 0.0, -0.3196, 0.947553, 0.37472, 0.0, -0.947553, -0.3196, 0.0, 0.0, 0.0, 0.0, 1.0]
            ]
        },
        {
            "name": "Knee_R",
            "time": [0.0, 0.3, 0.7, 0.8333, 0.8667, 0.9, 0.9333, 0.9667, 1.0, 1.0333, 1.1667, 1.2, 1.3, 1.3667, 1.5, 1.6667],
            "transform": [
                [1.0, 0.0, -0.0, -0.0, -0.0, 1e-06, -1.0, 0.37472, -0.0, 1.0, 1e-06, 0.0, 0.0, 0.0, 0.0, 1.0],
                [1.0, 0.0, -0.0, -0.0, -0.0, 1e-06, -1.0, 0.37472, -0.0, 1.0, 1e-06, 0.0, 0.0, 0.0, 0.0, 1.0],
                [1.0, 0.0, -0.0, -0.0, -0.0, 1e-06, -1.0, 0.37472, -0.0, 1.0, 1e-06, -0.0, 0.0, 0.0, 0.0, 1.0],
                [1.0, 0.0, -0.0, -0.0, -0.0, 1e-06, -1.0, 0.37472, -0.0, 1.0, 1e-06, -0.0, 0.0, 0.0, 0.0, 1.0],
                [1.0, 0.0, -0.0, 0.0, -0.0, 1e-06, -1.0, 0.37472, -0.0, 1.0, 1e-06, -0.0, 0.0, 0.0, 0.0, 1.0],
                [1.0, 0.0, -0.0, -0.0, -0.0, 1e-06, -1.0, 0.37472, -0.0, 1.0, 1e-06, 0.0, 0.0, 0.0, 0.0, 1.0],
                [1.0, 0.0, -0.0, 0.0, -0.0, 1e-06, -1.0, 0.37472, -0.0, 1.0, 1e-06, -0.0, 0.0, 0.0, 0.0, 1.0],
                [1.0, 0.0, -0.0, 0.0, -0.0, 1e-06, -1.0, 0.37472, -0.0, 1.0, 1e-06, -0.0, 0.0, 0.0, 0.0, 1.0],
                [1.0, 0.0, -0.0, -0.0, -0.0, 1e-06, -1.0, 0.37472, -0.0, 1.0, 1e-06, 0.0, 0.0, 0.0, 0.0, 1.0],
                [1.0, 0.0, -0.0, 0.0, -0.0, 1e-06, -1.0, 0.37472, -0.0, 1.0, 1e-06, 0.0, 0.0, 0.0, 0.0, 1.0],
                [1.0, 0.0, -0.0, 0.0, -0.0, 1e-06, -1.0, 0.37472, -0.0, 1.0, 1e-06, 0.0, 0.0, 0.0, 0.0, 1.0],
                [1.0, 0.0, -0.0, 0.0, -0.0, 1e-06, -1.0, 0.37472, -0.0, 1.0, 1e-06, 1e-06, 0.0, 0.0, 0.0, 1.0],
                [1.0, 0.0, -0.0, 0.0, -0.0, 1e-06, -1.0, 0.37472, -0.0, 1.0, 1e-06, -0.0, 0.0, 0.0, 0.0, 1.0],
                [1.0, 0.0, -0.0, -0.0, -0.0, 1e-06, -1.0, 0.37472, -0.0, 1.0, 1e-06, -0.0, 0.0, 0.0, 0.0, 1.0],
                [1.0, 0.0, -0.0, -0.0, -0.0, 1e-06, -1.0, 0.374721, -0.0, 1.0, 1e-06, -0.0, 0.0, 0.0, 0.0, 1.0],
                [1.0, 0.0, -0.0, -0.0, -0.0, 1e-06, -1.0, 0.37472, -0.0, 1.0, 1e-06, 0.0, 0.0, 0.0, 0.0, 1.0]
            ]
        },
        {
            "name": "Thigh_L",
            "time": [0.0, 0.3, 0.7, 0.8333, 0.8667, 0.9, 0.9333, 0.9667, 1.0, 1.0333, 1.1667, 1.2, 1.3, 1.3667, 1.5, 1.6667],
            "transform": [
                [0.893311, -0.046856, 0.446989, -0.125006, -0.213767, -0.919147, 0.330867, -0.002831, 0.395345, -0.391119, -0.831101, -1.2e-05, 0.0, 0.0, 0.0, 1.0],
                [0.977359, -0.152378, -0.146795, -0.125006, 0.027246, -0.597375, 0.801499, -0.002831, -0.209822, -0.787352, -0.579699, -1.2e-05, 0.0, 0.0, 0.0, 1.0],
                [0.698941, -0.481028, -0.529238, -0.087951, -0.022802, -0.754622, 0.655764, -0.034033, -0.714815, -0.446273, -0.538405, 0.082288, 0.0, 0.0, 0.0, 1.0],
                [0.359137, -0.350962, -0.864781, -0.016419, -0.282556, -0.924001, 0.257652, 0.052604, -0.889484, 0.151817, -0.43101, 0.160924, 0.0, 0.0, 0.0, 1.0],
                [0.034007, -0.448996, -0.892886, 0.010913, -0.306177, -0.855127, 0.418346, 0.057217, -0.951366, 0.259155, -0.166553, 0.150522, 0.0, 0.0, 0.0, 1.0],
                [-0.373642, -0.545439, -0.750259, 0.036399, -0.213014, -0.736768, 0.641715, 0.053048, -0.902782, 0.399588, 0.159101, 0.164796, 0.0, 0.0, 0.0, 1.0],
                [-0.724538, -0.54541, -0.421393, 0.021027, -0.01354, -0.600012, 0.799876, 0.044809, -0.689101, 0.585247, 0.427347, 0.174304, 0.0, 0.0, 0.0, 1.0],
                [-0.909333, -0.415012, -0.029617, 0.08528, 0.2013, -0.501132, 0.841632, 0.047059, -0.364129, 0.759363, 0.539238, 0.120813, 0.0, 0.0, 0.0, 1.0],
                [-0.942104, -0.207338, 0.263534, 0.11508, 0.331954, -0.465624, 0.820367, -0.006159, -0.047386, 0.860353, 0.507492, 0.06243, 0.0, 0.0, 0.0, 1.0],
                [-0.902732, 0.015442, 0.429926, 0.135531, 0.3705, -0.479997, 0.795193, -0.008339, 0.218642, 0.877135, 0.427587, 0.047315, 0.0, 0.0, 0.0, 1.0],
                [-0.367516, 0.601906, 0.708972, 0.131863, 0.222595, -0.683234, 0.695444, -0.03527, 0.902985, 0.413401, 0.117117, -0.070779, 0.0, 0.0, 0.0, 1.0],
                [-0.195907, 0.653773, 0.730891, 0.114389, 0.190807, -0.705674, 0.682361, -0.035108, 0.96188, 0.273139, 0.013501, -0.069794, 0.0, 0.0, 0.0, 1.0],
                [0.237299, 0.770893, 0.591112, 0.043695, 0.15827, -0.631043, 0.759431, -0.000693, 0.958456, -0.086656, -0.271756, -0.08197, 0.0, 0.0, 0.0, 1.0],
                [0.504822, 0.748812, 0.42946, 0.069752, 0.163456, -0.571427, 0.804209, -0.044601, 0.847606, -0.335785, -0.410867, -0.100866, 0.0, 0.0, 0.0, 1.0],
                [0.826519, 0.550127, 0.119276, -0.010079, 0.296296, -0.605336, 0.738767, -0.048556, 0.478618, -0.575265, -0.663322, -0.123774, 0.0, 0.0, 0.0, 1.0],
                [0.937786, -0.007905, -0.347123, -0.125006, 0.193605, -0.817993, 0.541668, -0.002831, -0.288226, -0.575174, -0.765572, -1.2e-05, 0.0, 0.0, 0.0, 1.0]
            ]
        },
        {
            "name": "Leg_L",
            "time": [0.0, 0.3, 0.7, 0.8333, 0.8667, 0.9, 0.9333, 0.9667, 1.0, 1.0333, 1.1667, 1.2, 1.3, 1.3667, 1.5, 1.6667],
            "transform": [
                [1.0, -0.0, 0.0, 0.0, -0.0, 0.862422, 0.50619, 0.37472, -0.0, -0.50619, 0.862422, 0.0, 0.0, 0.0, 0.0, 1.0],
                [1.0, -0.0, 0.0, 0.0, -0.0, 0.529077, 0.848574, 0.37472, -0.0, -0.848575, 0.529077, -0.0, 0.0, 0.0, 0.0, 1.0],
                [1.0, -0.0, -0.0, -0.0, 0.0, 0.533744, 0.845646, 0.37472, -0.0, -0.845647, 0.533744, 0.0, 0.0, 0.0, 0.0, 1.0],
                [1.0, -0.0, 0.0, 0.0, 0.0, 0.859235, 0.511582, 0.37472, -0.0, -0.511582, 0.859235, 0.0, 0.0, 0.0, 0.0, 1.0],
                [1.0, -0.0, 0.0, -0.0, 0.0, 0.771399, 0.636352, 0.37472, -0.0, -0.636353, 0.771399, -0.0, 0.0, 0.0, 0.0, 1.0],
                [1.0, -0.0, -0.0, 0.0, 0.0, 0.608894, 0.793252, 0.37472, -0.0, -0.793252, 0.608894, -0.0, 0.0, 0.0, 0.0, 1.0],
                [1.0, -0.0, 0.0, -0.0, 0.0, 0.390618, 0.920553, 0.37472, -0.0, -0.920554, 0.390617, 0.0, 0.0, 0.0, 0.0, 1.0],
                [1.0, -0.0, -0.0, 0.0, 0.0, 0.166905, 0.985973, 0.37472, -0.0, -0.985974, 0.166905, -0.0, 0.0, 0.0, 0.0, 1.0],
                [1.0, -0.0, -0.0, 0.0, -0.0, 0.000498, 1.0, 0.37472, -0.0, -1.0, 0.000498, -0.0, 0.0, 0.0, 0.0, 1.0],
                [1.0, -0.0, 0.0, 0.0, -0.0, -0.096954, 0.995289, 0.37472, -0.0, -0.995289, -0.096954, 0.0, 0.0, 0.0, 0.0, 1.0],
                [1.0, -0.0, 0.0, 0.0, -0.0, -0.239927, 0.970791, 0.37472, -0.0, -0.970792, -0.239927, -0.0, 0.0, 0.0, 0.0, 1.0],
                [1.0, -0.0, 0.0, 0.0, -0.0, -0.265723, 0.96405, 0.37472, -0.0, -0.96405, -0.265723, -0.0, 0.0, 0.0, 0.0, 1.0],
                [1.0, -0.0, -0.0, -0.0, 0.0, -0.320684, 0.947186, 0.37472, -0.0, -0.947187, -0.320684, 0.0, 0.0, 0.0, 0.0, 1.0],
                [1.0, -0.0, -0.0, 0.0, 0.0, -0.356744, 0.934202, 0.37472, -0.0, -0.934203, -0.356744, -0.0, 0.0, 0.0, 0.0, 1.0],
                [1.0, -0.0, -0.0, 0.0, 0.0, -0.602321, 0.798254, 0.374721, -0.0, -0.798255, -0.60232, 0.0, 0.0, 0.0, 0.0, 1.0],
                [1.0, -0.0, -0.0, -0.0, 0.0, -0.769843, 0.638234, 0.374721, -0.0, -0.638234, -0.769843, 0.0, 0.0, 0.0, 0.0, 1.0]
            ]
        },
        {
            "name": "Knee_L",
            "time": [0.0, 0.3, 0.7, 0.8333, 0.8667, 0.9, 0.9333, 0.9667, 1.0, 1.0333, 1.1667, 1.2, 1.3, 1.3667, 1.5, 1.6667],
            "transform": [
                [1.0, 0.0, -0.0, 0.0, -0.0, 1e-06, -1.0, 0.37472, -0.0, 1.0, 1e-06, 0.0, 0.0, 0.0, 0.0, 1.0],
                [1.0, 0.0, -0.0, 0.0, -0.0, 1e-06, -1.0, 0.37472, -0.0, 1.0, 1e-06, -0.0, 0.0, 0.0, 0.0, 1.0],
                [1.0, 0.0, -0.0, -0.0, -0.0, 1e-06, -1.0, 0.37472, -0.0, 1.0, 1e-06, 0.0, 0.0, 0.0, 0.0, 1.0],
                [1.0, 0.0, -0.0, 0.0, -0.0, 1e-06, -1.0, 0.37472, -0.0, 1.0, 1e-06, 0.0, 0.0, 0.0, 0.0, 1.0],
                [1.0, 0.0, -0.0, -0.0, -0.0, 1e-06, -1.0, 0.37472, -0.0, 1.0, 1e-06, -0.0, 0.0, 0.0, 0.0, 1.0],
                [1.0, 0.0, -0.0, 0.0, -0.0, 1e-06, -1.0, 0.37472, -0.0, 1.0, 1e-06, -0.0, 0.0, 0.0, 0.0, 1.0],
                [1.0, 0.0, -0.0, -0.0, -0.0, 1e-06, -1.0, 0.37472, -0.0, 1.0, 1e-06, 0.0, 0.0, 0.0, 0.0, 1.0],
                [1.0, 0.0, -0.0, 0.0, -0.0, 1e-06, -1.0, 0.37472, -0.0, 1.0, 1e-06, -0.0, 0.0, 0.0, 0.0, 1.0],
                [1.0, 0.0, -0.0, 0.0, -0.0, 1e-06, -1.0, 0.37472, -0.0, 1.0, 1e-06, -0.0, 0.0, 0.0, 0.0, 1.0],
                [1.0, 0.0, -0.0, 0.0, -0.0, 1e-06, -1.0, 0.37472, -0.0, 1.0, 1e-06, 0.0, 0.0, 0.0, 0.0, 1.0],
                [1.0, 0.0, -0.0, 0.0, -0.0, 1e-06, -1.0, 0.37472, -0.0, 1.0, 1e-06, -0.0, 0.0, 0.0, 0.0, 1.0],
                [1.0, 0.0, -0.0, 0.0, -0.0, 1e-06, -1.0, 0.37472, -0.0, 1.0, 1e-06, -0.0, 0.0, 0.0, 0.0, 1.0],
                [1.0, 0.0, -0.0, -0.0, -0.0, 1e-06, -1.0, 0.37472, -0.0, 1.0, 1e-06, 0.0, 0.0, 0.0, 0.0, 1.0],
                [1.0, 0.0, -0.0, 0.0, -0.0, 1e-06, -1.0, 0.37472, -0.0, 1.0, 1e-06, -0.0, 0.0, 0.0, 0.0, 1.0],
                [1.0, 0.0, -0.0, 0.0, -0.0, 1e-06, -1.0, 0.374721, -0.0, 1.0, 1e-06, 0.0, 0.0, 0.0, 0.0, 1.0],
                [1.0, 0.0, -0.0, -0.0, -0.0, 1e-06, -1.0, 0.374721, -0.0, 1.0, 1e-06, 0.0, 0.0, 0.0, 0.0, 1.0]
            ]
        },
        {
            "name": "Torso",
            "time": [0.0, 0.3, 0.7, 0.8333, 0.8667, 0.9, 0.9333, 0.9667, 1.0, 1.0333, 1.1667, 1.2, 1.3, 1.3667, 1.5, 1.6667],
            "transform": [
                [0.701234, -0.067462, -0.709732, -0.0, 0.007342, 0.996144, -0.087433, 0.05, 0.712893, 0.056101, 0.699025, -0.0, 0.0, 0.0, 0.0, 1.0],
                [0.858387, 0.057829, -0.509732, 0.0, 0.074166, 0.969198, 0.23485, 0.05, 0.507612, -0.239397, 0.827658, 0.0, 0.0, 0.0, 0.0, 1.0],
                [0.728652, 0.067559, 0.681543, 0.0, -0.109516, 0.993812, 0.018572, 0.05, -0.676071, -0.088172, 0.731542, -0.0, 0.0, 0.0, 0.0, 1.0],
                [0.20636, -0.040299, 0.977646, 0.0, -0.501581, 0.853534, 0.141056, 0.05, -0.840138, -0.519478, 0.155922, 0.0, 0.0, 0.0, 0.0, 1.0],
                [0.009481, -0.071905, 0.997366, 0.0, -0.516391, 0.85377, 0.066461, 0.05, -0.8563, -0.515662, -0.029036, -0.0, 0.0, 0.0, 0.0, 1.0],
                [-0.215992, -0.080956, 0.973033, 0.0, -0.472115, 0.880974, -0.031502, 0.05, -0.854666, -0.466188, -0.228504, -0.0, 0.0, 0.0, 0.0, 1.0],
                [-0.444715, -0.065476, 0.893276, 0.0, -0.385322, 0.914302, -0.124815, 0.05, -0.808551, -0.399706, -0.431833, -0.0, 0.0, 0.0, 0.0, 1.0],
                [-0.649791, -0.038976, 0.759114, 0.0, -0.285731, 0.937964, -0.196424, 0.05, -0.704365, -0.344537, -0.620617, -0.0, 0.0, 0.0, 0.0, 1.0],
                [-0.811501, -0.0294, 0.583611, 0.0, -0.211128, 0.946019, -0.245913, 0.05, -0.544877, -0.322776, -0.773903, -0.0, 0.0, 0.0, 0.0, 1.0],
                [-0.927451, -0.048046, 0.370844, 0.0, -0.163093, 0.944391, -0.285529, 0.05, -0.336503, -0.325296, -0.883713, 0.0, 0.0, 0.0, 0.0, 1.0],
                [-0.792583, -0.250237, -0.556053, 0.0, -0.013545, 0.918914, -0.394226, 0.050001, 0.609614, -0.304925, -0.731705, -0.0, 0.0, 0.0, 0.0, 1.0],
                [-0.653062, -0.305981, -0.692738, 0.0, 0.013229, 0.909993, -0.414414, 0.050001, 0.757189, -0.279802, -0.590234, -0.0, 0.0, 0.0, 0.0, 1.0],
                [-0.259872, -0.499583, -0.826367, 0.0, 0.04837, 0.847961, -0.527848, 0.050001, 0.96443, -0.177145, -0.196196, -0.0, 0.0, 0.0, 0.0, 1.0],
                [0.031067, -0.590483, -0.806452, 0.0, 0.101339, 0.804545, -0.585182, 0.050001, 0.994367, -0.063545, 0.084834, -0.0, 0.0, 0.0, 0.0, 1.0],
                [0.346915, -0.590457, -0.728705, 0.0, 0.213517, 0.806276, -0.551662, 0.050001, 0.913269, 0.035789, 0.405782, -0.0, 0.0, 0.0, 0.0, 1.0],
                [0.730828, -0.411022, -0.544933, -0.0, 0.350234, 0.911067, -0.217472, 0.05, 0.585856, -0.031919, 0.809786, 0.0, 0.0, 0.0, 0.0, 1.0]
            ]
        },
        {
            "name": "Chest",
            "time": [0.0, 0.3, 0.7, 0.8333, 0.8667, 0.9, 0.9333, 0.9667, 1.0, 1.0333, 1.1667, 1.2, 1.3, 1.3667, 1.5, 1.6667],
            "transform": [
                [0.961219, -0.076487, -0.264967, 0.0, 0.082773, 0.996489, 0.012624, 0.3, 0.263071, -0.034066, 0.964175, -0.0, 0.0, 0.0, 0.0, 1.0],
                [0.99224, 0.046458, -0.115327, -0.0, -0.029488, 0.989035, 0.144709, 0.3, 0.120785, -0.140185, 0.98273, -0.0, 0.0, 0.0, 0.0, 1.0],
                [0.983687, -0.110794, 0.14172, -0.0, 0.050448, 0.926115, 0.373853, 0.3, -0.17267, -0.360605, 0.916597, -0.0, 0.0, 0.0, 0.0, 1.0],
                [0.916561, -0.375666, -0.137078, -0.0, 0.395028, 0.903865, 0.164258, 0.3, 0.062193, -0.204702, 0.976846, 0.0, 0.0, 0.0, 0.0, 1.0],
                [0.920448, -0.356153, -0.161029, 0.0, 0.383518, 0.902443, 0.196243, 0.3, 0.075427, -0.24239, 0.967243, 0.0, 0.0, 0.0, 0.0, 1.0],
                [0.940686, -0.297318, -0.16344, 0.0, 0.332814, 0.902229, 0.27426, 0.3, 0.065918, -0.312387, 0.947665, 0.0, 0.0, 0.0, 0.0, 1.0],
                [0.963462, -0.222454, -0.14918, -0.0, 0.263249, 0.889184, 0.374235, 0.3, 0.049398, -0.399833, 0.915256, 0.0, 0.0, 0.0, 0.0, 1.0],
                [0.979924, -0.153815, -0.126844, -0.0, 0.195975, 0.860051, 0.471069, 0.3, 0.036635, -0.486471, 0.872928, -0.0, 0.0, 0.0, 0.0, 1.0],
                [0.9878, -0.110165, -0.110067, 0.0, 0.152572, 0.826183, 0.54235, 0.3, 0.031188, -0.552526, 0.832912, -0.0, 0.0, 0.0, 0.0, 1.0],
                [0.990802, -0.089216, -0.10174, 0.0, 0.132351, 0.795474, 0.591359, 0.3, 0.028173, -0.599385, 0.799965, -0.0, 0.0, 0.0, 0.0, 1.0],
                [0.994877, -0.063711, -0.078484, -0.0, 0.100797, 0.684133, 0.722359, 0.3, 0.007671, -0.72657, 0.68705, -0.0, 0.0, 0.0, 0.0, 1.0],
                [0.995495, -0.060864, -0.072691, -0.0, 0.094748, 0.665631, 0.740242, 0.3, 0.003331, -0.743795, 0.668399, -0.0, 0.0, 0.0, 0.0, 1.0],
                [0.996737, -0.060321, -0.053632, 0.0, 0.080119, 0.658718, 0.748112, 0.3, -0.009798, -0.749968, 0.661401, 0.0, 0.0, 0.0, 0.0, 1.0],
                [0.997356, -0.060057, -0.040913, 0.0, 0.070281, 0.65407, 0.753162, 0.3, -0.018473, -0.754046, 0.656562, -0.0, 0.0, 0.0, 0.0, 1.0],
                [0.999522, -0.019103, -0.024318, 0.0, 0.030901, 0.587226, 0.808833, 0.3, -0.001171, -0.809198, 0.587535, -0.0, 0.0, 0.0, 0.0, 1.0],
                [0.996866, 0.079097, 0.001304, -0.0, -0.03527, 0.429639, 0.902312, 0.3, 0.070809, -0.89953, 0.431082, 0.0, 0.0, 0.0, 0.0, 1.0]
            ]
        },
        {
            "name": "Head",
            "time": [0.0, 0.3, 0.7, 0.8333, 0.8667, 0.9, 0.9333, 0.9667, 1.0, 1.0333, 1.1667, 1.2, 1.3, 1.3667, 1.5, 1.6667],
            "transform": [
                [0.548037, 0.020693, 0.836198, 0.0, -0.120729, 0.991183, 0.054596, 0.4, -0.827695, -0.130874, 0.545703, -0.0, 0.0, 0.0, 0.0, 1.0],
                [0.885372, -0.072874, 0.459136, -0.0, 0.100559, 0.994276, -0.0361, 0.4, -0.453877, 0.078133, 0.887632, -0.0, 0.0, 0.0, 0.0, 1.0],
                [0.901845, 0.330536, -0.278246, -0.0, -0.301783, 0.942771, 0.14181, 0.4, 0.309195, -0.043921, 0.949984, -0.0, 0.0, 0.0, 0.0, 1.0],
                [0.883917, 0.057674, 0.464074, -0.0, -0.400518, 0.605638, 0.687595, 0.4, -0.241404, -0.793647, 0.558433, -0.0, 0.0, 0.0, 0.0, 1.0],
                [0.88193, 0.023759, 0.470781, 0.0, -0.393138, 0.588114, 0.706799, 0.4, -0.26008, -0.808429, 0.528016, 0.0, 0.0, 0.0, 0.0, 1.0],
                [0.905597, 0.057571, 0.420213, -0.0, -0.362949, 0.617819, 0.697544, 0.4, -0.219457, -0.78421, 0.580391, -0.0, 0.0, 0.0, 0.0, 1.0],
                [0.931475, 0.124168, 0.341958, -0.0, -0.331329, 0.677733, 0.656429, 0.4, -0.150249, -0.724748, 0.672432, 0.0, 0.0, 0.0, 0.0, 1.0],
                [0.946312, 0.187624, 0.26323, -0.0, -0.312088, 0.742456, 0.592756, 0.4, -0.084222, -0.643083, 0.761151, 0.0, 0.0, 0.0, 0.0, 1.0],
                [0.951452, 0.222602, 0.212574, -0.0, -0.304108, 0.786462, 0.537584, 0.4, -0.047514, -0.576131, 0.815975, -0.0, 0.0, 0.0, 0.0, 1.0],
                [0.954071, 0.233371, 0.187844, 0.0, -0.297405, 0.813222, 0.50022, 0.4, -0.036022, -0.533111, 0.845278, 0.0, 0.0, 0.0, 0.0, 1.0],
                [0.965697, 0.22472, 0.130113, 0.0, -0.257877, 0.888738, 0.379005, 0.4, -0.030466, -0.399558, 0.916202, 0.0, 0.0, 0.0, 0.0, 1.0],
                [0.968059, 0.218165, 0.123552, 0.0, -0.248752, 0.897375, 0.364473, 0.4, -0.031357, -0.383565, 0.922981, 0.0, 0.0, 0.0, 0.0, 1.0],
                [0.974542, 0.189385, 0.119999, -0.0, -0.222518, 0.882494, 0.414355, 0.4, -0.027425, -0.430509, 0.90217, 0.0, 0.0, 0.0, 0.0, 1.0],
                [0.978462, 0.170242, 0.116746, -0.0, -0.204836, 0.870804, 0.446926, 0.4, -0.025578, -0.461214, 0.88692, 0.0, 0.0, 0.0, 0.0, 1.0],
                [0.959889, 0.139147, 0.243415, -0.0, -0.178719, 0.972584, 0.148794, 0.4, -0.216037, -0.186328, 0.958441, -0.0, 0.0, 0.0, 0.0, 1.0],
                [0.800892, 0.220505, 0.556731, 0.0, 0.12587, 0.846967, -0.516531, 0.4, -0.58543, 0.483761, 0.650574, 0.0, 0.0, 0.0, 0.0, 1.0]
            ]
        },
        {
            "name": "Shoulder_R",
            "time": [0.0, 0.3, 0.7, 0.8333, 0.8667, 0.9, 0.9333, 0.9667, 1.0, 1.0333, 1.1667, 1.2, 1.3, 1.3667, 1.5, 1.6667],
            "transform": [
                [0.292901, 0.909185, -0.295957, 0.0, 0.747627, -0.410733, -0.521874, 0.4, -0.596039, -0.068408, -0.800036, -0.0, 0.0, 0.0, 0.0, 1.0],
                [0.241737, 0.875025, -0.419396, -0.0, 0.815971, -0.417214, -0.400154, 0.4, -0.525123, -0.245483, -0.814853, -0.0, 0.0, 0.0, 0.0, 1.0],
                [0.138028, 0.797167, -0.587769, -0.0, 0.757866, -0.467073, -0.455502, 0.4, -0.637642, -0.382578, -0.668616, -0.0, 0.0, 0.0, 0.0, 1.0],
                [-0.108046, 0.882482, -0.457767, -0.0, 0.672033, -0.274485, -0.687772, 0.4, -0.732596, -0.381945, -0.563401, -0.0, 0.0, 0.0, 0.0, 1.0],
                [-0.062242, 0.903699, -0.423619, 0.0, 0.684811, -0.270099, -0.676817, 0.4, -0.726057, -0.332225, -0.602053, 0.0, 0.0, 0.0, 0.0, 1.0],
                [0.024923, 0.922844, -0.384366, -0.0, 0.720455, -0.283132, -0.633073, 0.4, -0.693053, -0.26114, -0.671925, -0.0, 0.0, 0.0, 0.0, 1.0],
                [0.128974, 0.930883, -0.341791, -0.0, 0.762768, -0.313377, -0.565669, 0.4, -0.63368, -0.18775, -0.750466, 0.0, 0.0, 0.0, 0.0, 1.0],
                [0.228582, 0.925184, -0.302959, -0.0, 0.795805, -0.356827, -0.489253, 0.4, -0.560753, -0.129262, -0.817832, 0.0, 0.0, 0.0, 0.0, 1.0],
                [0.30803, 0.908689, -0.281782, -0.0, 0.809697, -0.405902, -0.423833, 0.4, -0.499507, -0.097605, -0.860794, -0.0, 0.0, 0.0, 0.0, 1.0],
                [0.380506, 0.878276, -0.289559, 0.0, 0.80341, -0.469009, -0.366828, 0.4, -0.457982, -0.093054, -0.884078, 0.0, 0.0, 0.0, 0.0, 1.0],
                [0.651838, 0.656624, -0.379408, 0.0, 0.654378, -0.739859, -0.156195, 0.4, -0.383269, -0.146463, -0.911951, 0.0, 0.0, 0.0, 0.0, 1.0],
                [0.670455, 0.640157, -0.375083, 0.0, 0.639581, -0.754896, -0.145147, 0.4, -0.376065, -0.142581, -0.915558, 0.0, 0.0, 0.0, 0.0, 1.0],
                [0.543387, 0.802148, -0.247565, -0.0, 0.735025, -0.597079, -0.321301, 0.4, -0.405546, -0.007375, -0.914045, 0.0, 0.0, 0.0, 0.0, 1.0],
                [0.450026, 0.881574, -0.142487, -0.0, 0.779192, -0.465586, -0.419629, 0.4, -0.436273, 0.077819, -0.896443, 0.0, 0.0, 0.0, 0.0, 1.0],
                [0.511684, 0.796757, -0.32149, -0.0, 0.702708, -0.603395, -0.376981, 0.4, -0.494347, -0.033018, -0.868637, -0.0, 0.0, 0.0, 0.0, 1.0],
                [0.50104, 0.560948, -0.659011, 0.0, 0.559217, -0.791013, -0.248141, 0.4, -0.66048, -0.244201, -0.710022, 0.0, 0.0, 0.0, 0.0, 1.0]
            ]
        },
        {
            "name": "Arm_R",
            "time": [0.0, 0.3, 0.7, 0.8333, 0.8667, 0.9, 0.9333, 0.9667, 1.0, 1.0333, 1.1667, 1.2, 1.3, 1.3667, 1.5, 1.6667],
            "transform": [
                [0.386235, -0.818538, 0.425229, -0.0, 0.755357, 0.545259, 0.363493, 0.393861, -0.529392, 0.180807, 0.828886, -0.0, 0.0, 0.0, 0.0, 1.0],
                [0.489345, -0.689055, 0.534551, -0.0, 0.340793, 0.715307, 0.61008, 0.393861, -0.802745, -0.116368, 0.584857, -0.0, 0.0, 0.0, 0.0, 1.0],
                [0.305567, -0.600036, 0.739314, 0.0, 0.476095, 0.768706, 0.427113, 0.39386, -0.824596, 0.221473, 0.520566, 0.0, 0.0, 0.0, 0.0, 1.0],
                [0.52629, -0.844557, 0.09871, 0.0, 0.725108, 0.5064, 0.466665, 0.39386, -0.444111, -0.174026, 0.878909, -0.0, 0.0, 0.0, 0.0, 1.0],
                [0.586515, -0.790972, -0.174255, 0.0, 0.786353, 0.504563, 0.356461, 0.39386, -0.194028, -0.346096, 0.917916, -0.0, 0.0, 0.0, 0.0, 1.0],
                [0.56355, -0.688044, -0.457174, -0.0, 0.814633, 0.554688, 0.169387, 0.393861, 0.137043, -0.467889, 0.873098, -0.0, 0.0, 0.0, 0.0, 1.0],
                [0.439707, -0.607489, -0.661524, -0.0, 0.779519, 0.62397, -0.054862, 0.39386, 0.446099, -0.491549, 0.747914, 0.0, 0.0, 0.0, 0.0, 1.0],
                [0.29087, -0.587893, -0.754836, -0.0, 0.699666, 0.668821, -0.251288, 0.39386, 0.652578, -0.455042, 0.605869, 0.0, 0.0, 0.0, 0.0, 1.0],
                [0.201364, -0.602908, -0.771981, -0.0, 0.64503, 0.674734, -0.358707, 0.393861, 0.737147, -0.425722, 0.524761, 0.0, 0.0, 0.0, 0.0, 1.0],
                [0.203793, -0.609525, -0.766125, -0.0, 0.658444, 0.664454, -0.353485, 0.393861, 0.724511, -0.432414, 0.536749, 0.0, 0.0, 0.0, 0.0, 1.0],
                [0.608346, -0.552926, -0.569375, 0.0, 0.728694, 0.673405, 0.124622, 0.393861, 0.314512, -0.490715, 0.812577, 0.0, 0.0, 0.0, 0.0, 1.0],
                [0.649128, -0.567055, -0.507031, 0.0, 0.713408, 0.685134, 0.147107, 0.39386, 0.263966, -0.457213, 0.849281, -0.0, 0.0, 0.0, 0.0, 1.0],
                [0.570796, -0.697119, -0.43384, -0.0, 0.686564, 0.695019, -0.213491, 0.39386, 0.450355, -0.176, 0.875331, 0.0, 0.0, 0.0, 0.0, 1.0],
                [0.531213, -0.768523, -0.356631, 0.0, 0.629371, 0.639748, -0.441151, 0.393861, 0.567187, 0.009892, 0.823529, 0.0, 0.0, 0.0, 0.0, 1.0],
                [0.604097, -0.795628, -0.045191, -0.0, 0.793153, 0.594786, 0.130906, 0.393861, -0.077273, -0.114924, 0.990364, 0.0, 0.0, 0.0, 0.0, 1.0],
                [0.538272, -0.6729, 0.507414, -0.0, 0.455984, 0.738874, 0.49613, 0.39386, -0.708759, -0.035681, 0.704547, -0.0, 0.0, 0.0, 0.0, 1.0]
            ]
        },
        {
            "name": "Hand_R",
            "time": [0.0, 0.3, 0.7, 0.8333, 0.8667, 0.9, 0.9333, 0.9667, 1.0, 1.0333, 1.1667, 1.2, 1.3, 1.3667, 1.5, 1.6667],
            "transform": [
                [1.0, -0.0, -1e-06, -0.0, -0.0, 0.766174, -0.642634, 0.3, 1e-06, 0.642635, 0.766173, 0.0, 0.0, 0.0, 0.0, 1.0],
                [1.0, -1e-06, -0.0, 0.0, 0.0, 0.322087, -0.94671, 0.3, 1e-06, 0.946711, 0.322086, -0.0, 0.0, 0.0, 0.0, 1.0],
                [1.0, 0.0, -1e-06, -0.0, -1e-06, 0.846394, -0.532558, 0.3, 0.0, 0.532559, 0.846393, -0.0, 0.0, 0.0, 0.0, 1.0],
                [1.0, -0.0, -1e-06, 0.0, -0.0, 0.565479, -0.824763, 0.3, 1e-06, 0.824764, 0.565478, 0.0, 0.0, 0.0, 0.0, 1.0],
                [1.0, -0.0, -0.0, -0.0, -0.0, 0.479547, -0.877516, 0.3, 1e-06, 0.877517, 0.479546, -0.0, 0.0, 0.0, 0.0, 1.0],
                [1.0, -0.0, -0.0, -0.0, -0.0, 0.437583, -0.899178, 0.3, 0.0, 0.899179, 0.437582, -0.0, 0.0, 0.0, 0.0, 1.0],
                [1.0, -1e-06, -1e-06, 0.0, -0.0, 0.452824, -0.8916, 0.3, 1e-06, 0.891602, 0.452823, 0.0, 0.0, 0.0, 0.0, 1.0],
                [1.0, -0.0, -0.0, -0.0, -0.0, 0.49489, -0.868956, 0.3, 0.0, 0.868957, 0.494889, -0.0, 0.0, 0.0, 0.0, 1.0],
                [1.0, -0.0, -0.0, 0.0, -0.0, 0.50265, -0.86449, 0.3, 1e-06, 0.864491, 0.502649, 0.0, 0.0, 0.0, 0.0, 1.0],
                [1.0, -0.0, -0.0, 0.0, -0.0, 0.456581, -0.889682, 0.3, 0.0, 0.889683, 0.45658, -0.0, 0.0, 0.0, 0.0, 1.0],
                [1.0, -0.0, -0.0, 0.0, -0.0, 0.419968, -0.907539, 0.3, 1e-06, 0.90754, 0.419968, 0.0, 0.0, 0.0, 0.0, 1.0],
                [1.0, -0.0, -0.0, 0.0, -0.0, 0.475504, -0.879714, 0.300001, 1e-06, 0.879715, 0.475503, 0.0, 0.0, 0.0, 0.0, 1.0],
                [1.0, -0.0, -1e-06, -0.0, -1e-06, 0.643402, -0.765529, 0.3, 0.0, 0.76553, 0.643401, -0.0, 0.0, 0.0, 0.0, 1.0],
                [1.0, 0.0, -1e-06, -0.0, -1e-06, 0.740895, -0.671622, 0.3, 0.0, 0.671623, 0.740894, 0.0, 0.0, 0.0, 0.0, 1.0],
                [1.0, -0.0, -1e-06, -0.0, -0.0, 0.515336, -0.856988, 0.300001, 0.0, 0.856989, 0.515335, 0.0, 0.0, 0.0, 0.0, 1.0],
                [1.0, -0.0, -0.0, 0.0, -0.0, 0.468482, -0.883473, 0.3, 0.0, 0.883474, 0.468482, 0.0, 0.0, 0.0, 0.0, 1.0]
            ]
        },
        {
            "name": "Tool_R",
            "time": [0.0, 0.3, 0.7, 0.8333, 0.8667, 0.9, 0.9333, 0.9667, 1.0, 1.0333, 1.1667, 1.2, 1.3, 1.3667, 1.5, 1.6667],
            "transform": [
                [-0.95469, -0.123264, -0.271025, 0.0, 0.262874, 0.078932, -0.96144, 0.272858, 0.139839, -0.988755, -0.042924, 0.0, 0.0, 0.0, 0.0, 1.0],
                [-0.392729, 0.903547, -0.171914, 0.0, 0.364869, -0.018575, -0.930726, 0.272858, -0.84374, -0.42809, -0.322093, -0.0, 0.0, 0.0, 0.0, 1.0],
                [-0.100729, 0.912956, -0.395598, -0.0, 0.461408, -0.309516, -0.831334, 0.272858, -0.880989, -0.266176, -0.389716, 0.0, 0.0, 0.0, 0.0, 1.0],
                [-0.870455, 0.17244, -0.461079, 0.0, 0.453392, -0.084538, -0.887159, 0.272858, -0.191864, -0.980918, -0.004602, -0.0, 0.0, 0.0, 0.0, 1.0],
                [-0.853754, -0.037772, -0.519298, -0.0, 0.520768, -0.070065, -0.850694, 0.272858, -0.004244, -0.996348, 0.079406, 0.0, 0.0, 0.0, 0.0, 1.0],
                [-0.77372, -0.230988, -0.589886, 0.0, 0.611174, -0.026401, -0.790951, 0.272858, 0.167053, -0.972136, 0.161443, -0.0, 0.0, 0.0, 0.0, 1.0],
                [-0.660573, -0.389702, -0.641655, 0.0, 0.679548, 0.053275, -0.731608, 0.272858, 0.319148, -0.918974, 0.229408, -0.0, 0.0, 0.0, 0.0, 1.0],
                [-0.55299, -0.505327, -0.662413, 0.0, 0.702285, 0.145345, -0.696828, 0.272858, 0.448197, -0.850224, 0.274248, -0.0, 0.0, 0.0, 0.0, 1.0],
                [-0.478629, -0.582137, -0.657257, 0.0, 0.692309, 0.210399, -0.690177, 0.272858, 0.539813, -0.785071, 0.302028, 0.0, 0.0, 0.0, 0.0, 1.0],
                [-0.444989, -0.644069, -0.622209, -1e-06, 0.658509, 0.235735, -0.714622, 0.272858, 0.606659, -0.727457, 0.318922, -0.0, 0.0, 0.0, 0.0, 1.0],
                [-0.22133, -0.940848, -0.256898, 0.0, 0.217652, 0.209206, -0.95319, 0.272859, 0.950099, -0.266782, 0.158317, 0.0, 0.0, 0.0, 0.0, 1.0],
                [-0.087052, -0.976456, -0.197874, 0.0, 0.109633, 0.188087, -0.975856, 0.272859, 0.989625, -0.106602, 0.090584, 0.0, 0.0, 0.0, 0.0, 1.0],
                [0.448232, -0.882677, -0.141976, -0.0, -0.058237, 0.129699, -0.989678, 0.272858, 0.891553, 0.451707, 0.006714, -0.0, 0.0, 0.0, 0.0, 1.0],
                [0.73769, -0.661923, -0.133504, -0.0, -0.140031, 0.043512, -0.989026, 0.272858, 0.660151, 0.748012, -0.060546, 0.0, 0.0, 0.0, 0.0, 1.0],
                [0.6902, -0.701182, 0.179218, -1e-06, 0.212584, -0.040359, -0.976149, 0.272858, 0.691362, 0.711572, 0.121082, 0.0, 0.0, 0.0, 0.0, 1.0],
                [0.816322, -0.417638, 0.39907, -0.0, 0.320506, -0.247507, -0.9142, 0.272858, 0.480351, 0.873859, -0.068137, 0.0, 0.0, 0.0, 0.0, 1.0]
            ]
        },
        {
            "name": "Elbow_R",
            "time": [0.0, 0.3, 0.7, 0.8333, 0.8667, 0.9, 0.9333, 0.9667, 1.0, 1.0333, 1.1667, 1.2, 1.3, 1.3667, 1.5, 1.6667],
            "transform": [
                [-1.0, 0.0, 0.0, -0.0, -0.0, -0.0, -1.0, 0.3, -0.0, -1.0, 0.0, 0.0, 0.0, 0.0, 0.0, 1.0],
                [-1.0, 0.0, -0.0, 0.0, -0.0, -0.0, -1.0, 0.3, -0.0, -1.0, 0.0, -0.0, 0.0, 0.0, 0.0, 1.0],
                [-1.0, 0.0, 0.0, -0.0, 0.0, -0.0, -1.0, 0.3, -0.0, -1.0, 0.0, -0.0, 0.0, 0.0, 0.0, 1.0],
                [-1.0, 0.0, -0.0, 0.0, 0.0, -0.0, -1.0, 0.3, -0.0, -1.0, 0.0, 0.0, 0.0, 0.0, 0.0, 1.0],
                [-1.0, 0.0, 0.0, -0.0, 0.0, -0.0, -1.0, 0.3, -0.0, -1.0, 0.0, -0.0, 0.0, 0.0, 0.0, 1.0],
                [-1.0, 0.0, -0.0, -0.0, 0.0, -0.0, -1.0, 0.3, -0.0, -1.0, 0.0, -0.0, 0.0, 0.0, 0.0, 1.0],
                [-1.0, 0.0, -0.0, 0.0, 0.0, 0.0, -1.0, 0.3, -0.0, -1.0, 0.0, 0.0, 0.0, 0.0, 0.0, 1.0],
                [-1.0, 0.0, -0.0, -0.0, 0.0, 0.0, -1.0, 0.3, -0.0, -1.0, 0.0, -0.0, 0.0, 0.0, 0.0, 1.0],
                [-1.0, 0.0, -0.0, 0.0, 0.0, -0.0, -1.0, 0.3, -0.0, -1.0, 0.0, 0.0, 0.0, 0.0, 0.0, 1.0],
                [-1.0, 0.0, -0.0, 0.0, -0.0, -0.0, -1.0, 0.3, -0.0, -1.0, 0.0, -0.0, 0.0, 0.0, 0.0, 1.0],
                [-1.0, 0.0, -0.0, 0.0, -0.0, -0.0, -1.0, 0.3, -0.0, -1.0, 0.0, 0.0, 0.0, 0.0, 0.0, 1.0],
                [-1.0, 0.0, -0.0, 0.0, 0.0, -0.0, -1.0, 0.300001, -0.0, -1.0, 0.0, 0.0, 0.0, 0.0, 0.0, 1.0],
                [-1.0, 0.0, -0.0, -0.0, 0.0, -0.0, -1.0, 0.3, -0.0, -1.0, 0.0, -0.0, 0.0, 0.0, 0.0, 1.0],
                [-1.0, 0.0, -0.0, -0.0, 0.0, -0.0, -1.0, 0.3, -0.0, -1.0, 0.0, 0.0, 0.0, 0.0, 0.0, 1.0],
                [-1.0, 0.0, -0.0, -0.0, 0.0, -0.0, -1.0, 0.300001, -0.0, -1.0, 0.0, 0.0, 0.0, 0.0, 0.0, 1.0],
                [-1.0, 0.0, -0.0, 0.0, -0.0, -0.0, -1.0, 0.3, -0.0, -1.0, 0.0, 0.0, 0.0, 0.0, 0.0, 1.0]
            ]
        },
        {
            "name": "Shoulder_L",
            "time": [0.0, 0.3, 0.7, 0.8333, 0.8667, 0.9, 0.9333, 0.9667, 1.0, 1.0333, 1.1667, 1.2, 1.3, 1.3667, 1.5, 1.6667],
            "transform": [
                [0.326666, -0.942252, 0.073834, 0.0, -0.863643, -0.32932, -0.381667, 0.4, 0.383941, 0.060911, -0.921346, -0.0, 0.0, 0.0, 0.0, 1.0],
                [0.335794, -0.935452, 0.110325, -0.0, -0.913463, -0.351982, -0.20419, 0.4, 0.229843, -0.032212, -0.972695, -0.0, 0.0, 0.0, 0.0, 1.0],
                [0.330063, -0.927602, -0.174965, -0.0, -0.916898, -0.270982, -0.293031, 0.4, 0.224404, 0.257144, -0.939957, -0.0, 0.0, 0.0, 0.0, 1.0],
                [0.293839, -0.953616, 0.065387, -0.0, -0.85713, -0.29315, -0.423545, 0.4, 0.423068, 0.068408, -0.903512, -0.0, 0.0, 0.0, 0.0, 1.0],
                [0.350547, -0.933773, 0.072006, 0.0, -0.834325, -0.34629, -0.428936, 0.4, 0.425463, 0.090285, -0.900461, 0.0, 0.0, 0.0, 0.0, 1.0],
                [0.443436, -0.895038, 0.047663, -0.0, -0.800193, -0.419283, -0.428828, 0.4, 0.403801, 0.152018, -0.902128, -0.0, 0.0, 0.0, 0.0, 1.0],
                [0.539725, -0.841805, 0.007817, -0.0, -0.759948, -0.491195, -0.425684, 0.4, 0.362182, 0.223813, -0.904838, 0.0, 0.0, 0.0, 0.0, 1.0],
                [0.611856, -0.790367, -0.030867, -0.0, -0.724874, -0.544684, -0.421756, 0.4, 0.316529, 0.280429, -0.906184, 0.0, 0.0, 0.0, 0.0, 1.0],
                [0.640102, -0.76659, -0.051068, -0.0, -0.710026, -0.564861, -0.420471, 0.4, 0.293483, 0.305404, -0.905868, -0.0, 0.0, 0.0, 0.0, 1.0],
                [0.635644, -0.770104, -0.053823, 0.0, -0.713271, -0.559203, -0.422535, 0.4, 0.295298, 0.306972, -0.904747, 0.0, 0.0, 0.0, 0.0, 1.0],
                [0.540616, -0.840545, -0.034899, 0.0, -0.765846, -0.474556, -0.433907, 0.4, 0.348157, 0.261304, -0.900282, 0.0, 0.0, 0.0, 0.0, 1.0],
                [0.504762, -0.862819, -0.027537, 0.0, -0.783747, -0.444665, -0.433605, 0.4, 0.361878, 0.240449, -0.900682, 0.0, 0.0, 0.0, 0.0, 1.0],
                [0.380837, -0.924587, -0.010131, -0.0, -0.842149, -0.342315, -0.416659, 0.4, 0.38177, 0.167211, -0.909006, 0.0, 0.0, 0.0, 0.0, 1.0],
                [0.294143, -0.955757, 0.002846, -0.0, -0.87289, -0.26985, -0.406503, 0.4, 0.389287, 0.117086, -0.913645, 0.0, 0.0, 0.0, 0.0, 1.0],
                [0.202911, -0.979186, 0.00457, -0.0, -0.891314, -0.18663, -0.413193, 0.4, 0.405446, 0.079768, -0.910632, -0.0, 0.0, 0.0, 0.0, 1.0],
                [0.092658, -0.995613, -0.012992, 0.0, -0.897279, -0.077836, -0.434548, 0.4, 0.431631, 0.051921, -0.900555, 0.0, 0.0, 0.0, 0.0, 1.0]
            ]
        },
        {
            "name": "Arm_L",
            "time": [0.0, 0.3, 0.7, 0.8333, 0.8667, 0.9, 0.9333, 0.9667, 1.0, 1.0333, 1.1667, 1.2, 1.3, 1.3667, 1.5, 1.6667],
            "transform": [
                [0.589831, 0.80207, -0.093718, 0.0, -0.80162, 0.595572, 0.051954, 0.39386, 0.097486, 0.044482, 0.994242, 0.0, 0.0, 0.0, 0.0, 1.0],
                [0.928446, 0.366346, -0.061465, 0.0, -0.344318, 0.910823, 0.227701, 0.39386, 0.139401, -0.190245, 0.971789, -0.0, 0.0, 0.0, 0.0, 1.0],
                [0.92841, 0.325265, -0.179602, 0.0, -0.339283, 0.939194, -0.052936, 0.39386, 0.151463, 0.110082, 0.982314, 0.0, 0.0, 0.0, 0.0, 1.0],
                [0.743207, 0.634543, -0.212129, 0.0, -0.550035, 0.759981, 0.346252, 0.39386, 0.380925, -0.140659, 0.913844, 0.0, 0.0, 0.0, 0.0, 1.0],
                [0.791948, 0.547613, -0.27007, -0.0, -0.482152, 0.832248, 0.273667, 0.39386, 0.374628, -0.086515, 0.92313, 0.0, 0.0, 0.0, 0.0, 1.0],
                [0.879793, 0.341795, -0.330363, -0.0, -0.327759, 0.93954, 0.099191, 0.39386, 0.344292, 0.021012, 0.938627, 0.0, 0.0, 0.0, 0.0, 1.0],
                [0.932788, 0.077096, -0.352082, -0.0, -0.126696, 0.984651, -0.120052, 0.39386, 0.337422, 0.15659, 0.928238, 0.0, 0.0, 0.0, 0.0, 1.0],
                [0.929455, -0.151063, -0.336589, -0.0, 0.041249, 0.949159, -0.312083, 0.39386, 0.366621, 0.276184, 0.888432, 0.0, 0.0, 0.0, 0.0, 1.0],
