{
    "animation": [
        {
            "name": "Root",
            "time": [0.0, 0.3, 0.7, 0.8333, 0.8667, 0.9, 0.9333, 0.9667, 1.0, 1.0333, 1.1667, 1.2, 1.3, 1.3667, 1.5, 1.6667],
            "transform": [
                [1.0, -0.0, 0.0, -2.2e-05, 0.0, -0.0, -1.0, 4.1e-05, 0.0, 1.0, -0.0, 0.657943, 0.0, 0.0, 0.0, 1.0],
                [1.0, -0.0, 0.0, 0.023461, 0.0, -0.0, -1.0, 0.224058, 0.0, 1.0, -0.0, 0.572682, 0.0, 0.0, 0.0, 1.0],
                [1.0, -0.0, 0.0, 0.074827, 0.0, -0.0, -1.0, 0.678304, 0.0, 1.0, -0.0, 0.657943, 0.0, 0.0, 0.0, 1.0],
                [1.0, -0.0, 0.0, 0.091912, 0.0, -0.0, -1.0, 0.960915, 0.0, 1.0, -0.0, 0.981933, 0.0, 0.0, 0.0, 1.0],
                [1.0, -0.0, 0.0, 0.179142, 0.0, -0.0, -1.0, 1.097661, 0.0, 1.0, -0.0, 1.001354, 0.0, 0.0, 0.0, 1.0],
                [1.0, -0.0, 0.0, 0.298022, 0.0, -0.0, -1.0, 1.271118, 0.0, 1.0, -0.0, 1.025038, 0.0, 0.0, 0.0, 1.0],
                [1.0, -0.0, 0.0, 0.376551, 0.0, -0.0, -1.0, 1.40232, 0.0, 1.0, -0.0, 1.066484, 0.0, 0.0, 0.0, 1.0],
                [1.0, -0.0, 0.0, 0.406165, 0.0, -0.0, -1.0, 1.53578, 0.0, 1.0, -0.0, 1.096088, 0.0, 0.0, 0.0, 1.0],
                [1.0, -0.0, 0.0, 0.428255, 0.0, -0.0, -1.0, 1.669826, 0.0, 1.0, -0.0, 1.143455, 0.0, 0.0, 0.0, 1.0],
                [1.0, -0.0, 0.0, 0.465026, 0.0, -0.0, -1.0, 1.802788, 0.0, 1.0, -0.0, 1.399759, 0.0, 0.0, 0.0, 1.0],
                [1.0, -0.0, 0.0, 0.519462, 0.0, -0.0, -1.0, 2.290353, 0.0, 1.0, -0.0, 1.775001, 0.0, 0.0, 0.0, 1.0],
                [1.0, -0.0, 0.0, 0.511942, 0.0, -0.0, -1.0, 2.392815, 0.0, 1.0, -0.0, 1.901953, 0.0, 0.0, 0.0, 1.0],
                [1.0, -0.0, 0.0, 0.484978, 0.0, -0.0, -1.0, 2.62503, 0.0, 1.0, -0.0, 2.177654, 0.0, 0.0, 0.0, 1.0],
                [1.0, -0.0, 0.0, 0.384767, 0.0, -0.0, -1.0, 2.779839, 0.0, 1.0, -0.0, 2.259141, 0.0, 0.0, 0.0, 1.0],
                [1.0, -0.0, 0.0, 0.305272, 0.0, -0.0, -1.0, 2.79397, 0.0, 1.0, -0.0, 2.350736, 0.0, 0.0, 0.0, 1.0],
                [0.999997, 0.002329, 0.0, 0.070545, 0.0, -0.0, -1.0, 2.80643, -0.002329, 0.999997, -0.0, 2.439784, 0.0, 0.0, 0.0, 1.0]
            ]
        },
        {
            "name": "Thigh_R",
            "time": [0.0, 0.3, 0.7, 0.8333, 0.8667, 0.9, 0.9333, 0.9667, 1.0, 1.0333, 1.1667, 1.2, 1.3, 1.3667, 1.5, 1.6667],
            "transform": [
                [0.589233, 0.231014, 0.774233, 0.124994, 0.263976, -0.960709, 0.085755, -0.002831, 0.763624, 0.153849, -0.627064, -1.2e-05, 0.0, 0.0, 0.0, 1.0],
                [0.873621, 0.367238, 0.319252, 0.124994, 0.264827, -0.909228, 0.321202, -0.002831, 0.40823, -0.196062, -0.891576, -1.2e-05, 0.0, 0.0, 0.0, 1.0],
                [0.988448, 0.134277, 0.070279, 0.124994, 0.134701, -0.990885, -0.001305, -0.002831, 0.069463, 0.010757, -0.997527, -1.2e-05, 0.0, 0.0, 0.0, 1.0],
                [0.391408, -0.090325, -0.915774, 0.01177, -0.197185, -0.980288, 0.01241, -0.035137, -0.898842, 0.17572, -0.401503, -0.084374, 0.0, 0.0, 0.0, 1.0],
                [0.167904, -0.263379, -0.949968, 0.01754, -0.23751, -0.94607, 0.220318, -0.063435, -0.956764, 0.188635, -0.221404, -0.090384, 0.0, 0.0, 0.0, 1.0],
                [-0.033548, -0.467326, -0.883449, -0.016819, -0.227289, -0.857217, 0.462081, -0.066419, -0.973249, 0.2163, -0.07746, -0.088717, 0.0, 0.0, 0.0, 1.0],
                [-0.223232, -0.633122, -0.741164, -0.012992, -0.194023, -0.716277, 0.6703, -0.038893, -0.95526, 0.293436, 0.037056, -0.08956, 0.0, 0.0, 0.0, 1.0],
                [-0.411985, -0.705271, -0.576942, -0.073341, -0.154642, -0.56987, 0.807053, -0.057627, -0.897972, 0.421713, 0.125714, -0.058831, 0.0, 0.0, 0.0, 1.0],
                [-0.598358, -0.66496, -0.446986, -0.068745, -0.115071, -0.480773, 0.869262, -0.056539, -0.792923, 0.571565, 0.211157, -0.092493, 0.0, 0.0, 0.0, 1.0],
                [-0.775879, -0.527107, -0.346655, -0.048673, -0.072022, -0.47188, 0.878716, -0.03904, -0.626757, 0.706744, 0.328158, -0.107356, 0.0, 0.0, 0.0, 1.0],
                [-0.930685, 0.112292, 0.348162, -0.058767, 0.15447, -0.742087, 0.652262, -0.013959, 0.33161, 0.660831, 0.673303, 0.094665, 0.0, 0.0, 0.0, 1.0],
                [-0.835903, 0.191282, 0.514468, -0.04191, 0.190857, -0.777524, 0.599191, -0.032935, 0.514625, 0.599056, 0.613427, 0.128071, 0.0, 0.0, 0.0, 1.0],
                [-0.514127, 0.437408, 0.7378, 0.026304, 0.198752, -0.776024, 0.598568, -0.005902, 0.834369, 0.454379, 0.312039, 0.139145, 0.0, 0.0, 0.0, 1.0],
                [-0.234866, 0.552775, 0.799549, 0.058911, 0.203721, -0.776296, 0.596542, -0.003985, 0.95044, 0.302993, 0.069713, 0.129252, 0.0, 0.0, 0.0, 1.0],
                [0.091901, 0.764243, 0.638346, 0.093124, 0.212607, -0.641336, 0.737215, 0.020816, 0.972806, 0.067966, -0.221423, 0.085462, 0.0, 0.0, 0.0, 1.0],
                [0.54974, 0.820949, 0.154363, 0.124994, 0.270328, -0.349688, 0.897018, -0.002831, 0.790385, -0.451398, -0.414164, -1.2e-05, 0.0, 0.0, 0.0, 1.0]
            ]
        },
        {
            "name": "Leg_R",
            "time": [0.0, 0.3, 0.7, 0.8333, 0.8667, 0.9, 0.9333, 0.9667, 1.0, 1.0333, 1.1667, 1.2, 1.3, 1.3667, 1.5, 1.6667],
            "transform": [
                [1.0, 0.0, -1e-06, -0.0, 0.0, 0.932201, 0.361941, 0.37472, 1e-06, -0.361941, 0.932201, 0.0, 0.0, 0.0, 0.0, 1.0],
                [1.0, 0.0, -0.0, 0.0, 0.0, 0.260771, 0.965401, 0.37472, 0.0, -0.965401, 0.260771, 0.0, 0.0, 0.0, 0.0, 1.0],
                [1.0, 0.0, -0.0, 0.0, 0.0, 0.649305, 0.760528, 0.37472, 0.0, -0.760528, 0.649305, -0.0, 0.0, 0.0, 0.0, 1.0],
                [1.0, 0.0, -0.0, -0.0, 0.0, 0.778239, 0.627969, 0.37472, 0.0, -0.627969, 0.778239, -0.0, 0.0, 0.0, 0.0, 1.0],
                [1.0, 0.0, -0.0, -0.0, 0.0, 0.728039, 0.685536, 0.37472, 0.0, -0.685536, 0.728039, 0.0, 0.0, 0.0, 0.0, 1.0],
                [1.0, 0.0, -0.0, -0.0, 0.0, 0.654044, 0.756457, 0.37472, 1e-06, -0.756457, 0.654044, -0.0, 0.0, 0.0, 0.0, 1.0],
                [1.0, 0.0, -0.0, -0.0, 0.0, 0.566564, 0.824018, 0.37472, 0.0, -0.824018, 0.566564, -0.0, 0.0, 0.0, 0.0, 1.0],
                [1.0, 0.0, -0.0, -0.0, 0.0, 0.480931, 0.876759, 0.37472, 0.0, -0.876759, 0.48093, 0.0, 0.0, 0.0, 0.0, 1.0],
                [1.0, 0.0, -0.0, -0.0, 0.0, 0.415888, 0.909416, 0.37472, 0.0, -0.909416, 0.415888, -0.0, 0.0, 0.0, 0.0, 1.0],
                [1.0, 0.0, -0.0, 0.0, 0.0, 0.375703, 0.92674, 0.37472, 0.0, -0.92674, 0.375703, -0.0, 0.0, 0.0, 0.0, 1.0],
                [1.0, 0.0, -0.0, 0.0, 0.0, 0.315099, 0.949059, 0.37472, 0.0, -0.949059, 0.315099, -0.0, 0.0, 0.0, 0.0, 1.0],
                [1.0, 0.0, -0.0, 0.0, 0.0, 0.305637, 0.952148, 0.37472, 0.0, -0.952149, 0.305637, 0.0, 0.0, 0.0, 0.0, 1.0],
                [1.0, 0.0, -0.0, 0.0, 0.0, 0.301052, 0.953608, 0.37472, 0.0, -0.953608, 0.301052, 0.0, 0.0, 0.0, 0.0, 1.0],
                [1.0, 0.0, -0.0, 0.0, 0.0, 0.297992, 0.954569, 0.37472, 0.0, -0.954569, 0.297992, -0.0, 0.0, 0.0, 0.0, 1.0],
                [1.0, 0.0, -0.0, -0.0, 0.0, 0.114222, 0.993455, 0.37472, 0.0, -0.993456, 0.114222, -0.0, 0.0, 0.0, 0.0, 1.0],
                [1.0, 0.0, 0.0, 0.0, 0.0, -0.3196, 0.947553, 0.37472, 0.0, -0.947553, -0.3196, -0.0, 0.0, 0.0, 0.0, 1.0]
            ]
        },
        {
            "name": "Knee_R",
            "time": [0.0, 0.3, 0.7, 0.8333, 0.8667, 0.9, 0.9333, 0.9667, 1.0, 1.0333, 1.1667, 1.2, 1.3, 1.3667, 1.5, 1.6667],
            "transform": [
                [1.0, -0.0, -0.0, -0.0, -0.0, 1e-06, -1.0, 0.37472, -0.0, 1.0, 1e-06, 0.0, 0.0, 0.0, 0.0, 1.0],
                [1.0, 0.0, -0.0, 0.0, -0.0, 1e-06, -1.0, 0.37472, -0.0, 1.0, 1e-06, 0.0, 0.0, 0.0, 0.0, 1.0],
                [1.0, 0.0, -0.0, 0.0, -0.0, 1e-06, -1.0, 0.37472, -0.0, 1.0, 1e-06, -0.0, 0.0, 0.0, 0.0, 1.0],
                [1.0, 0.0, -0.0, -0.0, -0.0, 1e-06, -1.0, 0.37472, -0.0, 1.0, 1e-06, -0.0, 0.0, 0.0, 0.0, 1.0],
                [1.0, 0.0, -0.0, -0.0, -0.0, 1e-06, -1.0, 0.37472, -0.0, 1.0, 1e-06, 0.0, 0.0, 0.0, 0.0, 1.0],
                [1.0, 0.0, -0.0, -0.0, -0.0, 1e-06, -1.0, 0.37472, -0.0, 1.0, 1e-06, -0.0, 0.0, 0.0, 0.0, 1.0],
                [1.0, 0.0, -0.0, -0.0, -0.0, 1e-06, -1.0, 0.37472, -0.0, 1.0, 1e-06, -0.0, 0.0, 0.0, 0.0, 1.0],
                [1.0, 0.0, -0.0, -0.0, -0.0, 1e-06, -1.0, 0.37472, -0.0, 1.0, 1e-06, 0.0, 0.0, 0.0, 0.0, 1.0],
                [1.0, 0.0, -0.0, -0.0, -0.0, 1e-06, -1.0, 0.37472, -0.0, 1.0, 1e-06, -0.0, 0.0, 0.0, 0.0, 1.0],
                [1.0, 0.0, -0.0, 0.0, -0.0, 1e-06, -1.0, 0.37472, -0.0, 1.0, 1e-06, -0.0, 0.0, 0.0, 0.0, 1.0],
                [1.0, 0.0, -0.0, 0.0, -0.0, 1e-06, -1.0, 0.37472, -0.0, 1.0, 1e-06, -0.0, 0.0, 0.0, 0.0, 1.0],
                [1.0, 0.0, -0.0, 0.0, -0.0, 1e-06, -1.0, 0.37472, -0.0, 1.0, 1e-06, 0.0, 0.0, 0.0, 0.0, 1.0],
                [1.0, 0.0, -0.0, 0.0, -0.0, 1e-06, -1.0, 0.37472, -0.0, 1.0, 1e-06, 0.0, 0.0, 0.0, 0.0, 1.0],
                [1.0, 0.0, -0.0, 0.0, -0.0, 1e-06, -1.0, 0.37472, -0.0, 1.0, 1e-06, -0.0, 0.0, 0.0, 0.0, 1.0],
                [1.0, 0.0, -0.0, -0.0, -0.0, 1e-06, -1.0, 0.37472, -0.0, 1.0, 1e-06, -0.0, 0.0, 0.0, 0.0, 1.0],
                [1.0, 0.0, -0.0, 0.0, -0.0, 1e-06, -1.0, 0.37472, -0.0, 1.0, 1e-06, -0.0, 0.0, 0.0, 0.0, 1.0]
            ]
        },
        {
            "name": "Thigh_L",
            "time": [0.0, 0.3, 0.7, 0.8333, 0.8667, 0.9, 0.9333, 0.9667, 1.0, 1.0333, 1.1667, 1.2, 1.3, 1.3667, 1.5, 1.6667],
            "transform": [
                [0.893312, -0.046856, 0.446989, -0.125006, -0.213767, -0.919146, 0.330867, -0.002831, 0.395345, -0.391118, -0.831101, -1.2e-05, 0.0, 0.0, 0.0, 1.0],
                [0.97736, -0.152378, -0.146795, -0.125006, 0.027246, -0.597375, 0.801499, -0.002831, -0.209822, -0.787352, -0.579699, -1.2e-05, 0.0, 0.0, 0.0, 1.0],
                [0.698942, -0.481027, -0.529238, -0.087951, -0.022802, -0.754621, 0.655764, -0.034033, -0.714815, -0.446273, -0.538405, 0.082288, 0.0, 0.0, 0.0, 1.0],
                [0.359137, -0.350962, -0.864781, -0.016419, -0.282556, -0.924001, 0.257652, 0.052604, -0.889484, 0.151817, -0.43101, 0.160924, 0.0, 0.0, 0.0, 1.0],
                [0.034007, -0.448996, -0.892887, 0.010913, -0.306177, -0.855126, 0.418347, 0.057217, -0.951367, 0.259155, -0.166553, 0.150522, 0.0, 0.0, 0.0, 1.0],
                [-0.373642, -0.545439, -0.750259, 0.036398, -0.213014, -0.736768, 0.641715, 0.053048, -0.902783, 0.399587, 0.159101, 0.164796, 0.0, 0.0, 0.0, 1.0],
                [-0.724538, -0.54541, -0.421393, 0.021026, -0.01354, -0.600012, 0.799876, 0.044809, -0.689101, 0.585247, 0.427347, 0.174304, 0.0, 0.0, 0.0, 1.0],
                [-0.909334, -0.415012, -0.029617, 0.08528, 0.2013, -0.501132, 0.841632, 0.047059, -0.364129, 0.759363, 0.539238, 0.120813, 0.0, 0.0, 0.0, 1.0],
                [-0.942105, -0.207338, 0.263534, 0.11508, 0.331954, -0.465623, 0.820367, -0.006159, -0.047386, 0.860352, 0.507493, 0.06243, 0.0, 0.0, 0.0, 1.0],
                [-0.902732, 0.015442, 0.429926, 0.135531, 0.3705, -0.479997, 0.795194, -0.00834, 0.218642, 0.877134, 0.427587, 0.047315, 0.0, 0.0, 0.0, 1.0],
                [-0.367516, 0.601906, 0.708972, 0.131863, 0.222596, -0.683234, 0.695444, -0.03527, 0.902986, 0.413401, 0.117118, -0.070779, 0.0, 0.0, 0.0, 1.0],
                [-0.195907, 0.653773, 0.730891, 0.114389, 0.190807, -0.705674, 0.682361, -0.035108, 0.96188, 0.273139, 0.013501, -0.069794, 0.0, 0.0, 0.0, 1.0],
                [0.237299, 0.770893, 0.591112, 0.043695, 0.158271, -0.631042, 0.759431, -0.000693, 0.958457, -0.086656, -0.271756, -0.08197, 0.0, 0.0, 0.0, 1.0],
                [0.504822, 0.748812, 0.42946, 0.069752, 0.163456, -0.571427, 0.80421, -0.044601, 0.847606, -0.335785, -0.410867, -0.100866, 0.0, 0.0, 0.0, 1.0],
                [0.826519, 0.550127, 0.119276, -0.010079, 0.296296, -0.605335, 0.738768, -0.048556, 0.478618, -0.575264, -0.663322, -0.123774, 0.0, 0.0, 0.0, 1.0],
                [0.937786, -0.007905, -0.347123, -0.125006, 0.193605, -0.817993, 0.541669, -0.002831, -0.288226, -0.575173, -0.765573, -1.2e-05, 0.0, 0.0, 0.0, 1.0]
            ]
        },
        {
            "name": "Leg_L",
            "time": [0.0, 0.3, 0.7, 0.8333, 0.8667, 0.9, 0.9333, 0.9667, 1.0, 1.0333, 1.1667, 1.2, 1.3, 1.3667, 1.5, 1.6667],
            "transform": [
                [1.0, -0.0, 0.0, 0.0, -0.0, 0.862422, 0.50619, 0.37472, -0.0, -0.50619, 0.862423, 0.0, 0.0, 0.0, 0.0, 1.0],
                [1.0, -0.0, 0.0, 0.0, 0.0, 0.529076, 0.848575, 0.37472, -0.0, -0.848574, 0.529077, 0.0, 0.0, 0.0, 0.0, 1.0],
                [1.0, -0.0, 0.0, 0.0, 0.0, 0.533743, 0.845647, 0.37472, -0.0, -0.845646, 0.533744, 0.0, 0.0, 0.0, 0.0, 1.0],
                [1.0, -0.0, 0.0, 0.0, 0.0, 0.859234, 0.511582, 0.37472, -0.0, -0.511582, 0.859235, 0.0, 0.0, 0.0, 0.0, 1.0],
                [1.0, -0.0, 0.0, 0.0, 0.0, 0.771398, 0.636353, 0.37472, -0.0, -0.636352, 0.771399, 0.0, 0.0, 0.0, 0.0, 1.0],
                [1.0, -0.0, 0.0, -0.0, 0.0, 0.608894, 0.793252, 0.37472, -0.0, -0.793251, 0.608895, 0.0, 0.0, 0.0, 0.0, 1.0],
                [1.0, -0.0, 0.0, 0.0, -0.0, 0.390617, 0.920554, 0.37472, -0.0, -0.920553, 0.390618, 0.0, 0.0, 0.0, 0.0, 1.0],
                [1.0, -0.0, 0.0, -0.0, 0.0, 0.166905, 0.985974, 0.37472, -0.0, -0.985973, 0.166905, -0.0, 0.0, 0.0, 0.0, 1.0],
                [1.0, -0.0, 0.0, -0.0, -0.0, 0.000498, 1.000001, 0.37472, -0.0, -0.999999, 0.000498, -0.0, 0.0, 0.0, 0.0, 1.0],
                [1.0, -0.0, 0.0, 0.0, -0.0, -0.096954, 0.99529, 0.37472, -0.0, -0.995288, -0.096954, 0.0, 0.0, 0.0, 0.0, 1.0],
                [1.0, -0.0, 0.0, -0.0, -0.0, -0.239926, 0.970792, 0.37472, -0.0, -0.970791, -0.239927, -0.0, 0.0, 0.0, 0.0, 1.0],
                [1.0, -0.0, 0.0, -0.0, -0.0, -0.265722, 0.96405, 0.37472, -0.0, -0.964049, -0.265723, -0.0, 0.0, 0.0, 0.0, 1.0],
                [1.0, -0.0, -0.0, 0.0, 0.0, -0.320683, 0.947187, 0.37472, -0.0, -0.947186, -0.320684, 0.0, 0.0, 0.0, 0.0, 1.0],
                [1.0, -0.0, -0.0, 0.0, 0.0, -0.356744, 0.934203, 0.37472, -0.0, -0.934202, -0.356744, -0.0, 0.0, 0.0, 0.0, 1.0],
                [1.0, -0.0, -0.0, -0.0, 0.0, -0.60232, 0.798255, 0.37472, -0.0, -0.798254, -0.602321, -0.0, 0.0, 0.0, 0.0, 1.0],
                [1.0, -0.0, -0.0, -0.0, 0.0, -0.769842, 0.638235, 0.37472, -0.0, -0.638234, -0.769843, -0.0, 0.0, 0.0, 0.0, 1.0]
            ]
        },
        {
            "name": "Knee_L",
            "time": [0.0, 0.3, 0.7, 0.8333, 0.8667, 0.9, 0.9333, 0.9667, 1.0, 1.0333, 1.1667, 1.2, 1.3, 1.3667, 1.5, 1.6667],
            "transform": [
                [1.0, 0.0, -0.0, 0.0, -0.0, 1e-06, -1.0, 0.37472, -0.0, 1.0, 1e-06, 0.0, 0.0, 0.0, 0.0, 1.0],
                [1.0, 0.0, -0.0, 0.0, -0.0, 1e-06, -1.0, 0.37472, -0.0, 1.0, 1e-06, 0.0, 0.0, 0.0, 0.0, 1.0],
                [1.0, 0.0, -0.0, 0.0, -0.0, 1e-06, -1.0, 0.37472, -0.0, 1.0, 1e-06, 0.0, 0.0, 0.0, 0.0, 1.0],
                [1.0, 0.0, -0.0, 0.0, -0.0, 1e-06, -1.0, 0.37472, -0.0, 1.0, 1e-06, 0.0, 0.0, 0.0, 0.0, 1.0],
                [1.0, 0.0, -0.0, 0.0, -0.0, 1e-06, -1.0, 0.37472, -0.0, 1.0, 1e-06, 0.0, 0.0, 0.0, 0.0, 1.0],
                [1.0, 0.0, -0.0, -0.0, -0.0, 1e-06, -1.0, 0.37472, -0.0, 1.0, 1e-06, 0.0, 0.0, 0.0, 0.0, 1.0],
                [1.0, 0.0, -0.0, 0.0, -0.0, 1e-06, -1.0, 0.37472, -0.0, 1.0, 1e-06, 0.0, 0.0, 0.0, 0.0, 1.0],
                [1.0, 0.0, -0.0, -0.0, -0.0, 1e-06, -1.0, 0.37472, -0.0, 1.0, 1e-06, -0.0, 0.0, 0.0, 0.0, 1.0],
                [1.0, 0.0, -0.0, -0.0, -0.0, 1e-06, -1.0, 0.37472, -0.0, 1.0, 1e-06, -0.0, 0.0, 0.0, 0.0, 1.0],
                [1.0, 0.0, -0.0, 0.0, -0.0, 1e-06, -1.0, 0.37472, -0.0, 1.0, 1e-06, 0.0, 0.0, 0.0, 0.0, 1.0],
                [1.0, 0.0, -0.0, -0.0, -0.0, 1e-06, -1.0, 0.37472, -0.0, 1.0, 1e-06, -0.0, 0.0, 0.0, 0.0, 1.0],
                [1.0, 0.0, -0.0, -0.0, -0.0, 1e-06, -1.0, 0.37472, -0.0, 1.0, 1e-06, -0.0, 0.0, 0.0, 0.0, 1.0],
                [1.0, 0.0, -0.0, 0.0, -0.0, 1e-06, -1.0, 0.37472, -0.0, 1.0, 1e-06, 0.0, 0.0, 0.0, 0.0, 1.0],
                [1.0, 0.0, -0.0, 0.0, -0.0, 1e-06, -1.0, 0.37472, -0.0, 1.0, 1e-06, -0.0, 0.0, 0.0, 0.0, 1.0],
                [1.0, 0.0, -0.0, -0.0, -0.0, 1e-06, -1.0, 0.37472, -0.0, 1.0, 1e-06, -0.0, 0.0, 0.0, 0.0, 1.0],
                [1.0, 0.0, -0.0, -0.0, -0.0, 1e-06, -1.0, 0.37472, -0.0, 1.0, 1e-06, -0.0, 0.0, 0.0, 0.0, 1.0]
            ]
        },
        {
            "name": "Torso",
            "time": [0.0, 0.3, 0.7, 0.8333, 0.8667, 0.9, 0.9333, 0.9667, 1.0, 1.0333, 1.1667, 1.2, 1.3, 1.3667, 1.5, 1.6667],
            "transform": [
                [0.701234, -0.067462, -0.709732, -0.0, 0.007342, 0.996143, -0.087433, 0.05, 0.712893, 0.056101, 0.699025, 0.0, 0.0, 0.0, 0.0, 1.0],
                [0.858387, 0.057829, -0.509732, 0.0, 0.074166, 0.969198, 0.23485, 0.05, 0.507612, -0.239397, 0.827658, 0.0, 0.0, 0.0, 0.0, 1.0],
                [0.728652, 0.067559, 0.681543, 0.0, -0.109516, 0.993812, 0.018572, 0.05, -0.676071, -0.088172, 0.731542, -0.0, 0.0, 0.0, 0.0, 1.0],
                [0.20636, -0.040299, 0.977646, 0.0, -0.501581, 0.853533, 0.141056, 0.05, -0.840138, -0.519478, 0.155922, 0.0, 0.0, 0.0, 0.0, 1.0],
                [0.009481, -0.071905, 0.997366, -0.0, -0.516391, 0.85377, 0.066461, 0.05, -0.8563, -0.515662, -0.029036, -0.0, 0.0, 0.0, 0.0, 1.0],
                [-0.215992, -0.080956, 0.973033, -0.0, -0.472115, 0.880974, -0.031502, 0.05, -0.854666, -0.466188, -0.228504, -0.0, 0.0, 0.0, 0.0, 1.0],
                [-0.444715, -0.065476, 0.893276, -0.0, -0.385322, 0.914302, -0.124815, 0.05, -0.808551, -0.399706, -0.431833, -0.0, 0.0, 0.0, 0.0, 1.0],
                [-0.649791, -0.038976, 0.759113, -0.0, -0.285731, 0.937964, -0.196423, 0.05, -0.704365, -0.344537, -0.620616, -0.0, 0.0, 0.0, 0.0, 1.0],
                [-0.811501, -0.0294, 0.58361, -0.0, -0.211128, 0.946019, -0.245913, 0.05, -0.544877, -0.322776, -0.773902, -0.0, 0.0, 0.0, 0.0, 1.0],
                [-0.927451, -0.048046, 0.370844, 0.0, -0.163093, 0.944391, -0.285529, 0.05, -0.336503, -0.325296, -0.883713, 0.0, 0.0, 0.0, 0.0, 1.0],
                [-0.792583, -0.250236, -0.556053, -0.0, -0.013545, 0.918914, -0.394226, 0.05, 0.609614, -0.304925, -0.731705, -0.0, 0.0, 0.0, 0.0, 1.0],
                [-0.653062, -0.305981, -0.692738, 0.0, 0.013229, 0.909993, -0.414414, 0.05, 0.757189, -0.279802, -0.590234, -0.0, 0.0, 0.0, 0.0, 1.0],
                [-0.259872, -0.499583, -0.826367, -0.0, 0.04837, 0.84796, -0.527848, 0.05, 0.96443, -0.177145, -0.196196, -0.0, 0.0, 0.0, 0.0, 1.0],
                [0.031067, -0.590483, -0.806452, 0.0, 0.101339, 0.804545, -0.585182, 0.05, 0.994367, -0.063545, 0.084834, -0.0, 0.0, 0.0, 0.0, 1.0],
                [0.346915, -0.590457, -0.728705, 0.0, 0.213517, 0.806275, -0.551662, 0.05, 0.913269, 0.035789, 0.405782, -0.0, 0.0, 0.0, 0.0, 1.0],
                [0.730828, -0.411022, -0.544933, 0.0, 0.350234, 0.911067, -0.217472, 0.05, 0.585856, -0.031919, 0.809786, -0.0, 0.0, 0.0, 0.0, 1.0]
            ]
        },
        {
            "name": "Chest",
            "time": [0.0, 0.3, 0.7, 0.8333, 0.8667, 0.9, 0.9333, 0.9667, 1.0, 1.0333, 1.1667, 1.2, 1.3, 1.3667, 1.5, 1.6667],
            "transform": [
                [0.961219, -0.076487, -0.264967, 0.0, 0.082773, 0.996489, 0.012624, 0.3, 0.263071, -0.034066, 0.964175, -0.0, 0.0, 0.0, 0.0, 1.0],
                [0.99224, 0.046458, -0.115327, -0.0, -0.029488, 0.989035, 0.144709, 0.3, 0.120785, -0.140185, 0.982731, -0.0, 0.0, 0.0, 0.0, 1.0],
                [0.983687, -0.110794, 0.14172, -0.0, 0.050448, 0.926115, 0.373853, 0.3, -0.17267, -0.360605, 0.916597, 0.0, 0.0, 0.0, 0.0, 1.0],
                [0.916561, -0.375666, -0.137078, 0.0, 0.395028, 0.903865, 0.164258, 0.3, 0.062193, -0.204702, 0.976847, 0.0, 0.0, 0.0, 0.0, 1.0],
                [0.920448, -0.356153, -0.161029, -0.0, 0.383518, 0.902443, 0.196243, 0.3, 0.075427, -0.24239, 0.967243, 0.0, 0.0, 0.0, 0.0, 1.0],
                [0.940686, -0.297318, -0.16344, -0.0, 0.332814, 0.902229, 0.27426, 0.3, 0.065918, -0.312387, 0.947665, 0.0, 0.0, 0.0, 0.0, 1.0],
                [0.963462, -0.222454, -0.14918, 0.0, 0.263249, 0.889184, 0.374236, 0.3, 0.049398, -0.399833, 0.915256, 0.0, 0.0, 0.0, 0.0, 1.0],
                [0.979924, -0.153815, -0.126844, -0.0, 0.195975, 0.860051, 0.47107, 0.3, 0.036635, -0.486471, 0.872929, 0.0, 0.0, 0.0, 0.0, 1.0],
                [0.9878, -0.110165, -0.110067, -0.0, 0.152572, 0.826183, 0.54235, 0.3, 0.031188, -0.552527, 0.832912, 0.0, 0.0, 0.0, 0.0, 1.0],
                [0.990802, -0.089216, -0.10174, 0.0, 0.132351, 0.795474, 0.591359, 0.3, 0.028173, -0.599385, 0.799965, 0.0, 0.0, 0.0, 0.0, 1.0],
                [0.994877, -0.063711, -0.078484, -0.0, 0.100797, 0.684133, 0.722359, 0.3, 0.007671, -0.72657, 0.68705, -0.0, 0.0, 0.0, 0.0, 1.0],
                [0.995496, -0.060864, -0.072691, -0.0, 0.094748, 0.665631, 0.740242, 0.3, 0.003331, -0.743795, 0.668399, -0.0, 0.0, 0.0, 0.0, 1.0],
                [0.996737, -0.060321, -0.053632, 0.0, 0.080119, 0.658718, 0.748112, 0.3, -0.009798, -0.749968, 0.661402, -0.0, 0.0, 0.0, 0.0, 1.0],
                [0.997356, -0.060057, -0.040913, 0.0, 0.070281, 0.65407, 0.753162, 0.3, -0.018473, -0.754046, 0.656562, -0.0, 0.0, 0.0, 0.0, 1.0],
                [0.999522, -0.019103, -0.024318, 0.0, 0.030901, 0.587226, 0.808833, 0.3, -0.001171, -0.809198, 0.587536, 0.0, 0.0, 0.0, 0.0, 1.0],
                [0.996866, 0.079097, 0.001304, 0.0, -0.03527, 0.429639, 0.902312, 0.3, 0.070809, -0.89953, 0.431083, 0.0, 0.0, 0.0, 0.0, 1.0]
            ]
        },
        {
            "name": "Head",
            "time": [0.0, 0.3, 0.7, 0.8333, 0.8667, 0.9, 0.9333, 0.9667, 1.0, 1.0333, 1.1667, 1.2, 1.3, 1.3667, 1.5, 1.6667],
            "transform": [
                [0.548037, 0.020693, 0.836199, -0.0, -0.120728, 0.991183, 0.054596, 0.4, -0.827695, -0.130874, 0.545703, -0.0, 0.0, 0.0, 0.0, 1.0],
                [0.885372, -0.072874, 0.459136, 0.0, 0.100559, 0.994276, -0.0361, 0.4, -0.453877, 0.078133, 0.887633, 0.0, 0.0, 0.0, 0.0, 1.0],
                [0.901845, 0.330536, -0.278246, -0.0, -0.301783, 0.942771, 0.14181, 0.4, 0.309195, -0.043921, 0.949984, -0.0, 0.0, 0.0, 0.0, 1.0],
                [0.883916, 0.057674, 0.464074, -0.0, -0.400518, 0.605638, 0.687596, 0.4, -0.241404, -0.793647, 0.558434, 0.0, 0.0, 0.0, 0.0, 1.0],
                [0.88193, 0.023759, 0.470781, 0.0, -0.393138, 0.588114, 0.7068, 0.4, -0.26008, -0.808429, 0.528016, -0.0, 0.0, 0.0, 0.0, 1.0],
                [0.905597, 0.057572, 0.420213, -0.0, -0.362949, 0.617819, 0.697544, 0.4, -0.219457, -0.78421, 0.580391, 0.0, 0.0, 0.0, 0.0, 1.0],
                [0.931475, 0.124169, 0.341959, 0.0, -0.331328, 0.677733, 0.65643, 0.4, -0.150249, -0.724749, 0.672433, -0.0, 0.0, 0.0, 0.0, 1.0],
                [0.946312, 0.187624, 0.26323, -0.0, -0.312088, 0.742457, 0.592756, 0.4, -0.084221, -0.643083, 0.761151, 0.0, 0.0, 0.0, 0.0, 1.0],
                [0.951451, 0.222602, 0.212574, 0.0, -0.304108, 0.786462, 0.537584, 0.4, -0.047514, -0.576131, 0.815976, 0.0, 0.0, 0.0, 0.0, 1.0],
                [0.954071, 0.233371, 0.187844, 0.0, -0.297405, 0.813222, 0.50022, 0.4, -0.036022, -0.533112, 0.845278, -0.0, 0.0, 0.0, 0.0, 1.0],
                [0.965697, 0.22472, 0.130113, -0.0, -0.257877, 0.888738, 0.379005, 0.4, -0.030467, -0.399558, 0.916202, -0.0, 0.0, 0.0, 0.0, 1.0],
                [0.968059, 0.218165, 0.123552, 0.0, -0.248752, 0.897375, 0.364473, 0.4, -0.031357, -0.383565, 0.922982, -0.0, 0.0, 0.0, 0.0, 1.0],
                [0.974542, 0.189385, 0.119999, 0.0, -0.222518, 0.882494, 0.414356, 0.4, -0.027425, -0.430509, 0.90217, 0.0, 0.0, 0.0, 0.0, 1.0],
                [0.978462, 0.170242, 0.116746, -0.0, -0.204836, 0.870804, 0.446927, 0.399999, -0.025578, -0.461214, 0.886921, -0.0, 0.0, 0.0, 0.0, 1.0],
                [0.959889, 0.139147, 0.243415, -0.0, -0.178719, 0.972584, 0.148794, 0.4, -0.216037, -0.186328, 0.958442, -0.0, 0.0, 0.0, 0.0, 1.0],
                [0.800892, 0.220505, 0.556731, 0.0, 0.12587, 0.846967, -0.516531, 0.4, -0.58543, 0.483761, 0.650574, -0.0, 0.0, 0.0, 0.0, 1.0]
            ]
        },
        {
            "name": "Shoulder_R",
            "time": [0.0, 0.3, 0.7, 0.8333, 0.8667, 0.9, 0.9333, 0.9667, 1.0, 1.0333, 1.1667, 1.2, 1.3, 1.3667, 1.5, 1.6667],
            "transform": [
                [0.292902, 0.909185, -0.295956, -0.0, 0.747629, -0.410734, -0.521872, 0.4, -0.596041, -0.068408, -0.800034, -0.0, 0.0, 0.0, 0.0, 1.0],
                [0.241738, 0.875026, -0.419395, 0.0, 0.815973, -0.417215, -0.400153, 0.4, -0.525125, -0.245483, -0.81485, 0.0, 0.0, 0.0, 0.0, 1.0],
                [0.138028, 0.797167, -0.587767, -0.0, 0.757868, -0.467073, -0.4555, 0.4, -0.637644, -0.382578, -0.668613, -0.0, 0.0, 0.0, 0.0, 1.0],
                [-0.108047, 0.882482, -0.457765, -0.0, 0.672035, -0.274485, -0.687769, 0.4, -0.732598, -0.381945, -0.563399, 0.0, 0.0, 0.0, 0.0, 1.0],
                [-0.062242, 0.903699, -0.423618, 0.0, 0.684813, -0.270099, -0.676814, 0.4, -0.726059, -0.332225, -0.602051, -0.0, 0.0, 0.0, 0.0, 1.0],
                [0.024923, 0.922844, -0.384365, -0.0, 0.720457, -0.283132, -0.633071, 0.4, -0.693055, -0.26114, -0.671922, 0.0, 0.0, 0.0, 0.0, 1.0],
                [0.128974, 0.930884, -0.34179, 0.0, 0.76277, -0.313377, -0.565667, 0.4, -0.633682, -0.187751, -0.750464, -0.0, 0.0, 0.0, 0.0, 1.0],
                [0.228583, 0.925184, -0.302958, -0.0, 0.795807, -0.356827, -0.489252, 0.4, -0.560755, -0.129262, -0.817829, 0.0, 0.0, 0.0, 0.0, 1.0],
                [0.30803, 0.90869, -0.281781, 0.0, 0.8097, -0.405902, -0.423831, 0.4, -0.499509, -0.097605, -0.860791, 0.0, 0.0, 0.0, 0.0, 1.0],
                [0.380507, 0.878277, -0.289558, 0.0, 0.803412, -0.46901, -0.366826, 0.4, -0.457983, -0.093055, -0.884075, -0.0, 0.0, 0.0, 0.0, 1.0],
                [0.65184, 0.656625, -0.379407, -0.0, 0.65438, -0.73986, -0.156194, 0.4, -0.383271, -0.146463, -0.911948, -0.0, 0.0, 0.0, 0.0, 1.0],
                [0.670457, 0.640158, -0.375082, 0.0, 0.639583, -0.754896, -0.145146, 0.4, -0.376067, -0.142582, -0.915554, -0.0, 0.0, 0.0, 0.0, 1.0],
                [0.543388, 0.802148, -0.247564, 0.0, 0.735027, -0.597079, -0.3213, 0.4, -0.405547, -0.007375, -0.914042, 0.0, 0.0, 0.0, 0.0, 1.0],
                [0.450028, 0.881574, -0.142487, -0.0, 0.779195, -0.465586, -0.419627, 0.399999, -0.436275, 0.077819, -0.89644, -0.0, 0.0, 0.0, 0.0, 1.0],
                [0.511686, 0.796758, -0.321488, -0.0, 0.70271, -0.603396, -0.37698, 0.4, -0.494349, -0.033018, -0.868634, -0.0, 0.0, 0.0, 0.0, 1.0],
                [0.501041, 0.560948, -0.659009, 0.0, 0.559219, -0.791013, -0.24814, 0.4, -0.660482, -0.244201, -0.71002, -0.0, 0.0, 0.0, 0.0, 1.0]
            ]
        },
        {
            "name": "Arm_R",
            "time": [0.0, 0.3, 0.7, 0.8333, 0.8667, 0.9, 0.9333, 0.9667, 1.0, 1.0333, 1.1667, 1.2, 1.3, 1.3667, 1.5, 1.6667],
            "transform": [
                [0.386235, -0.818534, 0.425232, 0.0, 0.755356, 0.545257, 0.363495, 0.39386, -0.529391, 0.180806, 0.828891, -0.0, 0.0, 0.0, 0.0, 1.0],
                [0.489344, -0.689052, 0.534554, 0.0, 0.340792, 0.715303, 0.610083, 0.39386, -0.802744, -0.116368, 0.58486, -0.0, 0.0, 0.0, 0.0, 1.0],
                [0.305567, -0.600033, 0.739318, 0.0, 0.476095, 0.768702, 0.427115, 0.39386, -0.824595, 0.221472, 0.520569, -0.0, 0.0, 0.0, 0.0, 1.0],
                [0.526289, -0.844553, 0.09871, 0.0, 0.725107, 0.506398, 0.466668, 0.393861, -0.44411, -0.174025, 0.878913, -0.0, 0.0, 0.0, 0.0, 1.0],
                [0.586514, -0.790968, -0.174255, 0.0, 0.786352, 0.50456, 0.356463, 0.393861, -0.194028, -0.346095, 0.917921, -0.0, 0.0, 0.0, 0.0, 1.0],
                [0.563549, -0.68804, -0.457176, -0.0, 0.814633, 0.554686, 0.169388, 0.39386, 0.137043, -0.467886, 0.873103, 0.0, 0.0, 0.0, 0.0, 1.0],
                [0.439707, -0.607486, -0.661528, 0.0, 0.779518, 0.623968, -0.054863, 0.393861, 0.446098, -0.491547, 0.747918, -0.0, 0.0, 0.0, 0.0, 1.0],
                [0.29087, -0.58789, -0.75484, -0.0, 0.699666, 0.668817, -0.251289, 0.39386, 0.652578, -0.45504, 0.605872, 0.0, 0.0, 0.0, 0.0, 1.0],
                [0.201364, -0.602905, -0.771986, -0.0, 0.645029, 0.674731, -0.358709, 0.39386, 0.737146, -0.42572, 0.524764, -0.0, 0.0, 0.0, 0.0, 1.0],
                [0.203793, -0.609522, -0.76613, -0.0, 0.658444, 0.664451, -0.353487, 0.39386, 0.724511, -0.432412, 0.536752, -0.0, 0.0, 0.0, 0.0, 1.0],
                [0.608345, -0.552924, -0.569378, -0.0, 0.728693, 0.673402, 0.124623, 0.39386, 0.314512, -0.490712, 0.812581, -0.0, 0.0, 0.0, 0.0, 1.0],
                [0.649128, -0.567052, -0.507034, 0.0, 0.713407, 0.685131, 0.147108, 0.39386, 0.263966, -0.457211, 0.849286, 0.0, 0.0, 0.0, 0.0, 1.0],
                [0.570796, -0.697116, -0.433842, -0.0, 0.686563, 0.695016, -0.213492, 0.39386, 0.450354, -0.175999, 0.875336, -0.0, 0.0, 0.0, 0.0, 1.0],
                [0.531213, -0.768519, -0.356633, 0.0, 0.629371, 0.639745, -0.441154, 0.39386, 0.567187, 0.009892, 0.823533, -0.0, 0.0, 0.0, 0.0, 1.0],
                [0.604097, -0.795624, -0.045191, 0.0, 0.793152, 0.594783, 0.130907, 0.39386, -0.077273, -0.114923, 0.990369, 0.0, 0.0, 0.0, 0.0, 1.0],
                [0.538272, -0.672897, 0.507416, 0.0, 0.455983, 0.73887, 0.496133, 0.39386, -0.708758, -0.035681, 0.704551, -0.0, 0.0, 0.0, 0.0, 1.0]
            ]
        },
        {
            "name": "Hand_R",
            "time": [0.0, 0.3, 0.7, 0.8333, 0.8667, 0.9, 0.9333, 0.9667, 1.0, 1.0333, 1.1667, 1.2, 1.3, 1.3667, 1.5, 1.6667],
            "transform": [
                [0.999998, -0.0, -1e-06, 0.0, -0.0, 0.766173, -0.642636, 0.3, 0.0, 0.642634, 0.766175, -0.0, 0.0, 0.0, 0.0, 1.0],
                [0.999998, -1e-06, -0.0, -0.0, 0.0, 0.322086, -0.946713, 0.3, 1e-06, 0.94671, 0.322087, 0.0, 0.0, 0.0, 0.0, 1.0],
                [0.999998, 0.0, -1e-06, 0.0, -1e-06, 0.846393, -0.53256, 0.3, 0.0, 0.532558, 0.846395, -0.0, 0.0, 0.0, 0.0, 1.0],
                [0.999998, -0.0, -1e-06, -0.0, -0.0, 0.565479, -0.824765, 0.3, 1e-06, 0.824763, 0.56548, -0.0, 0.0, 0.0, 0.0, 1.0],
                [0.999998, -0.0, -0.0, -0.0, -0.0, 0.479547, -0.877519, 0.3, 1e-06, 0.877516, 0.479548, -0.0, 0.0, 0.0, 0.0, 1.0],
                [0.999998, -0.0, -0.0, -0.0, -0.0, 0.437582, -0.899181, 0.3, 1e-06, 0.899178, 0.437583, -0.0, 0.0, 0.0, 0.0, 1.0],
                [0.999998, -1e-06, -1e-06, 0.0, -0.0, 0.452823, -0.891603, 0.3, 1e-06, 0.8916, 0.452824, -0.0, 0.0, 0.0, 0.0, 1.0],
                [0.999998, -0.0, -0.0, -0.0, -0.0, 0.494889, -0.868958, 0.3, 0.0, 0.868956, 0.49489, -0.0, 0.0, 0.0, 0.0, 1.0],
                [0.999998, -0.0, -0.0, -0.0, -0.0, 0.502649, -0.864493, 0.300001, 1e-06, 0.86449, 0.50265, -0.0, 0.0, 0.0, 0.0, 1.0],
                [0.999998, -0.0, -0.0, -0.0, -0.0, 0.456581, -0.889684, 0.3, 0.0, 0.889682, 0.456582, -0.0, 0.0, 0.0, 0.0, 1.0],
                [0.999998, -0.0, -0.0, 0.0, -0.0, 0.419968, -0.907541, 0.3, 0.0, 0.907539, 0.419969, 0.0, 0.0, 0.0, 0.0, 1.0],
                [0.999998, -0.0, -0.0, 0.0, -0.0, 0.475503, -0.879716, 0.3, 1e-06, 0.879714, 0.475504, -0.0, 0.0, 0.0, 0.0, 1.0],
                [0.999998, -0.0, -1e-06, -0.0, -1e-06, 0.643401, -0.765531, 0.3, 0.0, 0.765529, 0.643402, -0.0, 0.0, 0.0, 0.0, 1.0],
                [0.999998, 0.0, -1e-06, -0.0, -1e-06, 0.740894, -0.671624, 0.3, 0.0, 0.671622, 0.740896, 0.0, 0.0, 0.0, 0.0, 1.0],
                [0.999998, -0.0, -0.0, -0.0, -0.0, 0.515336, -0.85699, 0.3, 0.0, 0.856988, 0.515337, 0.0, 0.0, 0.0, 0.0, 1.0],
                [0.999998, -0.0, -0.0, -0.0, -0.0, 0.468482, -0.883475, 0.3, 0.0, 0.883473, 0.468483, -0.0, 0.0, 0.0, 0.0, 1.0]
            ]
        },
        {
            "name": "Tool_R",
            "time": [0.0, 0.3, 0.7, 0.8333, 0.8667, 0.9, 0.9333, 0.9667, 1.0, 1.0333, 1.1667, 1.2, 1.3, 1.3667, 1.5, 1.6667],
            "transform": [
                [-0.954645, -0.123321, -0.270911, 0.0, 0.262861, 0.078969, -0.961036, 0.272858, 0.139833, -0.989218, -0.042906, 0.0, 0.0, 0.0, 0.0, 1.0],
                [-0.39271, 0.90397, -0.171841, 0.0, 0.364852, -0.018583, -0.930334, 0.272858, -0.8437, -0.42829, -0.321958, -0.0, 0.0, 0.0, 0.0, 1.0],
                [-0.100724, 0.913383, -0.395431, -0.0, 0.461386, -0.309661, -0.830984, 0.272858, -0.880947, -0.266301, -0.389552, -0.0, 0.0, 0.0, 0.0, 1.0],
                [-0.870414, 0.172521, -0.460885, -0.0, 0.45337, -0.084578, -0.886786, 0.272858, -0.191855, -0.981377, -0.0046, 0.0, 0.0, 0.0, 0.0, 1.0],
                [-0.853713, -0.03779, -0.519079, -0.0, 0.520743, -0.070097, -0.850336, 0.272858, -0.004244, -0.996815, 0.079372, -0.0, 0.0, 0.0, 0.0, 1.0],
                [-0.773683, -0.231096, -0.589638, 0.0, 0.611145, -0.026414, -0.790618, 0.272858, 0.167045, -0.972591, 0.161375, -0.0, 0.0, 0.0, 0.0, 1.0],
                [-0.660541, -0.389884, -0.641385, -0.0, 0.679516, 0.0533, -0.7313, 0.272858, 0.319133, -0.919404, 0.229312, 0.0, 0.0, 0.0, 0.0, 1.0],
                [-0.552963, -0.505564, -0.662134, 0.0, 0.702251, 0.145413, -0.696535, 0.272858, 0.448176, -0.850622, 0.274133, -1e-06, 0.0, 0.0, 0.0, 1.0],
                [-0.478606, -0.582409, -0.656981, -0.0, 0.692277, 0.210497, -0.689887, 0.272858, 0.539787, -0.785438, 0.301901, 0.0, 0.0, 0.0, 0.0, 1.0],
                [-0.444968, -0.64437, -0.621947, -1e-06, 0.658478, 0.235846, -0.714321, 0.272858, 0.60663, -0.727798, 0.318788, -0.0, 0.0, 0.0, 0.0, 1.0],
                [-0.221319, -0.941288, -0.25679, 0.0, 0.217642, 0.209304, -0.952789, 0.272858, 0.950054, -0.266907, 0.15825, 0.0, 0.0, 0.0, 0.0, 1.0],
                [-0.087047, -0.976913, -0.197791, 0.0, 0.109628, 0.188175, -0.975445, 0.272858, 0.989578, -0.106652, 0.090546, 0.0, 0.0, 0.0, 0.0, 1.0],
                [0.448211, -0.88309, -0.141916, 0.0, -0.058234, 0.12976, -0.989262, 0.272858, 0.891511, 0.451919, 0.006711, 0.0, 0.0, 0.0, 0.0, 1.0],
                [0.737655, -0.662233, -0.133448, -0.0, -0.140025, 0.043532, -0.98861, 0.272858, 0.66012, 0.748362, -0.060521, 0.0, 0.0, 0.0, 0.0, 1.0],
                [0.690168, -0.70151, 0.179142, -0.0, 0.212574, -0.040378, -0.975738, 0.272858, 0.691329, 0.711905, 0.121031, 0.0, 0.0, 0.0, 0.0, 1.0],
                [0.816284, -0.417834, 0.398902, -0.053322, 0.32049, -0.247623, -0.913816, 0.242296, 0.480328, 0.874268, -0.068108, 0.070844, 0.0, 0.0, 0.0, 1.0]
            ]
        },
        {
            "name": "Elbow_R",
            "time": [0.0, 0.3, 0.7, 0.8333, 0.8667, 0.9, 0.9333, 0.9667, 1.0, 1.0333, 1.1667, 1.2, 1.3, 1.3667, 1.5, 1.6667],
            "transform": [
                [-1.0, 0.0, -0.0, 0.0, 0.0, -0.0, -1.0, 0.3, -0.0, -1.0, 0.0, -0.0, 0.0, 0.0, 0.0, 1.0],
                [-1.0, 0.0, 0.0, -0.0, 0.0, -0.0, -1.0, 0.3, -0.0, -1.0, 0.0, 0.0, 0.0, 0.0, 0.0, 1.0],
                [-1.0, 0.0, -0.0, 0.0, 0.0, -0.0, -1.0, 0.3, -0.0, -1.0, 0.0, -0.0, 0.0, 0.0, 0.0, 1.0],
                [-1.0, 0.0, -0.0, -0.0, 0.0, -0.0, -1.0, 0.3, -0.0, -1.0, 0.0, -0.0, 0.0, 0.0, 0.0, 1.0],
                [-1.0, 0.0, -0.0, -0.0, 0.0, -0.0, -1.0, 0.3, -0.0, -1.0, 0.0, -0.0, 0.0, 0.0, 0.0, 1.0],
                [-1.0, 0.0, 0.0, -0.0, 0.0, 0.0, -1.0, 0.3, -0.0, -1.0, 0.0, -0.0, 0.0, 0.0, 0.0, 1.0],
                [-1.0, 0.0, -0.0, 0.0, -0.0, -0.0, -1.0, 0.3, -0.0, -1.0, 0.0, -0.0, 0.0, 0.0, 0.0, 1.0],
                [-1.0, 0.0, -0.0, -0.0, 0.0, 0.0, -1.0, 0.3, -0.0, -1.0, 0.0, -0.0, 0.0, 0.0, 0.0, 1.0],
                [-1.0, 0.0, -0.0, -0.0, 0.0, 0.0, -1.0, 0.300001, -0.0, -1.0, 0.0, -0.0, 0.0, 0.0, 0.0, 1.0],
                [-1.0, 0.0, -0.0, -0.0, 0.0, 0.0, -1.0, 0.3, -0.0, -1.0, 0.0, -0.0, 0.0, 0.0, 0.0, 1.0],
                [-1.0, 0.0, 0.0, 0.0, 0.0, 0.0, -1.0, 0.3, -0.0, -1.0, 0.0, 0.0, 0.0, 0.0, 0.0, 1.0],
                [-1.0, 0.0, -0.0, 0.0, -0.0, -0.0, -1.0, 0.3, -0.0, -1.0, 0.0, -0.0, 0.0, 0.0, 0.0, 1.0],
                [-1.0, 0.0, -0.0, -0.0, 0.0, -0.0, -1.0, 0.3, -0.0, -1.0, 0.0, -0.0, 0.0, 0.0, 0.0, 1.0],
                [-1.0, 0.0, -0.0, -0.0, 0.0, -0.0, -1.0, 0.3, -0.0, -1.0, 0.0, 0.0, 0.0, 0.0, 0.0, 1.0],
                [-1.0, 0.0, -0.0, -0.0, -0.0, -0.0, -1.0, 0.3, -0.0, -1.0, 0.0, 0.0, 0.0, 0.0, 0.0, 1.0],
                [-1.0, 0.0, -0.0, -0.0, 0.0, -0.0, -1.0, 0.3, -0.0, -1.0, 0.0, -0.0, 0.0, 0.0, 0.0, 1.0]
            ]
        },
        {
            "name": "Shoulder_L",
            "time": [0.0, 0.3, 0.7, 0.8333, 0.8667, 0.9, 0.9333, 0.9667, 1.0, 1.0333, 1.1667, 1.2, 1.3, 1.3667, 1.5, 1.6667],
            "transform": [
                [0.32667, -0.942252, 0.073833, -0.0, -0.863656, -0.32932, -0.381661, 0.4, 0.383947, 0.060911, -0.921332, -0.0, 0.0, 0.0, 0.0, 1.0],
                [0.335799, -0.935452, 0.110324, 0.0, -0.913477, -0.351982, -0.204187, 0.4, 0.229846, -0.032212, -0.97268, 0.0, 0.0, 0.0, 0.0, 1.0],
                [0.330068, -0.927602, -0.174963, -0.0, -0.916911, -0.270982, -0.293027, 0.4, 0.224407, 0.257144, -0.939943, -0.0, 0.0, 0.0, 0.0, 1.0],
                [0.293843, -0.953616, 0.065386, -0.0, -0.857143, -0.29315, -0.423539, 0.4, 0.423074, 0.068408, -0.903498, 0.0, 0.0, 0.0, 0.0, 1.0],
                [0.350552, -0.933773, 0.072005, 0.0, -0.834337, -0.34629, -0.428929, 0.4, 0.42547, 0.090285, -0.900447, -0.0, 0.0, 0.0, 0.0, 1.0],
                [0.443443, -0.895038, 0.047662, -0.0, -0.800205, -0.419282, -0.428821, 0.4, 0.403807, 0.152018, -0.902114, 0.0, 0.0, 0.0, 0.0, 1.0],
                [0.539734, -0.841805, 0.007816, 0.0, -0.759959, -0.491195, -0.425678, 0.4, 0.362188, 0.223812, -0.904824, -0.0, 0.0, 0.0, 0.0, 1.0],
                [0.611865, -0.790367, -0.030867, -0.0, -0.724885, -0.544684, -0.42175, 0.4, 0.316534, 0.280428, -0.90617, 0.0, 0.0, 0.0, 0.0, 1.0],
                [0.640112, -0.76659, -0.051067, 0.0, -0.710037, -0.564861, -0.420464, 0.4, 0.293487, 0.305404, -0.905854, 0.0, 0.0, 0.0, 0.0, 1.0],
                [0.635654, -0.770104, -0.053822, 0.0, -0.713282, -0.559203, -0.422529, 0.4, 0.295302, 0.306972, -0.904733, -0.0, 0.0, 0.0, 0.0, 1.0],
                [0.540624, -0.840545, -0.034898, -0.0, -0.765858, -0.474556, -0.4339, 0.4, 0.348162, 0.261304, -0.900268, -0.0, 0.0, 0.0, 0.0, 1.0],
                [0.50477, -0.862819, -0.027536, 0.0, -0.783759, -0.444665, -0.433598, 0.4, 0.361884, 0.240449, -0.900669, -0.0, 0.0, 0.0, 0.0, 1.0],
                [0.380842, -0.924587, -0.010131, 0.0, -0.842162, -0.342315, -0.416653, 0.4, 0.381775, 0.167211, -0.908992, 0.0, 0.0, 0.0, 0.0, 1.0],
                [0.294147, -0.955757, 0.002846, -0.0, -0.872903, -0.26985, -0.406497, 0.399999, 0.389293, 0.117086, -0.913631, -0.0, 0.0, 0.0, 0.0, 1.0],
                [0.202914, -0.979187, 0.00457, -0.0, -0.891328, -0.18663, -0.413186, 0.4, 0.405452, 0.079768, -0.910618, -0.0, 0.0, 0.0, 0.0, 1.0],
                [0.092659, -0.995613, -0.012992, 0.0, -0.897292, -0.077836, -0.434542, 0.4, 0.431637, 0.051922, -0.900541, -0.0, 0.0, 0.0, 0.0, 1.0]
            ]
        },
        {
            "name": "Arm_L",
            "time": [0.0, 0.3, 0.7, 0.8333, 0.8667, 0.9, 0.9333, 0.9667, 1.0, 1.0333, 1.1667, 1.2, 1.3, 1.3667, 1.5, 1.6667],
            "transform": [
                [0.589824, 0.802059, -0.09372, -0.0, -0.801611, 0.595563, 0.051956, 0.39386, 0.097485, 0.044481, 0.994269, 0.0, 0.0, 0.0, 0.0, 1.0],
                [0.928435, 0.366341, -0.061467, 0.0, -0.344314, 0.91081, 0.227707, 0.39386, 0.139399, -0.190242, 0.971815, 0.0, 0.0, 0.0, 0.0, 1.0],
                [0.928399, 0.325261, -0.179607, 0.0, -0.339279, 0.93918, -0.052937, 0.39386, 0.151461, 0.110081, 0.98234, 0.0, 0.0, 0.0, 0.0, 1.0],
                [0.743198, 0.634533, -0.212134, -0.0, -0.550028, 0.75997, 0.346261, 0.39386, 0.380921, -0.140657, 0.913868, 0.0, 0.0, 0.0, 0.0, 1.0],
                [0.791939, 0.547605, -0.270077, 0.0, -0.482147, 0.832235, 0.273674, 0.39386, 0.374623, -0.086514, 0.923154, -0.0, 0.0, 0.0, 0.0, 1.0],
                [0.879783, 0.34179, -0.330371, -0.0, -0.327755, 0.939527, 0.099194, 0.39386, 0.344288, 0.021011, 0.938652, -0.0, 0.0, 0.0, 0.0, 1.0],
                [0.932777, 0.077095, -0.352092, -0.0, -0.126694, 0.984636, -0.120055, 0.39386, 0.337418, 0.156588, 0.928263, 0.0, 0.0, 0.0, 0.0, 1.0],
