{
    "animation": [
        {
            "name": "Root",
            "time": [0.0, 2.0, 4.0],
            "transform": [
                [0.999997, 0.002329, 0.0, 0.070545, 0.0, -0.0, -1.0, 0.000946, -0.002329, 0.999997, -0.0, 2.439784, 0.0, 0.0, 0.0, 1.0],
                [0.999997, 0.002329, 0.0, 0.070545, 0.0, -0.0, -1.0, 0.000946, -0.002329, 0.999997, -0.0, 2.439784, 0.0, 0.0, 0.0, 1.0],
                [0.999997, 0.002329, 0.0, 0.070545, 0.0, -0.0, -1.0, 0.000946, -0.002329, 0.999997, -0.0, 2.439784, 0.0, 0.0, 0.0, 1.0]
            ]
        },
        {
            "name": "Thigh_R",
            "time": [0.0, 2.0, 4.0],
            "transform": [
                [0.54974, 0.820949, 0.154363, 0.124994, 0.270328, -0.349688, 0.897018, -0.002831, 0.790385, -0.451398, -0.414164, -1.2e-05, 0.0, 0.0, 0.0, 1.0],
                [0.364251, 0.796086, 0.48329, 0.124994, 0.433133, -0.604212, 0.668823, -0.002831, 0.824449, -0.034291, -0.564896, -1.2e-05, 0.0, 0.0, 0.0, 1.0],
                [0.54974, 0.820949, 0.154363, 0.124994, 0.270328, -0.349688, 0.897018, -0.002831, 0.790385, -0.451398, -0.414164, -1.2e-05, 0.0, 0.0, 0.0, 1.0]
            ]
        },
        {
            "name": "Leg_R",
            "time": [0.0, 2.0, 4.0],
            "transform": [
                [1.0, 0.0, 0.0, 0.0, 0.0, -0.3196, 0.947553, 0.37472, 0.0, -0.947553, -0.3196, -0.0, 0.0, 0.0, 0.0, 1.0],
                [1.0, 0.0, -0.0, 0.0, 0.0, -0.089766, 0.995963, 0.37472, 0.0, -0.995963, -0.089766, -0.0, 0.0, 0.0, 0.0, 1.0],
                [1.0, 0.0, 0.0, 0.0, 0.0, -0.3196, 0.947553, 0.37472, 0.0, -0.947553, -0.3196, -0.0, 0.0, 0.0, 0.0, 1.0]
            ]
        },
        {
            "name": "Knee_R",
            "time": [0.0, 2.0, 4.0],
            "transform": [
                [1.0, 0.0, -0.0, 0.0, -0.0, 1e-06, -1.0, 0.37472, -0.0, 1.0, 1e-06, -0.0, 0.0, 0.0, 0.0, 1.0],
                [1.0, 0.0, -0.0, 0.0, -0.0, 1e-06, -1.0, 0.37472, -0.0, 1.0, 1e-06, -0.0, 0.0, 0.0, 0.0, 1.0],
                [1.0, 0.0, -0.0, 0.0, -0.0, 1e-06, -1.0, 0.37472, -0.0, 1.0, 1e-06, -0.0, 0.0, 0.0, 0.0, 1.0]
            ]
        },
        {
            "name": "Thigh_L",
            "time": [0.0, 2.0, 4.0],
            "transform": [
                [0.937786, -0.007905, -0.347123, -0.125006, 0.193605, -0.817993, 0.541669, -0.002831, -0.288226, -0.575173, -0.765573, -1.2e-05, 0.0, 0.0, 0.0, 1.0],
                [0.883205, -0.315364, -0.347123, -0.125006, -0.085694, -0.836212, 0.541669, -0.002831, -0.461092, -0.448657, -0.765573, -1.2e-05, 0.0, 0.0, 0.0, 1.0],
                [0.937786, -0.007905, -0.347123, -0.125006, 0.193605, -0.817993, 0.541669, -0.002831, -0.288226, -0.575173, -0.765573, -1.2e-05, 0.0, 0.0, 0.0, 1.0]
            ]
        },
        {
            "name": "Leg_L",
            "time": [0.0, 2.0, 4.0],
            "transform": [
                [1.0, -0.0, -0.0, -0.0, 0.0, -0.769842, 0.638235, 0.37472, -0.0, -0.638234, -0.769843, -0.0, 0.0, 0.0, 0.0, 1.0],
                [1.0, -0.0, -0.0, -0.0, -0.0, -0.769842, 0.638234, 0.37472, -0.0, -0.638234, -0.769843, 0.0, 0.0, 0.0, 0.0, 1.0],
                [1.0, -0.0, -0.0, -0.0, 0.0, -0.769842, 0.638235, 0.37472, -0.0, -0.638234, -0.769843, -0.0, 0.0, 0.0, 0.0, 1.0]
            ]
        },
        {
            "name": "Knee_L",
            "time": [0.0, 2.0, 4.0],
            "transform": [
                [1.0, 0.0, -0.0, -0.0, -0.0, 1e-06, -1.0, 0.37472, -0.0, 1.0, 1e-06, -0.0, 0.0, 0.0, 0.0, 1.0],
                [1.0, 0.0, -0.0, -0.0, -0.0, 1e-06, -1.0, 0.37472, -0.0, 1.0, 1e-06, 0.0, 0.0, 0.0, 0.0, 1.0],
                [1.0, 0.0, -0.0, -0.0, -0.0, 1e-06, -1.0, 0.37472, -0.0, 1.0, 1e-06, -0.0, 0.0, 0.0, 0.0, 1.0]
            ]
        },
        {
            "name": "Torso",
            "time": [0.0, 2.0, 4.0],
            "transform": [
                [0.730828, -0.411022, -0.544933, 0.0, 0.350234, 0.911067, -0.217472, 0.05, 0.585856, -0.031919, 0.809786, 0.0, 0.0, 0.0, 0.0, 1.0],
                [0.730828, -0.411022, -0.544933, 0.0, 0.350234, 0.911067, -0.217472, 0.05, 0.585856, -0.031919, 0.809786, 0.0, 0.0, 0.0, 0.0, 1.0],
                [0.730828, -0.411022, -0.544933, 0.0, 0.350234, 0.911067, -0.217472, 0.05, 0.585856, -0.031919, 0.809786, 0.0, 0.0, 0.0, 0.0, 1.0]
            ]
        },
        {
            "name": "Chest",
            "time": [0.0, 2.0, 4.0],
            "transform": [
                [0.996866, 0.079097, 0.001304, -0.0, -0.03527, 0.429639, 0.902312, 0.3, 0.070809, -0.89953, 0.431083, 0.0, 0.0, 0.0, 0.0, 1.0],
                [0.996866, 0.079097, 0.001304, -0.0, -0.03527, 0.429639, 0.902312, 0.3, 0.070809, -0.89953, 0.431083, 0.0, 0.0, 0.0, 0.0, 1.0],
                [0.996866, 0.079097, 0.001304, -0.0, -0.03527, 0.429639, 0.902312, 0.3, 0.070809, -0.89953, 0.431083, 0.0, 0.0, 0.0, 0.0, 1.0]
            ]
        },
        {
            "name": "Head",
            "time": [0.0, 2.0, 4.0],
            "transform": [
                [0.800892, 0.220505, 0.556731, 0.0, 0.12587, 0.846967, -0.516531, 0.4, -0.58543, 0.483761, 0.650574, -0.0, 0.0, 0.0, 0.0, 1.0],
                [0.800892, 0.322248, 0.504707, 0.0, 0.12587, 0.733424, -0.668017, 0.4, -0.58543, 0.598537, 0.546832, -0.0, 0.0, 0.0, 0.0, 1.0],
                [0.800892, 0.220505, 0.556731, 0.0, 0.12587, 0.846967, -0.516531, 0.4, -0.58543, 0.483761, 0.650574, -0.0, 0.0, 0.0, 0.0, 1.0]
            ]
        },
        {
            "name": "Shoulder_R",
            "time": [0.0, 2.0, 4.0],
            "transform": [
                [0.501041, 0.560948, -0.659009, 0.0, 0.559219, -0.791013, -0.24814, 0.4, -0.660482, -0.244201, -0.71002, -0.0, 0.0, 0.0, 0.0, 1.0],
                [0.501041, 0.560948, -0.659009, 0.0, 0.559219, -0.791013, -0.24814, 0.4, -0.660482, -0.244201, -0.71002, -0.0, 0.0, 0.0, 0.0, 1.0],
                [0.501041, 0.560948, -0.659009, 0.0, 0.559219, -0.791013, -0.24814, 0.4, -0.660482, -0.244201, -0.71002, -0.0, 0.0, 0.0, 0.0, 1.0]
            ]
        },
        {
            "name": "Arm_R",
            "time": [0.0, 2.0, 4.0],
            "transform": [
                [0.538272, -0.672897, 0.507416, -0.0, 0.455983, 0.73887, 0.496133, 0.39386, -0.708758, -0.035681, 0.704551, -0.0, 0.0, 0.0, 0.0, 1.0],
                [0.538272, -0.672897, 0.507416, -0.0, 0.455983, 0.73887, 0.496133, 0.39386, -0.708758, -0.035681, 0.704551, -0.0, 0.0, 0.0, 0.0, 1.0],
                [0.538272, -0.672897, 0.507416, -0.0, 0.455983, 0.73887, 0.496133, 0.39386, -0.708758, -0.035681, 0.704551, -0.0, 0.0, 0.0, 0.0, 1.0]
            ]
        },
        {
            "name": "Hand_R",
            "time": [0.0, 2.0, 4.0],
            "transform": [
                [0.999998, -0.0, -0.0, -0.0, -0.0, 0.468482, -0.883475, 0.3, 0.0, 0.883473, 0.468483, 0.0, 0.0, 0.0, 0.0, 1.0],
                [0.999998, -0.0, -0.0, -0.0, -0.0, 0.468482, -0.883475, 0.3, 0.0, 0.883473, 0.468483, 0.0, 0.0, 0.0, 0.0, 1.0],
                [0.999998, -0.0, -0.0, -0.0, -0.0, 0.468482, -0.883475, 0.3, 0.0, 0.883473, 0.468483, 0.0, 0.0, 0.0, 0.0, 1.0]
            ]
        },
        {
            "name": "Tool_R",
            "time": [0.0, 2.0, 4.0],
            "transform": [
                [0.81628, -0.403711, 0.413163, -0.053322, 0.320498, -0.279248, -0.904671, 0.242296, 0.480329, 0.871372, -0.098392, 0.070844, 0.0, 0.0, 0.0, 1.0],
                [0.81628, -0.403711, 0.413163, -0.053322, 0.320498, -0.279248, -0.904671, 0.242296, 0.480329, 0.871372, -0.098392, 0.070844, 0.0, 0.0, 0.0, 1.0],
                [0.81628, -0.403711, 0.413163, -0.053322, 0.320498, -0.279248, -0.904671, 0.242296, 0.480329, 0.871372, -0.098392, 0.070844, 0.0, 0.0, 0.0, 1.0]
            ]
        },
        {
            "name": "Elbow_R",
            "time": [0.0, 2.0, 4.0],
            "transform": [
                [-1.0, 0.0, -0.0, -0.0, 0.0, -0.0, -1.0, 0.3, -0.0, -1.0, 0.0, 0.0, 0.0, 0.0, 0.0, 1.0],
                [-1.0, 0.0, -0.0, -0.0, 0.0, -0.0, -1.0, 0.3, -0.0, -1.0, 0.0, 0.0, 0.0, 0.0, 0.0, 1.0],
                [-1.0, 0.0, -0.0, -0.0, 0.0, -0.0, -1.0, 0.3, -0.0, -1.0, 0.0, 0.0, 0.0, 0.0, 0.0, 1.0]
            ]
        },
        {
            "name": "Shoulder_L",
            "time": [0.0, 2.0, 4.0],
            "transform": [
                [0.092659, -0.995613, -0.012992, 0.0, -0.897292, -0.077836, -0.434542, 0.4, 0.431637, 0.051922, -0.900541, -0.0, 0.0, 0.0, 0.0, 1.0],
                [0.092659, -0.943556, 0.317983, 0.0, -0.897293, -0.217568, -0.384123, 0.4, 0.431638, -0.249732, -0.866779, -0.0, 0.0, 0.0, 0.0, 1.0],
                [0.092659, -0.995613, -0.012992, 0.0, -0.897292, -0.077836, -0.434542, 0.4, 0.431637, 0.051922, -0.900541, -0.0, 0.0, 0.0, 0.0, 1.0]
            ]
        },
        {
            "name": "Arm_L",
            "time": [0.0, 2.0, 4.0],
            "transform": [
                [0.694806, 0.601498, -0.394247, 0.0, -0.660617, 0.750458, -0.01928, 0.39386, 0.284262, 0.273834, 0.918831, 0.0, 0.0, 0.0, 0.0, 1.0],
                [0.882089, 0.257828, -0.394247, 0.0, -0.288425, 0.957294, -0.019275, 0.39386, 0.372431, 0.130709, 0.918831, 0.0, 0.0, 0.0, 0.0, 1.0],
                [0.694806, 0.601498, -0.394247, 0.0, -0.660617, 0.750458, -0.01928, 0.39386, 0.284262, 0.273834, 0.918831, 0.0, 0.0, 0.0, 0.0, 1.0]
            ]
        },
        {
            "name": "Hand_L",
            "time": [0.0, 2.0, 4.0],
            "transform": [
                [0.999999, -1.2e-05, 5e-06, 0.0, -3e-06, -0.581741, -0.813376, 0.3, 1.3e-05, 0.813373, -0.581743, 0.0, 0.0, 0.0, 0.0, 1.0],
                [0.999999, -1.5e-05, -5e-06, -0.0, -7e-06, -0.176457, -0.984311, 0.3, 1.4e-05, 0.984308, -0.176458, 0.0, 0.0, 0.0, 0.0, 1.0],
                [0.999999, -1.2e-05, 5e-06, 0.0, -3e-06, -0.581741, -0.813376, 0.3, 1.3e-05, 0.813373, -0.581743, 0.0, 0.0, 0.0, 0.0, 1.0]
            ]
        },
        {
            "name": "Tool_L",
            "time": [0.0, 2.0, 4.0],
            "transform": [
                [-0.68029, -0.663184, -0.312716, 0.0, 0.680029, -0.410087, -0.607812, 0.272858, 0.274946, -0.6259, 0.728721, -1e-06, 0.0, 0.0, 0.0, 1.0],
                [-0.68029, -0.663184, -0.312716, 0.0, 0.680029, -0.410087, -0.607811, 0.272858, 0.274946, -0.6259, 0.728721, -0.0, 0.0, 0.0, 0.0, 1.0],
                [-0.68029, -0.663184, -0.312716, 0.0, 0.680029, -0.410087, -0.607812, 0.272858, 0.274946, -0.6259, 0.728721, -1e-06, 0.0, 0.0, 0.0, 1.0]
            ]
        },
        {
            "name": "Elbow_L",
            "time": [0.0, 2.0, 4.0],
            "transform": [
                [-1.0, 0.0, -0.0, 0.0, 0.0, -0.0, -1.0, 0.3, -0.0, -1.0, -0.0, 0.0, 0.0, 0.0, 0.0, 1.0],
                [-1.0, 0.0, -0.0, -0.0, 0.0, -0.0, -1.0, 0.3, -0.0, -1.0, -0.0, 0.0, 0.0, 0.0, 0.0, 1.0],
                [-1.0, 0.0, -0.0, 0.0, 0.0, -0.0, -1.0, 0.3, -0.0, -1.0, -0.0, 0.0, 0.0, 0.0, 0.0, 1.0]
            ]
        }
    ]
}