{
    "animation": [
        {
            "name": "Root",
            "time": [0.0, 0.3333, 0.7, 0.8333, 1.0, 1.1667, 1.3333, 1.5, 1.6667],
            "transform": [
                [1.0, -0.0, 0.0, -2.2e-05, 0.0, -0.0, -1.0, 4.1e-05, 0.0, 1.0, -0.0, 0.657943, 0.0, 0.0, 0.0, 1.0],
                [1.0, -0.0, 0.0, 0.027742, 0.0, -0.0, -1.0, 0.261912, 0.0, 1.0, -0.0, 0.579787, 0.0, 0.0, 0.0, 1.0],
                [1.0, -0.0, 0.0, 0.074827, 0.0, -0.0, -1.0, 0.678304, 0.0, 1.0, -0.0, 0.657943, 0.0, 0.0, 0.0, 1.0],
                [1.0, -0.0, 0.0, 0.091912, 0.0, -0.0, -1.0, 0.960915, 0.0, 1.0, -0.0, 0.981933, 0.0, 0.0, 0.0, 1.0],
                [1.0, -0.0, 0.0, 0.428255, 0.0, -0.0, -1.0, 1.669826, 0.0, 1.0, -0.0, 2.125667, 0.0, 0.0, 0.0, 1.0],
                [1.0, -0.0, 0.0, 0.519462, 0.0, -0.0, -1.0, 2.290353, 0.0, 1.0, -0.0, 3.276552, 0.0, 0.0, 0.0, 1.0],
                [1.0, -0.0, 0.0, 0.434872, 0.0, -0.0, -1.0, 2.702434, 0.0, 1.0, -0.0, 4.327896, 0.0, 0.0, 0.0, 1.0],
                [1.0, -0.0, 0.0, 0.305272, 0.0, -0.0, -1.0, 2.79397, 0.0, 1.0, -0.0, 4.400073, 0.0, 0.0, 0.0, 1.0],
                [0.999997, 0.002329, 0.0, 0.072946, 0.0, -0.0, -1.0, 2.80643, -0.002329, 0.999997, -0.0, 4.467635, 0.0, 0.0, 0.0, 1.0]
            ]
        },
        {
            "name": "Thigh_R",
            "time": [0.0, 0.3333, 0.7, 0.8333, 1.0, 1.1667, 1.3333, 1.5, 1.6667],
            "transform": [
                [0.589233, 0.231014, 0.774233, 0.124994, 0.263976, -0.960709, 0.085755, -0.002831, 0.763624, 0.153849, -0.627064, -1.2e-05, 0.0, 0.0, 0.0, 1.0],
                [0.887836, 0.346567, 0.302719, 0.124994, 0.258887, -0.920061, 0.29405, -0.002831, 0.380428, -0.182698, -0.906585, -1.2e-05, 0.0, 0.0, 0.0, 1.0],
                [0.988448, 0.134277, 0.070279, 0.124994, 0.134701, -0.990885, -0.001305, -0.002831, 0.069463, 0.010757, -0.997527, -1.2e-05, 0.0, 0.0, 0.0, 1.0],
                [0.391408, -0.090325, -0.915774, 0.01177, -0.197185, -0.980288, 0.01241, -0.035137, -0.898842, 0.17572, -0.401503, -0.084374, 0.0, 0.0, 0.0, 1.0],
                [-0.598358, -0.66496, -0.446986, -0.068745, -0.115071, -0.480773, 0.869262, -0.056539, -0.792923, 0.571565, 0.211157, -0.092493, 0.0, 0.0, 0.0, 1.0],
                [-0.930685, 0.112292, 0.348162, -0.058767, 0.15447, -0.742087, 0.652262, -0.013959, 0.33161, 0.660831, 0.673303, 0.094665, 0.0, 0.0, 0.0, 1.0],
                [-0.377721, 0.501489, 0.778354, 0.042607, 0.201327, -0.776033, 0.597695, -0.004944, 0.903766, 0.382467, 0.192161, 0.134199, 0.0, 0.0, 0.0, 1.0],
                [0.091901, 0.764243, 0.638346, 0.093124, 0.212607, -0.641336, 0.737215, 0.020816, 0.972806, 0.067966, -0.221423, 0.085462, 0.0, 0.0, 0.0, 1.0],
                [0.54974, 0.820949, 0.154363, 0.124994, 0.270328, -0.349688, 0.897018, -0.002831, 0.790385, -0.451398, -0.414164, -1.2e-05, 0.0, 0.0, 0.0, 1.0]
            ]
        },
        {
            "name": "Leg_R",
            "time": [0.0, 0.3333, 0.7, 0.8333, 1.0, 1.1667, 1.3333, 1.5, 1.6667],
            "transform": [
                [1.0, 0.0, -1e-06, -0.0, 0.0, 0.932201, 0.361941, 0.37472, 1e-06, -0.361941, 0.932201, 0.0, 0.0, 0.0, 0.0, 1.0],
                [1.0, 0.0, -0.0, 0.0, 0.0, 0.295993, 0.95519, 0.37472, 0.0, -0.95519, 0.295993, -0.0, 0.0, 0.0, 0.0, 1.0],
                [1.0, 0.0, -0.0, 0.0, 0.0, 0.649305, 0.760528, 0.37472, 0.0, -0.760528, 0.649305, -0.0, 0.0, 0.0, 0.0, 1.0],
                [1.0, 0.0, -0.0, -0.0, 0.0, 0.778239, 0.627969, 0.37472, 0.0, -0.627969, 0.778239, -0.0, 0.0, 0.0, 0.0, 1.0],
                [1.0, 0.0, -0.0, 0.0, 0.0, 0.415888, 0.909416, 0.37472, 0.0, -0.909416, 0.415888, 0.0, 0.0, 0.0, 0.0, 1.0],
                [1.0, 0.0, -0.0, -0.0, 0.0, 0.315099, 0.949059, 0.37472, 0.0, -0.949059, 0.315099, -0.0, 0.0, 0.0, 0.0, 1.0],
                [1.0, 0.0, -0.0, 0.0, 0.0, 0.299523, 0.954089, 0.37472, 0.0, -0.95409, 0.299523, -0.0, 0.0, 0.0, 0.0, 1.0],
                [1.0, 0.0, -0.0, 0.0, 0.0, 0.114222, 0.993455, 0.374721, 0.0, -0.993456, 0.114222, -0.0, 0.0, 0.0, 0.0, 1.0],
                [1.0, 0.0, 0.0, 0.0, 0.0, -0.3196, 0.947553, 0.37472, 0.0, -0.947553, -0.3196, 0.0, 0.0, 0.0, 0.0, 1.0]
            ]
        },
        {
            "name": "Knee_R",
            "time": [0.0, 0.3333, 0.7, 0.8333, 1.0, 1.1667, 1.3333, 1.5, 1.6667],
            "transform": [
                [1.0, -0.0, -0.0, -0.0, -0.0, 1e-06, -1.0, 0.37472, -0.0, 1.0, 1e-06, 0.0, 0.0, 0.0, 0.0, 1.0],
                [1.0, 0.0, -0.0, 0.0, -0.0, 1e-06, -1.0, 0.37472, -0.0, 1.0, 1e-06, -0.0, 0.0, 0.0, 0.0, 1.0],
                [1.0, 0.0, -0.0, 0.0, -0.0, 1e-06, -1.0, 0.37472, -0.0, 1.0, 1e-06, -0.0, 0.0, 0.0, 0.0, 1.0],
                [1.0, 0.0, -0.0, -0.0, -0.0, 1e-06, -1.0, 0.37472, -0.0, 1.0, 1e-06, -0.0, 0.0, 0.0, 0.0, 1.0],
                [1.0, 0.0, -0.0, 0.0, -0.0, 1e-06, -1.0, 0.37472, -0.0, 1.0, 1e-06, 0.0, 0.0, 0.0, 0.0, 1.0],
                [1.0, 0.0, -0.0, -0.0, -0.0, 1e-06, -1.0, 0.37472, -0.0, 1.0, 1e-06, -0.0, 0.0, 0.0, 0.0, 1.0],
                [1.0, 0.0, -0.0, 0.0, -0.0, 1e-06, -1.0, 0.37472, -0.0, 1.0, 1e-06, -0.0, 0.0, 0.0, 0.0, 1.0],
                [1.0, 0.0, -0.0, 0.0, -0.0, 1e-06, -1.0, 0.374721, -0.0, 1.0, 1e-06, -0.0, 0.0, 0.0, 0.0, 1.0],
                [1.0, 0.0, -0.0, 0.0, -0.0, 1e-06, -1.0, 0.37472, -0.0, 1.0, 1e-06, 0.0, 0.0, 0.0, 0.0, 1.0]
            ]
        },
        {
            "name": "Thigh_L",
            "time": [0.0, 0.3333, 0.7, 0.8333, 1.0, 1.1667, 1.3333, 1.5, 1.6667],
            "transform": [
                [0.893312, -0.046856, 0.446989, -0.125006, -0.213767, -0.919146, 0.330867, -0.002831, 0.395345, -0.391118, -0.831101, -1.2e-05, 0.0, 0.0, 0.0, 1.0],
                [0.966036, -0.18663, -0.178729, -0.121918, 0.027989, -0.612013, 0.790352, -0.005431, -0.256888, -0.76851, -0.586004, 0.006846, 0.0, 0.0, 0.0, 1.0],
                [0.698942, -0.481027, -0.529238, -0.087951, -0.022802, -0.754621, 0.655764, -0.034033, -0.714815, -0.446273, -0.538405, 0.082288, 0.0, 0.0, 0.0, 1.0],
                [0.359137, -0.350962, -0.864781, -0.016419, -0.282556, -0.924001, 0.257652, 0.052604, -0.889484, 0.151817, -0.43101, 0.160924, 0.0, 0.0, 0.0, 1.0],
                [-0.942105, -0.207338, 0.263534, 0.11508, 0.331954, -0.465623, 0.820367, -0.006159, -0.047386, 0.860352, 0.507493, 0.06243, 0.0, 0.0, 0.0, 1.0],
                [-0.367516, 0.601906, 0.708972, 0.131863, 0.222596, -0.683234, 0.695444, -0.03527, 0.902986, 0.413401, 0.117118, -0.070779, 0.0, 0.0, 0.0, 1.0],
                [0.376634, 0.769842, 0.515257, 0.056723, 0.158173, -0.60149, 0.783065, -0.022648, 0.912759, -0.213428, -0.34831, -0.091417, 0.0, 0.0, 0.0, 1.0],
                [0.826519, 0.550127, 0.119276, -0.010079, 0.296296, -0.605335, 0.738768, -0.048557, 0.478618, -0.575264, -0.663322, -0.123773, 0.0, 0.0, 0.0, 1.0],
                [0.937786, -0.007905, -0.347123, -0.125006, 0.193605, -0.817993, 0.541669, -0.002831, -0.288226, -0.575173, -0.765573, -1.2e-05, 0.0, 0.0, 0.0, 1.0]
            ]
        },
        {
            "name": "Leg_L",
            "time": [0.0, 0.3333, 0.7, 0.8333, 1.0, 1.1667, 1.3333, 1.5, 1.6667],
            "transform": [
                [1.0, -0.0, 0.0, 0.0, -0.0, 0.862422, 0.50619, 0.37472, -0.0, -0.50619, 0.862423, 0.0, 0.0, 0.0, 0.0, 1.0],
                [1.0, -0.0, 0.0, 0.0, 0.0, 0.529466, 0.848332, 0.37472, -0.0, -0.848331, 0.529467, -0.0, 0.0, 0.0, 0.0, 1.0],
                [1.0, -0.0, 0.0, 0.0, 0.0, 0.533743, 0.845647, 0.37472, -0.0, -0.845646, 0.533744, 0.0, 0.0, 0.0, 0.0, 1.0],
                [1.0, -0.0, 0.0, 0.0, 0.0, 0.859234, 0.511582, 0.37472, -0.0, -0.511582, 0.859235, 0.0, 0.0, 0.0, 0.0, 1.0],
                [1.0, -0.0, 0.0, -0.0, -0.0, 0.000498, 1.000001, 0.37472, -0.0, -0.999999, 0.000498, -0.0, 0.0, 0.0, 0.0, 1.0],
                [1.0, -0.0, 0.0, -0.0, -0.0, -0.239926, 0.970792, 0.374721, -0.0, -0.970791, -0.239927, 0.0, 0.0, 0.0, 0.0, 1.0],
                [1.0, -0.0, -0.0, 0.0, 0.0, -0.338778, 0.940867, 0.37472, -0.0, -0.940866, -0.338779, -0.0, 0.0, 0.0, 0.0, 1.0],
                [1.0, -0.0, -0.0, -0.0, 0.0, -0.60232, 0.798255, 0.37472, -0.0, -0.798254, -0.602321, 0.0, 0.0, 0.0, 0.0, 1.0],
                [1.0, -0.0, -0.0, -0.0, 0.0, -0.769842, 0.638235, 0.37472, -0.0, -0.638234, -0.769843, -0.0, 0.0, 0.0, 0.0, 1.0]
            ]
        },
        {
            "name": "Knee_L",
            "time": [0.0, 0.3333, 0.7, 0.8333, 1.0, 1.1667, 1.3333, 1.5, 1.6667],
            "transform": [
                [1.0, 0.0, -0.0, 0.0, -0.0, 1e-06, -1.0, 0.37472, -0.0, 1.0, 1e-06, 0.0, 0.0, 0.0, 0.0, 1.0],
                [1.0, 0.0, -0.0, 0.0, -0.0, 1e-06, -1.0, 0.37472, -0.0, 1.0, 1e-06, -0.0, 0.0, 0.0, 0.0, 1.0],
                [1.0, 0.0, -0.0, 0.0, -0.0, 1e-06, -1.0, 0.37472, -0.0, 1.0, 1e-06, 0.0, 0.0, 0.0, 0.0, 1.0],
                [1.0, 0.0, -0.0, 0.0, -0.0, 1e-06, -1.0, 0.37472, -0.0, 1.0, 1e-06, 0.0, 0.0, 0.0, 0.0, 1.0],
                [1.0, 0.0, -0.0, -0.0, -0.0, 1e-06, -1.0, 0.37472, -0.0, 1.0, 1e-06, -0.0, 0.0, 0.0, 0.0, 1.0],
                [1.0, 0.0, -0.0, -0.0, -0.0, 1e-06, -1.0, 0.374721, -0.0, 1.0, 1e-06, 0.0, 0.0, 0.0, 0.0, 1.0],
                [1.0, 0.0, -0.0, 0.0, -0.0, 1e-06, -1.0, 0.37472, -0.0, 1.0, 0.0, -0.0, 0.0, 0.0, 0.0, 1.0],
                [1.0, 0.0, -0.0, -0.0, -0.0, 1e-06, -1.0, 0.37472, -0.0, 1.0, 1e-06, 0.0, 0.0, 0.0, 0.0, 1.0],
                [1.0, 0.0, -0.0, -0.0, -0.0, 1e-06, -1.0, 0.37472, -0.0, 1.0, 1e-06, -0.0, 0.0, 0.0, 0.0, 1.0]
            ]
        },
        {
            "name": "Torso",
            "time": [0.0, 0.3333, 0.7, 0.8333, 1.0, 1.1667, 1.3333, 1.5, 1.6667],
            "transform": [
                [0.701234, -0.067462, -0.709732, -0.0, 0.007342, 0.996143, -0.087433, 0.05, 0.712893, 0.056101, 0.699025, 0.0, 0.0, 0.0, 0.0, 1.0],
                [0.905923, 0.051269, -0.420327, -0.0, 0.051058, 0.972175, 0.228624, 0.05, 0.420353, -0.228577, 0.878098, 0.0, 0.0, 0.0, 0.0, 1.0],
                [0.728652, 0.067559, 0.681543, 0.0, -0.109516, 0.993812, 0.018572, 0.05, -0.676071, -0.088172, 0.731542, -0.0, 0.0, 0.0, 0.0, 1.0],
                [0.20636, -0.040299, 0.977646, 0.0, -0.501581, 0.853533, 0.141056, 0.05, -0.840138, -0.519478, 0.155922, 0.0, 0.0, 0.0, 0.0, 1.0],
                [-0.811501, -0.0294, 0.58361, -0.0, -0.211128, 0.946019, -0.245913, 0.05, -0.544877, -0.322776, -0.773902, 0.0, 0.0, 0.0, 0.0, 1.0],
                [-0.792583, -0.250236, -0.556053, 0.0, -0.013545, 0.918914, -0.394226, 0.05, 0.609614, -0.304925, -0.731705, 0.0, 0.0, 0.0, 0.0, 1.0],
                [-0.113733, -0.550077, -0.827333, 0.0, 0.072486, 0.825923, -0.559103, 0.05, 0.990863, -0.123559, -0.054062, 0.0, 0.0, 0.0, 0.0, 1.0],
                [0.346915, -0.590457, -0.728705, 0.0, 0.213517, 0.806275, -0.551662, 0.05, 0.913269, 0.035789, 0.405782, 0.0, 0.0, 0.0, 0.0, 1.0],
                [0.730828, -0.411022, -0.544933, -0.0, 0.350234, 0.911067, -0.217472, 0.05, 0.585856, -0.031919, 0.809786, 0.0, 0.0, 0.0, 0.0, 1.0]
            ]
        },
        {
            "name": "Chest",
            "time": [0.0, 0.3333, 0.7, 0.8333, 1.0, 1.1667, 1.3333, 1.5, 1.6667],
            "transform": [
                [0.961219, -0.076487, -0.264967, 0.0, 0.082773, 0.996489, 0.012624, 0.3, 0.263071, -0.034066, 0.964175, -0.0, 0.0, 0.0, 0.0, 1.0],
                [0.995049, 0.035773, -0.092726, 0.0, -0.020244, 0.986371, 0.163288, 0.3, 0.097303, -0.160603, 0.982211, 0.0, 0.0, 0.0, 0.0, 1.0],
                [0.983687, -0.110794, 0.14172, -0.0, 0.050448, 0.926115, 0.373853, 0.3, -0.17267, -0.360605, 0.916597, 0.0, 0.0, 0.0, 0.0, 1.0],
                [0.916561, -0.375666, -0.137078, 0.0, 0.395028, 0.903865, 0.164258, 0.3, 0.062193, -0.204702, 0.976847, 0.0, 0.0, 0.0, 0.0, 1.0],
                [0.9878, -0.110165, -0.110067, -0.0, 0.152572, 0.826183, 0.54235, 0.3, 0.031188, -0.552527, 0.832912, 0.0, 0.0, 0.0, 0.0, 1.0],
                [0.994877, -0.063711, -0.078484, -0.0, 0.100797, 0.684133, 0.722359, 0.3, 0.007671, -0.72657, 0.68705, -0.0, 0.0, 0.0, 0.0, 1.0],
                [0.997067, -0.060179, -0.047274, -0.0, 0.075208, 0.656398, 0.750657, 0.3, -0.014144, -0.752011, 0.658999, -0.0, 0.0, 0.0, 0.0, 1.0],
                [0.999522, -0.019103, -0.024318, 0.0, 0.030901, 0.587226, 0.808833, 0.3, -0.001171, -0.809198, 0.587536, -0.0, 0.0, 0.0, 0.0, 1.0],
                [0.996866, 0.079097, 0.001304, 0.0, -0.03527, 0.429639, 0.902312, 0.3, 0.070809, -0.89953, 0.431083, 0.0, 0.0, 0.0, 0.0, 1.0]
            ]
        },
        {
            "name": "Head",
            "time": [0.0, 0.3333, 0.7, 0.8333, 1.0, 1.1667, 1.3333, 1.5, 1.6667],
            "transform": [
                [0.548037, 0.020693, 0.836199, -0.0, -0.120728, 0.991183, 0.054596, 0.4, -0.827695, -0.130874, 0.545703, -0.0, 0.0, 0.0, 0.0, 1.0],
                [0.914763, -0.044588, 0.401523, -0.0, 0.063555, 0.997398, -0.034036, 0.4, -0.39896, 0.056653, 0.915217, -0.0, 0.0, 0.0, 0.0, 1.0],
                [0.901845, 0.330536, -0.278246, -0.0, -0.301783, 0.942771, 0.14181, 0.4, 0.309195, -0.043921, 0.949984, -0.0, 0.0, 0.0, 0.0, 1.0],
                [0.883916, 0.057674, 0.464074, -0.0, -0.400518, 0.605638, 0.687596, 0.4, -0.241404, -0.793647, 0.558434, 0.0, 0.0, 0.0, 0.0, 1.0],
                [0.951451, 0.222602, 0.212574, -0.0, -0.304108, 0.786462, 0.537584, 0.4, -0.047514, -0.576131, 0.815976, 0.0, 0.0, 0.0, 0.0, 1.0],
                [0.965697, 0.22472, 0.130113, -0.0, -0.257877, 0.888738, 0.379005, 0.4, -0.030467, -0.399558, 0.916202, 0.0, 0.0, 0.0, 0.0, 1.0],
                [0.976543, 0.179806, 0.11846, 0.0, -0.213693, 0.876824, 0.430716, 0.4, -0.026424, -0.445927, 0.89468, -0.0, 0.0, 0.0, 0.0, 1.0],
                [0.959889, 0.139147, 0.243415, 0.0, -0.178719, 0.972584, 0.148794, 0.4, -0.216037, -0.186328, 0.958442, 0.0, 0.0, 0.0, 0.0, 1.0],
                [0.800892, 0.220505, 0.556731, 0.0, 0.12587, 0.846967, -0.516531, 0.4, -0.58543, 0.483761, 0.650574, 0.0, 0.0, 0.0, 0.0, 1.0]
            ]
        },
        {
            "name": "Shoulder_R",
            "time": [0.0, 0.3333, 0.7, 0.8333, 1.0, 1.1667, 1.3333, 1.5, 1.6667],
            "transform": [
                [0.292902, 0.909185, -0.295956, -0.0, 0.747629, -0.410734, -0.521872, 0.4, -0.596041, -0.068408, -0.800034, -0.0, 0.0, 0.0, 0.0, 1.0],
                [0.234103, 0.869725, -0.434481, -0.0, 0.811449, -0.420945, -0.405412, 0.4, -0.535492, -0.257651, -0.804277, -0.0, 0.0, 0.0, 0.0, 1.0],
                [0.138028, 0.797167, -0.587767, -0.0, 0.757868, -0.467073, -0.4555, 0.4, -0.637644, -0.382578, -0.668613, -0.0, 0.0, 0.0, 0.0, 1.0],
                [-0.108047, 0.882482, -0.457765, -0.0, 0.672035, -0.274485, -0.687769, 0.4, -0.732598, -0.381945, -0.563399, 0.0, 0.0, 0.0, 0.0, 1.0],
                [0.30803, 0.90869, -0.281781, -0.0, 0.8097, -0.405902, -0.423831, 0.4, -0.499509, -0.097605, -0.860791, 0.0, 0.0, 0.0, 0.0, 1.0],
                [0.65184, 0.656625, -0.379407, -0.0, 0.65438, -0.73986, -0.156194, 0.4, -0.383271, -0.146463, -0.911948, 0.0, 0.0, 0.0, 0.0, 1.0],
                [0.497206, 0.845059, -0.196627, 0.0, 0.75925, -0.533456, -0.372783, 0.4, -0.419918, 0.036061, -0.906843, -0.0, 0.0, 0.0, 0.0, 1.0],
                [0.511686, 0.796758, -0.321488, 0.0, 0.70271, -0.603396, -0.37698, 0.4, -0.494349, -0.033018, -0.868634, 0.0, 0.0, 0.0, 0.0, 1.0],
                [0.501041, 0.560948, -0.659009, 0.0, 0.559219, -0.791013, -0.24814, 0.4, -0.660482, -0.244201, -0.71002, 0.0, 0.0, 0.0, 0.0, 1.0]
            ]
        },
        {
            "name": "Arm_R",
            "time": [0.0, 0.3333, 0.7, 0.8333, 1.0, 1.1667, 1.3333, 1.5, 1.6667],
            "transform": [
                [0.386235, -0.818534, 0.425232, 0.0, 0.755356, 0.545257, 0.363495, 0.39386, -0.529391, 0.180806, 0.828891, -0.0, 0.0, 0.0, 0.0, 1.0],
                [0.473935, -0.685443, 0.552767, -0.0, 0.351056, 0.722775, 0.595278, 0.39386, -0.807552, -0.08807, 0.583184, 0.0, 0.0, 0.0, 0.0, 1.0],
                [0.305567, -0.600033, 0.739318, 0.0, 0.476095, 0.768702, 0.427115, 0.39386, -0.824595, 0.221472, 0.520569, -0.0, 0.0, 0.0, 0.0, 1.0],
                [0.526289, -0.844553, 0.09871, 0.0, 0.725107, 0.506398, 0.466668, 0.393861, -0.44411, -0.174025, 0.878913, -0.0, 0.0, 0.0, 0.0, 1.0],
                [0.201364, -0.602905, -0.771986, -0.0, 0.645029, 0.674731, -0.358709, 0.39386, 0.737146, -0.42572, 0.524764, 0.0, 0.0, 0.0, 0.0, 1.0],
                [0.608345, -0.552924, -0.569378, -0.0, 0.728693, 0.673402, 0.124623, 0.393861, 0.314512, -0.490712, 0.812581, 0.0, 0.0, 0.0, 0.0, 1.0],
                [0.549415, -0.734924, -0.397527, 0.0, 0.661515, 0.673235, -0.330376, 0.393861, 0.510428, -0.081456, 0.856058, -0.0, 0.0, 0.0, 0.0, 1.0],
                [0.604097, -0.795624, -0.045191, -0.0, 0.793152, 0.594783, 0.130907, 0.39386, -0.077273, -0.114923, 0.990369, 1e-06, 0.0, 0.0, 0.0, 1.0],
                [0.538272, -0.672897, 0.507416, -0.0, 0.455983, 0.73887, 0.496133, 0.393861, -0.708758, -0.035681, 0.704551, 0.0, 0.0, 0.0, 0.0, 1.0]
            ]
        },
        {
            "name": "Hand_R",
            "time": [0.0, 0.3333, 0.7, 0.8333, 1.0, 1.1667, 1.3333, 1.5, 1.6667],
            "transform": [
                [0.999998, -0.0, -1e-06, 0.0, -0.0, 0.766173, -0.642636, 0.3, 0.0, 0.642634, 0.766175, -0.0, 0.0, 0.0, 0.0, 1.0],
                [0.999998, -1e-06, -0.0, -0.0, 0.0, 0.374507, -0.927227, 0.3, 1e-06, 0.927224, 0.374508, 0.0, 0.0, 0.0, 0.0, 1.0],
                [0.999998, 0.0, -1e-06, 0.0, -1e-06, 0.846393, -0.53256, 0.3, 0.0, 0.532558, 0.846395, -0.0, 0.0, 0.0, 0.0, 1.0],
                [0.999998, -0.0, -1e-06, -0.0, -0.0, 0.565479, -0.824765, 0.3, 1e-06, 0.824763, 0.56548, -0.0, 0.0, 0.0, 0.0, 1.0],
                [0.999998, -0.0, -0.0, -0.0, -0.0, 0.502649, -0.864493, 0.300001, 1e-06, 0.86449, 0.50265, 0.0, 0.0, 0.0, 0.0, 1.0],
                [0.999998, -0.0, -0.0, -0.0, -0.0, 0.419968, -0.907541, 0.3, 0.0, 0.907539, 0.419969, 0.0, 0.0, 0.0, 0.0, 1.0],
                [0.999998, 0.0, -1e-06, 0.0, -1e-06, 0.693822, -0.720148, 0.3, 0.0, 0.720146, 0.693824, 0.0, 0.0, 0.0, 0.0, 1.0],
                [0.999998, -0.0, -0.0, -0.0, -0.0, 0.515336, -0.85699, 0.3, 0.0, 0.856988, 0.515337, 0.0, 0.0, 0.0, 0.0, 1.0],
                [0.999998, -0.0, -0.0, -0.0, -0.0, 0.468482, -0.883475, 0.3, 0.0, 0.883473, 0.468483, 0.0, 0.0, 0.0, 0.0, 1.0]
            ]
        },
        {
            "name": "Tool_R",
            "time": [0.0, 0.3333, 0.7, 0.8333, 1.0, 1.1667, 1.3333, 1.5, 1.6667],
            "transform": [
                [-0.954645, -0.123321, -0.270911, 0.0, 0.262861, 0.078969, -0.961036, 0.272858, 0.139833, -0.989218, -0.042906, 0.0, 0.0, 0.0, 0.0, 1.0],
                [-0.370153, 0.909436, -0.191906, 0.0, 0.376357, -0.042282, -0.924968, 0.272858, -0.848823, -0.414839, -0.326055, -0.0, 0.0, 0.0, 0.0, 1.0],
                [-0.100724, 0.913383, -0.395431, -0.0, 0.461386, -0.309661, -0.830984, 0.272858, -0.880947, -0.266301, -0.389552, -0.0, 0.0, 0.0, 0.0, 1.0],
                [-0.870414, 0.172521, -0.460885, -0.0, 0.45337, -0.084578, -0.886786, 0.272858, -0.191855, -0.981377, -0.0046, 0.0, 0.0, 0.0, 0.0, 1.0],
                [-0.478606, -0.582409, -0.656981, 0.0, 0.692277, 0.210497, -0.689887, 0.272858, 0.539787, -0.785438, 0.301901, 0.0, 0.0, 0.0, 0.0, 1.0],
                [-0.221319, -0.941288, -0.25679, 0.0, 0.217642, 0.209304, -0.952789, 0.272858, 0.950054, -0.266907, 0.15825, 0.0, 0.0, 0.0, 0.0, 1.0],
                [0.605437, -0.784885, -0.134534, -0.0, -0.103812, 0.089911, -0.989947, 0.272858, 0.788637, 0.613665, -0.027008, 0.0, 0.0, 0.0, 0.0, 1.0],
                [0.690168, -0.70151, 0.179142, -1e-06, 0.212574, -0.040378, -0.975738, 0.272858, 0.691329, 0.711905, 0.121031, 0.0, 0.0, 0.0, 0.0, 1.0],
                [0.816284, -0.417834, 0.398902, -0.068058, 0.32049, -0.247623, -0.913816, 0.23385, 0.480328, 0.874268, -0.068108, 0.090423, 0.0, 0.0, 0.0, 1.0]
            ]
        },
        {
            "name": "Elbow_R",
            "time": [0.0, 0.3333, 0.7, 0.8333, 1.0, 1.1667, 1.3333, 1.5, 1.6667],
            "transform": [
                [-1.0, 0.0, -0.0, 0.0, 0.0, 0.0, -1.0, 0.3, -0.0, -1.0, 0.0, -0.0, 0.0, 0.0, 0.0, 1.0],
                [-1.0, 0.0, 0.0, -0.0, 0.0, -0.0, -1.0, 0.3, -0.0, -1.0, 0.0, 0.0, 0.0, 0.0, 0.0, 1.0],
                [-1.0, 0.0, -0.0, 0.0, 0.0, -0.0, -1.0, 0.3, -0.0, -1.0, 0.0, -0.0, 0.0, 0.0, 0.0, 1.0],
                [-1.0, 0.0, -0.0, -0.0, 0.0, -0.0, -1.0, 0.3, -0.0, -1.0, 0.0, -0.0, 0.0, 0.0, 0.0, 1.0],
                [-1.0, 0.0, -0.0, -0.0, 0.0, 0.0, -1.0, 0.300001, -0.0, -1.0, 0.0, 0.0, 0.0, 0.0, 0.0, 1.0],
                [-1.0, 0.0, 0.0, -0.0, 0.0, 0.0, -1.0, 0.3, -0.0, -1.0, 0.0, 0.0, 0.0, 0.0, 0.0, 1.0],
                [-1.0, 0.0, -0.0, 0.0, 0.0, -0.0, -1.0, 0.3, -0.0, -1.0, 0.0, 0.0, 0.0, 0.0, 0.0, 1.0],
                [-1.0, 0.0, -0.0, -0.0, -0.0, -0.0, -1.0, 0.3, -0.0, -1.0, 0.0, 0.0, 0.0, 0.0, 0.0, 1.0],
                [-1.0, 0.0, -0.0, -0.0, 0.0, -0.0, -1.0, 0.3, -0.0, -1.0, 0.0, 0.0, 0.0, 0.0, 0.0, 1.0]
            ]
        },
        {
            "name": "Shoulder_L",
            "time": [0.0, 0.3333, 0.7, 0.8333, 1.0, 1.1667, 1.3333, 1.5, 1.6667],
            "transform": [
                [0.32667, -0.942252, 0.073833, -0.0, -0.863656, -0.32932, -0.381661, 0.4, 0.383947, 0.060911, -0.921332, -0.0, 0.0, 0.0, 0.0, 1.0],
                [0.335392, -0.938085, 0.086665, -0.0, -0.913758, -0.346313, -0.212458, 0.4, 0.229324, -0.007934, -0.973304, -0.0, 0.0, 0.0, 0.0, 1.0],
                [0.330068, -0.927602, -0.174963, -0.0, -0.916911, -0.270982, -0.293027, 0.4, 0.224407, 0.257144, -0.939943, -0.0, 0.0, 0.0, 0.0, 1.0],
                [0.293843, -0.953616, 0.065386, -0.0, -0.857143, -0.29315, -0.423539, 0.4, 0.423074, 0.068408, -0.903498, 0.0, 0.0, 0.0, 0.0, 1.0],
                [0.640112, -0.76659, -0.051067, -0.0, -0.710037, -0.564861, -0.420464, 0.4, 0.293487, 0.305404, -0.905854, 0.0, 0.0, 0.0, 0.0, 1.0],
                [0.540624, -0.840545, -0.034898, -0.0, -0.765858, -0.474556, -0.4339, 0.4, 0.348162, 0.261304, -0.900268, 0.0, 0.0, 0.0, 0.0, 1.0],
                [0.337808, -0.941209, -0.003766, 0.0, -0.858387, -0.306427, -0.411449, 0.4, 0.386118, 0.142224, -0.911408, -0.0, 0.0, 0.0, 0.0, 1.0],
                [0.202914, -0.979187, 0.00457, 0.0, -0.891328, -0.18663, -0.413186, 0.4, 0.405452, 0.079768, -0.910618, 0.0, 0.0, 0.0, 0.0, 1.0],
                [0.092659, -0.995613, -0.012992, 0.0, -0.897292, -0.077836, -0.434542, 0.4, 0.431637, 0.051922, -0.900541, 0.0, 0.0, 0.0, 0.0, 1.0]
            ]
        },
        {
            "name": "Arm_L",
            "time": [0.0, 0.3333, 0.7, 0.8333, 1.0, 1.1667, 1.3333, 1.5, 1.6667],
            "transform": [
                [0.589824, 0.802059, -0.09372, -0.0, -0.801611, 0.595563, 0.051956, 0.39386, 0.097485, 0.044481, 0.994269, 0.0, 0.0, 0.0, 0.0, 1.0],
                [0.928494, 0.364324, -0.071702, -0.0, -0.343769, 0.916422, 0.204862, 0.39386, 0.140342, -0.165559, 0.976188, -0.0, 0.0, 0.0, 0.0, 1.0],
                [0.928399, 0.325261, -0.179607, 0.0, -0.339279, 0.93918, -0.052937, 0.39386, 0.151461, 0.110081, 0.98234, 0.0, 0.0, 0.0, 0.0, 1.0],
                [0.743198, 0.634533, -0.212134, -0.0, -0.550028, 0.75997, 0.346261, 0.39386, 0.380921, -0.140657, 0.913868, 0.0, 0.0, 0.0, 0.0, 1.0],
                [0.909549, -0.260179, -0.324054, 0.0, 0.108028, 0.90097, -0.420202, 0.39386, 0.401281, 0.347178, 0.847627, -0.0, 0.0, 0.0, 0.0, 1.0],
                [0.882866, -0.25055, -0.397189, 0.0, 0.006975, 0.852664, -0.522408, 0.39386, 0.469546, 0.458433, 0.754576, 0.0, 0.0, 0.0, 0.0, 1.0],
                [0.921132, 0.027292, -0.388276, -0.0, -0.205581, 0.88114, -0.425811, 0.393861, 0.330496, 0.472037, 0.8173, -0.0, 0.0, 0.0, 0.0, 1.0],
                [0.872603, 0.27169, -0.405877, -0.0, -0.403727, 0.868892, -0.286375, 0.39386, 0.274852, 0.413744, 0.867932, 0.0, 0.0, 0.0, 0.0, 1.0],
                [0.694806, 0.601498, -0.394247, 0.0, -0.660617, 0.750458, -0.01928, 0.39386, 0.284262, 0.273834, 0.918831, -1e-06, 0.0, 0.0, 0.0, 1.0]
            ]
        },
        {
            "name": "Hand_L",
            "time": [0.0, 0.3333, 0.7, 0.8333, 1.0, 1.1667, 1.3333, 1.5, 1.6667],
            "transform": [
                [0.999999, -5e-06, -1.2e-05, -0.0, -3e-06, 0.852948, -0.521997, 0.3, 1.3e-05, 0.521995, 0.85295, 0.0, 0.0, 0.0, 0.0, 1.0],
                [0.999999, -1.3e-05, -1e-06, -0.0, -3e-06, -0.172426, -0.985025, 0.3, 1.3e-05, 0.985022, -0.172426, 0.0, 0.0, 0.0, 0.0, 1.0],
                [0.999999, -1.3e-05, -2e-06, 0.0, -3e-06, -0.071519, -0.997442, 0.3, 1.3e-05, 0.997439, -0.071519, -0.0, 0.0, 0.0, 0.0, 1.0],
                [0.999999, -9e-06, -9e-06, -0.0, -2e-06, 0.555867, -0.831272, 0.3, 1.3e-05, 0.83127, 0.555869, 0.0, 0.0, 0.0, 0.0, 1.0],
                [0.999999, -1.2e-05, -5e-06, -0.0, -2e-06, 0.193857, -0.981032, 0.3, 1.3e-05, 0.981029, 0.193858, 0.0, 0.0, 0.0, 0.0, 1.0],
                [0.999999, -1.3e-05, -3e-06, -0.0, -2e-06, 0.037168, -0.999311, 0.3, 1.3e-05, 0.999308, 0.037168, 0.0, 0.0, 0.0, 0.0, 1.0],
                [0.999999, -1.3e-05, -1e-06, -0.0, -2e-06, -0.080503, -0.996757, 0.3, 1.3e-05, 0.996754, -0.080503, 0.0, 0.0, 0.0, 0.0, 1.0],
                [0.999999, -1.3e-05, 1e-06, -0.0, -2e-06, -0.272831, -0.962064, 0.3, 1.3e-05, 0.962061, -0.272832, 0.0, 0.0, 0.0, 0.0, 1.0],
                [0.999999, -1.2e-05, 5e-06, -0.0, -3e-06, -0.581741, -0.813376, 0.3, 1.3e-05, 0.813373, -0.581743, -0.0, 0.0, 0.0, 0.0, 1.0]
            ]
        },
        {
            "name": "Tool_L",
            "time": [0.0, 0.3333, 0.7, 0.8333, 1.0, 1.1667, 1.3333, 1.5, 1.6667],
            "transform": [
                [-0.344981, -0.916899, -0.201268, -0.0, 0.263383, 0.111479, -0.957733, 0.272858, 0.900878, -0.383257, 0.202684, -0.0, 0.0, 0.0, 0.0, 1.0],
                [-0.26517, -0.606178, -0.749498, 0.0, 0.960079, -0.089988, -0.266302, 0.272858, 0.094021, -0.789879, 0.604812, -0.0, 0.0, 0.0, 0.0, 1.0],
                [-0.169698, -0.669558, -0.722793, -0.0, 0.863211, 0.253734, -0.436998, 0.272858, 0.476157, -0.6978, 0.534001, 0.0, 0.0, 0.0, 0.0, 1.0],
                [-0.11475, -0.952429, -0.282504, -0.0, 0.385138, 0.219715, -0.895908, 0.272858, 0.915661, -0.211523, 0.341016, -0.0, 0.0, 0.0, 0.0, 1.0],
                [-0.447787, -0.576213, -0.683517, 0.0, 0.841584, -0.011796, -0.540297, 0.272858, 0.303371, -0.816851, 0.489378, 0.0, 0.0, 0.0, 0.0, 1.0],
                [-0.568775, -0.517507, -0.6392, -0.0, 0.812543, -0.229233, -0.53621, 0.272858, 0.131018, -0.824035, 0.549941, 0.0, 0.0, 0.0, 0.0, 1.0],
                [-0.660074, -0.552465, -0.50917, 0.0, 0.741129, -0.364286, -0.564091, 0.272858, 0.126206, -0.749409, 0.648798, 0.0, 0.0, 0.0, 0.0, 1.0],
                [-0.697643, -0.587985, -0.409749, 0.0, 0.697208, -0.42244, -0.579269, 0.272858, 0.167569, -0.689533, 0.703461, -0.0, 0.0, 0.0, 0.0, 1.0],
                [-0.68029, -0.663184, -0.312716, 0.0, 0.680029, -0.410087, -0.607812, 0.272858, 0.274946, -0.6259, 0.728721, -1e-06, 0.0, 0.0, 0.0, 1.0]
            ]
        },
        {
            "name": "Elbow_L",
            "time": [0.0, 0.3333, 0.7, 0.8333, 1.0, 1.1667, 1.3333, 1.5, 1.6667],
            "transform": [
                [-1.0, 0.0, -0.0, -0.0, 0.0, -0.0, -1.0, 0.3, -0.0, -1.0, -0.0, 0.0, 0.0, 0.0, 0.0, 1.0],
                [-1.0, 0.0, -0.0, -0.0, 0.0, -0.0, -1.0, 0.3, -0.0, -1.0, 0.0, 0.0, 0.0, 0.0, 0.0, 1.0],
                [-1.0, 0.0, 0.0, 0.0, 0.0, -0.0, -1.0, 0.3, -0.0, -1.0, 0.0, -0.0, 0.0, 0.0, 0.0, 1.0],
                [-1.0, 0.0, -0.0, -0.0, 0.0, -0.0, -1.0, 0.3, -0.0, -1.0, -0.0, 0.0, 0.0, 0.0, 0.0, 1.0],
                [-1.0, 0.0, -0.0, -0.0, 0.0, -0.0, -1.0, 0.3, -0.0, -1.0, -0.0, 0.0, 0.0, 0.0, 0.0, 1.0],
                [-1.0, 0.0, -0.0, -0.0, 0.0, -0.0, -1.0, 0.3, -0.0, -1.0, -0.0, 0.0, 0.0, 0.0, 0.0, 1.0],
                [-1.0, 0.0, -0.0, -0.0, 0.0, -0.0, -1.0, 0.3, -0.0, -1.0, -0.0, 0.0, 0.0, 0.0, 0.0, 1.0],
                [-1.0, 0.0, -0.0, -0.0, 0.0, -0.0, -1.0, 0.3, -0.0, -1.0, -0.0, 0.0, 0.0, 0.0, 0.0, 1.0],
                [-1.0, 0.0, -0.0, -0.0, 0.0, -0.0, -1.0, 0.3, -0.0, -1.0, -0.0, -0.0, 0.0, 0.0, 0.0, 1.0]
            ]
        }
    ]
}