{
    "animation": [
        {
            "name": "Root",
            "time": [0.0, 0.1667, 0.3333, 0.5, 0.6667, 0.8333, 1.0],
            "transform": [
                [1.0, -0.0, 0.0, -2.2e-05, 0.0, -0.0, -1.0, 4.1e-05, 0.0, 1.0, -0.0, 1.412778, 0.0, 0.0, 0.0, 1.0],
                [1.0, -0.0, 0.0, -0.096651, 0.0, -0.0, -1.0, 0.071092, 0.0, 1.0, -0.0, 1.486671, 0.0, 0.0, 0.0, 1.0],
                [1.0, -0.0, 0.0, -0.141412, 0.0, -0.0, -1.0, 0.142143, 0.0, 1.0, -0.0, 1.560563, 0.0, 0.0, 0.0, 1.0],
                [1.0, -0.0, 0.0, -0.230957, 0.0, -0.0, -1.0, 0.184774, 0.0, 1.0, -0.0, 1.764977, 0.0, 0.0, 0.0, 1.0],
                [1.0, -0.0, 0.0, -0.146325, 0.0, -0.0, -1.0, 0.13541, 0.0, 1.0, -0.0, 2.097241, 0.0, 0.0, 0.0, 1.0],
                [1.0, -0.0, 0.0, -0.061694, 0.0, -0.0, -1.0, 0.086046, 0.0, 1.0, -0.0, 2.429505, 0.0, 0.0, 0.0, 1.0],
                [1.0, -0.0, 0.0, -0.011958, 0.0, -0.0, -1.0, 0.036683, 0.0, 1.0, -0.0, 2.448641, 0.0, 0.0, 0.0, 1.0]
            ]
        },
        {
            "name": "Thigh_R",
            "time": [0.0, 0.1667, 0.3333, 0.5, 0.6667, 0.8333, 1.0],
            "transform": [
                [0.549048, 0.821451, 0.154163, 0.124994, 0.270921, -0.349411, 0.896947, -0.002831, 0.790663, -0.450701, -0.414392, -1.2e-05, 0.0, 0.0, 0.0, 1.0],
                [0.678205, 0.725299, 0.118231, 0.124994, 0.431611, -0.523353, 0.73472, -0.002831, 0.594768, -0.447261, -0.667988, -1.2e-05, 0.0, 0.0, 0.0, 1.0],
                [0.780953, 0.623602, 0.035107, 0.124994, 0.522531, -0.683103, 0.510227, -0.002831, 0.34216, -0.380119, -0.859323, -1.2e-05, 0.0, 0.0, 0.0, 1.0],
                [0.805081, 0.591713, -0.04147, 0.124994, 0.53204, -0.689442, 0.491531, -0.002831, 0.262253, -0.417786, -0.869872, -1.2e-05, 0.0, 0.0, 0.0, 1.0],
                [0.745843, 0.661326, -0.079794, 0.124994, 0.507499, -0.486553, 0.711133, -0.002831, 0.431466, -0.570889, -0.698515, -1.2e-05, 0.0, 0.0, 0.0, 1.0],
                [0.687399, 0.71237, -0.141461, 0.124994, 0.430905, -0.243236, 0.868998, -0.002831, 0.58464, -0.658305, -0.474165, -1.2e-05, 0.0, 0.0, 0.0, 1.0],
                [0.584343, 0.805627, 0.097517, 0.124994, 0.301074, -0.326815, 0.89585, -0.002831, 0.75359, -0.494123, -0.433525, -1.2e-05, 0.0, 0.0, 0.0, 1.0]
            ]
        },
        {
            "name": "Leg_R",
            "time": [0.0, 0.1667, 0.3333, 0.5, 0.6667, 0.8333, 1.0],
            "transform": [
                [1.0, -0.0, 0.0, 0.0, -0.0, -0.319599, 0.947553, 0.37472, -0.0, -0.947553, -0.319599, 0.0, 0.0, 0.0, 0.0, 1.0],
                [1.0, -0.0, 0.0, -0.0, -0.0, -0.068477, 0.997653, 0.37472, -0.0, -0.997653, -0.068477, -0.0, 0.0, 0.0, 0.0, 1.0],
                [1.0, -0.0, 0.0, 0.0, -0.0, 0.37744, 0.926034, 0.37472, -0.0, -0.926034, 0.377441, 0.0, 0.0, 0.0, 0.0, 1.0],
                [1.0, 0.0, 1e-06, -0.0, -1e-06, 0.884367, 0.466792, 0.37472, -0.0, -0.466792, 0.884368, 0.0, 0.0, 0.0, 0.0, 1.0],
                [1.0, -0.0, 1e-06, 0.0, -0.0, 0.363303, 0.931671, 0.37472, -0.0, -0.931671, 0.363303, 0.0, 0.0, 0.0, 0.0, 1.0],
                [1.0, -0.0, 0.0, 0.0, -0.0, -0.334915, 0.942249, 0.37472, -0.0, -0.942248, -0.334915, -0.0, 0.0, 0.0, 0.0, 1.0],
                [1.0, -0.0, 0.0, 0.0, -0.0, -0.322411, 0.9466, 0.37472, -0.0, -0.9466, -0.322411, 0.0, 0.0, 0.0, 0.0, 1.0]
            ]
        },
        {
            "name": "Knee_R",
            "time": [0.0, 0.1667, 0.3333, 0.5, 0.6667, 0.8333, 1.0],
            "transform": [
                [1.0, 0.0, -0.0, 0.0, -0.0, 1e-06, -1.0, 0.37472, -0.0, 1.0, 1e-06, 0.0, 0.0, 0.0, 0.0, 1.0],
                [1.0, 0.0, -0.0, -0.0, -0.0, 1e-06, -1.0, 0.37472, -0.0, 1.0, 1e-06, -0.0, 0.0, 0.0, 0.0, 1.0],
                [1.0, 0.0, -0.0, 0.0, -0.0, 1e-06, -1.0, 0.37472, -0.0, 1.0, 1e-06, 0.0, 0.0, 0.0, 0.0, 1.0],
                [1.0, 0.0, -0.0, -0.0, -0.0, 1e-06, -1.0, 0.37472, -0.0, 1.0, 1e-06, 0.0, 0.0, 0.0, 0.0, 1.0],
                [1.0, 0.0, -0.0, 0.0, -0.0, 1e-06, -1.0, 0.37472, -0.0, 1.0, 1e-06, 0.0, 0.0, 0.0, 0.0, 1.0],
                [1.0, 0.0, -0.0, 0.0, -0.0, 1e-06, -1.0, 0.37472, -0.0, 1.0, 1e-06, -0.0, 0.0, 0.0, 0.0, 1.0],
                [1.0, 0.0, -0.0, 0.0, -0.0, 1e-06, -1.0, 0.37472, -0.0, 1.0, 1e-06, -0.0, 0.0, 0.0, 0.0, 1.0]
            ]
        },
        {
            "name": "Thigh_L",
            "time": [0.0, 0.1667, 0.3333, 0.5, 0.6667, 0.8333, 1.0],
            "transform": [
                [0.937945, -0.00757, -0.346702, -0.125006, 0.193486, -0.818258, 0.54131, -0.002831, -0.287789, -0.574801, -0.766016, -1.2e-05, 0.0, 0.0, 0.0, 1.0],
                [0.907442, -0.007764, -0.420106, -0.125006, 0.22549, -0.83466, 0.50249, -0.002831, -0.354547, -0.55071, -0.755655, -1.2e-05, 0.0, 0.0, 0.0, 1.0],
                [0.871204, -0.00564, -0.490888, -0.125006, 0.254139, -0.850337, 0.460803, -0.00283, -0.420019, -0.526208, -0.739384, -1.2e-05, 0.0, 0.0, 0.0, 1.0],
                [0.922702, 0.002183, -0.385507, -0.125006, 0.197193, -0.861938, 0.467095, -0.00283, -0.331264, -0.507009, -0.795742, -1.2e-05, 0.0, 0.0, 0.0, 1.0],
                [0.950508, 0.036087, -0.308598, -0.125006, 0.214095, -0.795865, 0.566359, -0.00283, -0.225164, -0.604398, -0.764202, -1.2e-05, 0.0, 0.0, 0.0, 1.0],
                [0.969116, 0.079196, -0.233544, -0.125006, 0.217718, -0.719534, 0.659447, -0.00283, -0.115817, -0.689927, -0.714554, -1.2e-05, 0.0, 0.0, 0.0, 1.0],
                [0.945799, 0.008477, -0.32464, -0.125006, 0.20099, -0.80048, 0.564655, -0.00283, -0.255082, -0.5993, -0.758797, -1.2e-05, 0.0, 0.0, 0.0, 1.0]
            ]
        },
        {
            "name": "Leg_L",
            "time": [0.0, 0.1667, 0.3333, 0.5, 0.6667, 0.8333, 1.0],
            "transform": [
                [1.0, -0.0, -0.0, -0.0, -0.0, -0.769843, 0.638234, 0.37472, -0.0, -0.638234, -0.769843, -0.0, 0.0, 0.0, 0.0, 1.0],
                [1.0, -0.0, -0.0, -0.0, -0.0, -0.613547, 0.789659, 0.37472, -0.0, -0.789659, -0.613546, -0.0, 0.0, 0.0, 0.0, 1.0],
                [1.0, -0.0, 0.0, 0.0, -0.0, 0.021233, 0.999774, 0.37472, -0.0, -0.999775, 0.021233, 0.0, 0.0, 0.0, 0.0, 1.0],
                [1.0, -0.0, 0.0, -0.0, -0.0, 0.872664, 0.488321, 0.37472, -0.0, -0.488321, 0.872664, 0.0, 0.0, 0.0, 0.0, 1.0],
                [1.0, -0.0, 0.0, 0.0, -0.0, 0.365333, 0.930876, 0.37472, -0.0, -0.930877, 0.365333, 0.0, 0.0, 0.0, 0.0, 1.0],
                [1.0, -0.0, -0.0, -0.0, -0.0, -0.307583, 0.951521, 0.37472, -0.0, -0.951521, -0.307583, 0.0, 0.0, 0.0, 0.0, 1.0],
                [1.0, -0.0, -0.0, 0.0, -0.0, -0.696205, 0.717844, 0.37472, -0.0, -0.717844, -0.696204, 0.0, 0.0, 0.0, 0.0, 1.0]
            ]
        },
        {
            "name": "Knee_L",
            "time": [0.0, 0.1667, 0.3333, 0.5, 0.6667, 0.8333, 1.0],
            "transform": [
                [1.0, 0.0, -0.0, -0.0, -0.0, 1e-06, -1.0, 0.37472, -0.0, 1.0, 1e-06, -0.0, 0.0, 0.0, 0.0, 1.0],
                [1.0, 0.0, -0.0, -0.0, -0.0, 1e-06, -1.0, 0.37472, -0.0, 1.0, 1e-06, -0.0, 0.0, 0.0, 0.0, 1.0],
                [1.0, 0.0, -0.0, 0.0, -0.0, 1e-06, -1.0, 0.37472, -0.0, 1.0, 1e-06, 0.0, 0.0, 0.0, 0.0, 1.0],
                [1.0, 0.0, -0.0, 0.0, -0.0, 1e-06, -1.0, 0.37472, -0.0, 1.0, 1e-06, -0.0, 0.0, 0.0, 0.0, 1.0],
                [1.0, 0.0, -0.0, 0.0, -0.0, 1e-06, -1.0, 0.37472, -0.0, 1.0, 1e-06, 0.0, 0.0, 0.0, 0.0, 1.0],
                [1.0, 0.0, -0.0, 0.0, -0.0, 1e-06, -1.0, 0.37472, -0.0, 1.0, 1e-06, 0.0, 0.0, 0.0, 0.0, 1.0],
                [1.0, 0.0, -0.0, 0.0, -0.0, 1e-06, -1.0, 0.37472, -0.0, 1.0, 1e-06, 0.0, 0.0, 0.0, 0.0, 1.0]
            ]
        },
        {
            "name": "Torso",
            "time": [0.0, 0.1667, 0.3333, 0.5, 0.6667, 0.8333, 1.0],
            "transform": [
                [0.730721, -0.41121, -0.544933, -0.0, 0.350468, 0.910976, -0.217472, 0.05, 0.585848, -0.03207, 0.809786, 0.0, 0.0, 0.0, 0.0, 1.0],
                [0.833466, -0.395457, -0.385939, 0.0, 0.348135, 0.918192, -0.189013, 0.05, 0.429112, 0.023177, 0.902954, 0.0, 0.0, 0.0, 0.0, 1.0],
                [0.904986, -0.36935, -0.211143, -0.0, 0.340329, 0.926302, -0.161679, 0.05, 0.255298, 0.074459, 0.963991, 0.0, 0.0, 0.0, 0.0, 1.0],
                [0.953137, -0.265743, -0.144607, 0.0, 0.254873, 0.962828, -0.089456, 0.05, 0.163004, 0.048408, 0.985437, -0.0, 0.0, 0.0, 0.0, 1.0],
                [0.920501, -0.285644, -0.26662, 0.0, 0.274463, 0.958336, -0.07914, 0.05, 0.278117, -0.000329, 0.960547, -0.0, 0.0, 0.0, 0.0, 1.0],
                [0.873243, -0.299143, -0.384657, -0.0, 0.294961, 0.952838, -0.071395, 0.05, 0.387873, -0.051114, 0.920294, -0.0, 0.0, 0.0, 0.0, 1.0],
                [0.761897, -0.389746, -0.517311, -0.0, 0.342735, 0.920309, -0.188586, 0.05, 0.549587, -0.033617, 0.83476, 0.0, 0.0, 0.0, 0.0, 1.0]
            ]
        },
        {
            "name": "Chest",
            "time": [0.0, 0.1667, 0.3333, 0.5, 0.6667, 0.8333, 1.0],
            "transform": [
                [0.996845, 0.079358, 0.001019, 0.0, -0.035121, 0.429577, 0.902347, 0.3, 0.071171, -0.899536, 0.431009, -0.0, 0.0, 0.0, 0.0, 1.0],
                [0.990228, 0.13925, -0.007653, -0.0, -0.059084, 0.468598, 0.881434, 0.3, 0.126326, -0.872367, 0.472246, -0.0, 0.0, 0.0, 0.0, 1.0],
                [0.979977, 0.198195, -0.019091, -0.0, -0.085423, 0.505098, 0.858824, 0.3, 0.179857, -0.839997, 0.511915, 0.0, 0.0, 0.0, 0.0, 1.0],
                [0.9524, 0.266019, -0.148891, -0.0, -0.000245, 0.489072, 0.872243, 0.3, 0.304852, -0.830687, 0.465858, -0.0, 0.0, 0.0, 0.0, 1.0],
                [0.955199, 0.249457, -0.159266, 0.0, 0.02863, 0.457722, 0.888634, 0.3, 0.294576, -0.853382, 0.430074, -0.0, 0.0, 0.0, 0.0, 1.0],
                [0.957402, 0.233215, -0.17027, 0.0, 0.057085, 0.425163, 0.903315, 0.3, 0.283059, -0.874556, 0.393739, -0.0, 0.0, 0.0, 0.0, 1.0],
                [0.993462, 0.109404, -0.032617, 0.0, -0.017416, 0.427604, 0.903798, 0.3, 0.112826, -0.897321, 0.426714, 0.0, 0.0, 0.0, 0.0, 1.0]
            ]
        },
        {
            "name": "Head",
            "time": [0.0, 0.1667, 0.3333, 0.5, 0.6667, 0.8333, 1.0],
            "transform": [
                [0.800891, 0.220502, 0.556733, -0.0, 0.125872, 0.846968, -0.516529, 0.4, -0.58543, 0.483761, 0.650574, 0.0, 0.0, 0.0, 0.0, 1.0],
                [0.96805, 0.046326, 0.246438, -0.0, 0.050867, 0.926073, -0.373899, 0.4, -0.245541, 0.374489, 0.894129, 0.0, 0.0, 0.0, 0.0, 1.0],
                [0.988127, -0.071281, -0.136103, 0.0, 0.043226, 0.97906, -0.198931, 0.4, 0.147433, 0.190686, 0.970517, 0.0, 0.0, 0.0, 0.0, 1.0],
                [0.999535, -0.029877, 0.006078, 0.0, 0.030306, 0.951789, -0.305254, 0.4, 0.003335, 0.305296, 0.952251, -0.0, 0.0, 0.0, 0.0, 1.0],
                [0.964284, 0.037337, 0.262224, -0.0, 0.067492, 0.922698, -0.379569, 0.4, -0.256126, 0.383711, 0.887224, -0.0, 0.0, 0.0, 0.0, 1.0],
                [0.861143, 0.123323, 0.493177, 0.0, 0.123842, 0.890011, -0.438798, 0.4, -0.493047, 0.438944, 0.751155, 0.0, 0.0, 0.0, 0.0, 1.0],
                [0.813407, 0.201455, 0.545696, 0.0, 0.124715, 0.855903, -0.501873, 0.4, -0.568167, 0.476283, 0.671074, 0.0, 0.0, 0.0, 0.0, 1.0]
            ]
        },
        {
            "name": "Shoulder_R",
            "time": [0.0, 0.1667, 0.3333, 0.5, 0.6667, 0.8333, 1.0],
            "transform": [
                [0.501041, 0.560949, -0.659008, -0.0, 0.559219, -0.791013, -0.248142, 0.4, -0.660483, -0.244201, -0.710019, 0.0, 0.0, 0.0, 0.0, 1.0],
                [0.48411, 0.635153, -0.601844, -0.0, 0.600337, -0.741495, -0.299636, 0.4, -0.636583, -0.216252, -0.740267, 0.0, 0.0, 0.0, 0.0, 1.0],
                [0.462713, 0.703674, -0.539201, 0.0, 0.639893, -0.68606, -0.346209, 0.4, -0.613546, -0.184836, -0.76772, 0.0, 0.0, 0.0, 0.0, 1.0],
                [0.410453, 0.6102, -0.677629, 0.0, 0.618784, -0.732217, -0.284546, 0.4, -0.669806, -0.302514, -0.678118, -0.0, 0.0, 0.0, 0.0, 1.0],
                [0.395543, 0.57565, -0.71566, -0.0, 0.603291, -0.750377, -0.270139, 0.4, -0.692525, -0.3249, -0.644087, -0.0, 0.0, 0.0, 0.0, 1.0],
                [0.379187, 0.539627, -0.751676, 0.0, 0.588071, -0.767728, -0.254495, 0.4, -0.71442, -0.345538, -0.608447, 0.0, 0.0, 0.0, 0.0, 1.0],
                [0.478206, 0.558085, -0.678128, 0.0, 0.564984, -0.786643, -0.248972, 0.4, -0.672397, -0.264072, -0.691482, 0.0, 0.0, 0.0, 0.0, 1.0]
            ]
        },
        {
            "name": "Arm_R",
            "time": [0.0, 0.1667, 0.3333, 0.5, 0.6667, 0.8333, 1.0],
            "transform": [
                [0.538272, -0.672897, 0.507417, -0.0, 0.455984, 0.73887, 0.496132, 0.393861, -0.70876, -0.03568, 0.70455, -0.0, 0.0, 0.0, 0.0, 1.0],
                [0.498571, -0.761069, 0.414968, 0.0, 0.350024, 0.614695, 0.706849, 0.39386, -0.793038, -0.207163, 0.572866, 0.0, 0.0, 0.0, 0.0, 1.0],
                [0.475659, -0.826995, 0.299705, 0.0, 0.22234, 0.442687, 0.868676, 0.39386, -0.851065, -0.346555, 0.394446, 0.0, 0.0, 0.0, 0.0, 1.0],
                [0.578926, -0.73066, 0.361909, 0.0, 0.141863, 0.527338, 0.837731, 0.393861, -0.802944, -0.433639, 0.408947, 0.0, 0.0, 0.0, 0.0, 1.0],
                [0.628298, -0.687058, 0.364952, 0.0, 0.273438, 0.634198, 0.723205, 0.39386, -0.728335, -0.354594, 0.586337, 0.0, 0.0, 0.0, 0.0, 1.0],
                [0.67757, -0.644602, 0.354097, 0.0, 0.385285, 0.721216, 0.575675, 0.39386, -0.626461, -0.25363, 0.737035, 0.0, 0.0, 0.0, 0.0, 1.0],
                [0.56968, -0.665805, 0.481837, -0.0, 0.438834, 0.742119, 0.506638, 0.39386, -0.694901, -0.077174, 0.714955, 0.0, 0.0, 0.0, 0.0, 1.0]
            ]
        },
        {
            "name": "Hand_R",
            "time": [0.0, 0.1667, 0.3333, 0.5, 0.6667, 0.8333, 1.0],
            "transform": [
                [1.0, -0.0, -1e-06, -0.0, -1e-06, 0.468479, -0.883477, 0.3, 1e-06, 0.88347, 0.468483, 0.0, 0.0, 0.0, 0.0, 1.0],
                [1.0, -1e-06, -1e-06, 0.0, -0.0, 0.314149, -0.949377, 0.3, 1e-06, 0.949369, 0.314151, -0.0, 0.0, 0.0, 0.0, 1.0],
                [1.0, -1e-06, -1e-06, 0.0, 0.0, 0.567964, -0.823055, 0.3, 1e-06, 0.823048, 0.567969, 0.0, 0.0, 0.0, 0.0, 1.0],
                [1.0, -2e-06, -0.0, 0.0, 1e-06, 0.73058, -0.682827, 0.3, 1e-06, 0.682821, 0.730586, 0.0, 0.0, 0.0, 0.0, 1.0],
                [1.0, -1e-06, -0.0, 0.0, 0.0, 0.513369, -0.85817, 0.3, 1e-06, 0.858163, 0.513373, 0.0, 0.0, 0.0, 0.0, 1.0],
                [1.0, -1e-06, -1e-06, 0.0, -0.0, 0.256153, -0.966639, 0.3, 1e-06, 0.966632, 0.256155, 0.0, 0.0, 0.0, 0.0, 1.0],
                [1.0, -0.0, -1e-06, 0.0, -1e-06, 0.432658, -0.901561, 0.3, 1e-06, 0.901554, 0.432661, 0.0, 0.0, 0.0, 0.0, 1.0]
            ]
        },
        {
            "name": "Tool_R",
            "time": [0.0, 0.1333, 0.1667, 0.2667, 0.3333, 0.4333, 0.5, 0.5667, 0.6667, 0.7333, 0.8333, 1.0],
            "transform": [
                [0.812765, -0.402129, 0.421683, -0.0, 0.328363, -0.282506, -0.900845, 0.272858, 0.481227, 0.87091, -0.097405, -0.0, 0.0, 0.0, 0.0, 1.0],
                [0.752076, -0.377681, 0.54007, -0.0, 0.422867, -0.352861, -0.834278, 0.272858, 0.505497, 0.856082, -0.105493, -0.0, 0.0, 0.0, 0.0, 1.0],
                [0.734746, -0.36741, 0.570125, -0.0, 0.444805, -0.374447, -0.813232, 0.272858, 0.512106, 0.851375, -0.11151, -0.0, 0.0, 0.0, 0.0, 1.0],
                [0.72182, -0.167326, 0.671278, -0.035588, 0.508776, -0.530114, -0.678168, 0.295852, 0.469179, 0.831299, -0.297, 0.03873, 0.0, 0.0, 0.0, 1.0],
                [0.681923, -0.023619, 0.7307, -0.067575, 0.570758, -0.608377, -0.551524, 0.306537, 0.457422, 0.793391, -0.400687, 0.05745, 0.0, 0.0, 0.0, 1.0],
                [0.766496, -0.008595, 0.641937, -0.074814, 0.436507, -0.727031, -0.530176, 0.349818, 0.471114, 0.686795, -0.552548, 0.146153, 0.0, 0.0, 0.0, 1.0],
                [0.817687, -0.011699, 0.57536, -0.07964, 0.343978, -0.792295, -0.504233, 0.378673, 0.461604, 0.610398, -0.6427, 0.205289, 0.0, 0.0, 0.0, 1.0],
                [0.850346, -0.103892, 0.515757, -0.053486, 0.290356, -0.725597, -0.623897, 0.377988, 0.438907, 0.680487, -0.585819, 0.155321, 0.0, 0.0, 0.0, 1.0],
                [0.886795, -0.235294, 0.397871, -0.04316, 0.196861, -0.587346, -0.784777, 0.368719, 0.418205, 0.774497, -0.473711, 0.064383, 0.0, 0.0, 0.0, 1.0],
                [0.884816, -0.323012, 0.336052, -0.015786, 0.169665, -0.449069, -0.876838, 0.332615, 0.433997, 0.833112, -0.341947, 0.043026, 0.0, 0.0, 0.0, 1.0],
                [0.876083, -0.42937, 0.220072, -0.0, 0.134752, -0.220735, -0.965443, 0.272858, 0.462957, 0.875734, -0.135296, -0.0, 0.0, 0.0, 0.0, 1.0],
                [0.829081, -0.409692, 0.380709, -0.043436, 0.289682, -0.268433, -0.918222, 0.24684, 0.478228, 0.871835, -0.1037, 0.065932, 0.0, 0.0, 0.0, 1.0]
            ]
        },
        {
            "name": "Elbow_R",
            "time": [0.0, 0.1667, 0.3333, 0.5, 0.6667, 0.8333, 1.0],
            "transform": [
                [-1.0, 0.0, 0.0, -0.0, 0.0, -0.0, -1.0, 0.3, -0.0, -1.0, 0.0, 0.0, 0.0, 0.0, 0.0, 1.0],
                [-1.0, 0.0, -0.0, 0.0, 0.0, -0.0, -1.0, 0.3, -0.0, -1.0, 0.0, -0.0, 0.0, 0.0, 0.0, 1.0],
                [-1.0, 0.0, -0.0, 0.0, 0.0, -0.0, -1.0, 0.3, -0.0, -1.0, 0.0, 0.0, 0.0, 0.0, 0.0, 1.0],
                [-1.0, 0.0, -0.0, 0.0, 0.0, -0.0, -1.0, 0.3, -0.0, -1.0, 0.0, 0.0, 0.0, 0.0, 0.0, 1.0],
                [-1.0, 0.0, -0.0, 0.0, 0.0, -0.0, -1.0, 0.3, -0.0, -1.0, 0.0, 0.0, 0.0, 0.0, 0.0, 1.0],
                [-1.0, 0.0, -0.0, 0.0, 0.0, -0.0, -1.0, 0.3, -0.0, -1.0, 0.0, 0.0, 0.0, 0.0, 0.0, 1.0],
                [-1.0, 0.0, -0.0, 0.0, 0.0, -0.0, -1.0, 0.3, -0.0, -1.0, 0.0, 0.0, 0.0, 0.0, 0.0, 1.0]
            ]
        },
        {
            "name": "Shoulder_L",
            "time": [0.0, 0.1667, 0.3333, 0.5, 0.6667, 0.8333, 1.0],
            "transform": [
                [0.094206, -0.995476, -0.012372, -0.0, -0.897234, -0.079507, -0.434361, 0.4, 0.431425, 0.05202, -0.900637, 0.0, 0.0, 0.0, 0.0, 1.0],
                [0.066268, -0.985278, 0.15759, -0.0, -0.890926, -0.129546, -0.435301, 0.4, 0.449322, -0.111554, -0.886368, 0.0, 0.0, 0.0, 0.0, 1.0],
                [0.035391, -0.945666, 0.323202, 0.0, -0.886005, -0.179311, -0.427623, 0.4, 0.462357, -0.271225, -0.844185, 0.0, 0.0, 0.0, 0.0, 1.0],
                [0.071785, -0.959065, 0.273931, 0.0, -0.888521, -0.18628, -0.419343, 0.4, 0.453219, -0.213291, -0.865496, -0.0, 0.0, 0.0, 0.0, 1.0],
                [0.145917, -0.97682, 0.156625, -0.0, -0.886106, -0.19945, -0.418393, 0.4, 0.439946, -0.077736, -0.894643, -0.0, 0.0, 0.0, 0.0, 1.0],
                [0.217447, -0.975394, 0.036405, 0.0, -0.882765, -0.212433, -0.419066, 0.4, 0.4165, 0.058987, -0.907209, 0.0, 0.0, 0.0, 0.0, 1.0],
                [0.118188, -0.992987, -0.00278, 0.0, -0.895741, -0.105401, -0.431924, 0.4, 0.428614, 0.053539, -0.90189, 0.0, 0.0, 0.0, 0.0, 1.0]
            ]
        },
        {
            "name": "Arm_L",
            "time": [0.0, 0.1667, 0.3333, 0.5, 0.6667, 0.8333, 1.0],
            "transform": [
                [0.694811, 0.601497, -0.394245, -0.0, -0.660621, 0.750457, -0.01928, 0.39386, 0.284264, 0.273834, 0.918826, 0.0, 0.0, 0.0, 0.0, 1.0],
                [0.755533, 0.496416, -0.427475, -0.0, -0.536782, 0.843158, 0.030432, 0.39386, 0.375531, 0.206462, 0.903538, 0.0, 0.0, 0.0, 0.0, 1.0],
                [0.797372, 0.383709, -0.465794, 0.0, -0.397051, 0.914801, 0.073913, 0.39386, 0.454464, 0.126004, 0.881825, 0.0, 0.0, 0.0, 0.0, 1.0],
                [0.701493, 0.482768, -0.524253, -0.0, -0.523268, 0.848294, 0.081011, 0.39386, 0.483825, 0.21749, 0.847725, -0.0, 0.0, 0.0, 0.0, 1.0],
                [0.560779, 0.59862, -0.571997, -0.0, -0.677847, 0.728627, 0.098007, 0.39386, 0.475436, 0.332756, 0.814405, -0.0, 0.0, 0.0, 0.0, 1.0],
                [0.397286, 0.682698, -0.61326, 0.0, -0.804082, 0.581016, 0.125916, 0.39386, 0.442271, 0.443074, 0.779807, -0.0, 0.0, 0.0, 0.0, 1.0],
                [0.644174, 0.624142, -0.442131, -0.0, -0.694399, 0.719564, 0.004083, 0.39386, 0.320686, 0.304375, 0.896965, 0.0, 0.0, 0.0, 0.0, 1.0]
            ]
        },
        {
            "name": "Hand_L",
            "time": [0.0, 0.1667, 0.3333, 0.5, 0.6667, 0.8333, 1.0],
            "transform": [
                [1.0, -1.2e-05, 5e-06, 0.0, -3e-06, -0.581736, -0.813382, 0.3, 1.3e-05, 0.813365, -0.581749, -0.0, 0.0, 0.0, 0.0, 1.0],
                [1.0, -1.2e-05, 4e-06, 0.0, -2e-06, -0.464686, -0.885483, 0.3, 1.3e-05, 0.885464, -0.464696, -0.0, 0.0, 0.0, 0.0, 1.0],
                [1.0, -1.3e-05, 4e-06, -0.0, -1e-06, -0.338607, -0.940937, 0.3, 1.3e-05, 0.940916, -0.338614, 0.0, 0.0, 0.0, 0.0, 1.0],
                [1.0, -1.3e-05, 2e-06, -0.0, 0.0, -0.161174, -0.986937, 0.3, 1.3e-05, 0.986915, -0.161177, 0.0, 0.0, 0.0, 0.0, 1.0],
                [1.0, -1.3e-05, 2e-06, 0.0, 0.0, -0.138407, -0.990386, 0.3, 1.3e-05, 0.990365, -0.13841, 0.0, 0.0, 0.0, 0.0, 1.0],
                [1.0, -1.3e-05, 2e-06, 0.0, 1e-06, -0.115566, -0.993311, 0.3, 1.3e-05, 0.993289, -0.115569, -0.0, 0.0, 0.0, 0.0, 1.0],
                [1.0, -1.2e-05, 5e-06, -0.0, -2e-06, -0.500308, -0.865854, 0.3, 1.3e-05, 0.865836, -0.500318, -0.0, 0.0, 0.0, 0.0, 1.0]
            ]
        },
        {
            "name": "Tool_L",
            "time": [0.0, 0.1667, 0.3333, 0.5, 0.6667, 0.8333, 1.0],
            "transform": [
                [-0.679987, -0.66231, -0.314874, 0.0, 0.679786, -0.408304, -0.609172, 0.272858, 0.274761, -0.6282, 0.72705, -0.0, 0.0, 0.0, 0.0, 1.0],
                [-0.770284, -0.522294, -0.366018, -0.0, 0.616884, -0.464478, -0.635315, 0.272858, 0.161737, -0.715077, 0.679208, 0.0, 0.0, 0.0, 0.0, 1.0],
                [-0.836914, -0.365959, -0.407028, -0.0, 0.546154, -0.508108, -0.665917, 0.272858, 0.036871, -0.779521, 0.624407, 0.0, 0.0, 0.0, 0.0, 1.0],
                [-0.830835, -0.444763, -0.334634, 0.0, 0.522609, -0.416443, -0.743815, 0.272858, 0.191371, -0.792773, 0.577777, 0.0, 0.0, 0.0, 0.0, 1.0],
                [-0.671839, -0.657905, -0.340531, 0.0, 0.620994, -0.249494, -0.742887, 0.272858, 0.403587, -0.710481, 0.575523, 0.0, 0.0, 0.0, 0.0, 1.0],
                [-0.459507, -0.817955, -0.346498, -0.0, 0.668693, -0.061676, -0.740802, 0.272858, 0.584276, -0.572032, 0.574651, 0.0, 0.0, 0.0, 0.0, 1.0],
                [-0.641825, -0.698547, -0.316692, 0.0, 0.688725, -0.343291, -0.638499, 0.272858, 0.337136, -0.627841, 0.700648, -0.0, 0.0, 0.0, 0.0, 1.0]
            ]
        },
        {
            "name": "Elbow_L",
            "time": [0.0, 0.1667, 0.3333, 0.5, 0.6667, 0.8333, 1.0],
            "transform": [
                [-1.0, 0.0, -0.0, 0.0, 0.0, 0.0, -1.0, 0.3, -0.0, -1.0, 0.0, -0.0, 0.0, 0.0, 0.0, 1.0],
                [-1.0, 0.0, -0.0, 0.0, 0.0, -0.0, -1.0, 0.3, -0.0, -1.0, -0.0, -0.0, 0.0, 0.0, 0.0, 1.0],
                [-1.0, 0.0, -0.0, -0.0, 0.0, -0.0, -1.0, 0.3, -0.0, -1.0, 0.0, 0.0, 0.0, 0.0, 0.0, 1.0],
                [-1.0, 0.0, -0.0, -0.0, 0.0, 0.0, -1.0, 0.3, -0.0, -1.0, -0.0, 0.0, 0.0, 0.0, 0.0, 1.0],
                [-1.0, 0.0, 0.0, -0.0, 0.0, 0.0, -1.0, 0.3, -0.0, -1.0, 0.0, 0.0, 0.0, 0.0, 0.0, 1.0],
                [-1.0, 0.0, -0.0, 0.0, 0.0, 0.0, -1.0, 0.3, -0.0, -1.0, -0.0, -0.0, 0.0, 0.0, 0.0, 1.0],
                [-1.0, 0.0, -0.0, -0.0, 0.0, 0.0, -1.0, 0.3, -0.0, -1.0, -0.0, -0.0, 0.0, 0.0, 0.0, 1.0]
            ]
        }
    ]
}