{
    "animation": [
        {
            "name": "Root",
            "time": [0.0, 0.1667, 0.3333, 0.5, 0.8333, 1.0],
            "transform": [
                [0.999997, 0.002329, 0.0, 0.070545, 0.0, -0.0, -1.0, 0.000946, -0.002329, 0.999997, -0.0, 2.439784, 0.0, 0.0, 0.0, 1.0],
                [0.999997, 0.002329, 0.0, 0.070545, 0.0, -0.0, -1.0, 0.000946, -0.002329, 0.999997, -0.0, 2.439784, 0.0, 0.0, 0.0, 1.0],
                [0.999997, 0.002329, 0.0, 0.070545, 0.0, -0.0, -1.0, 0.000946, -0.002329, 0.999997, -0.0, 2.523937, 0.0, 0.0, 0.0, 1.0],
                [0.999997, 0.002329, 0.0, 0.070545, 0.0, -0.0, -1.0, 0.000946, -0.002329, 0.999997, -0.0, 2.799928, 0.0, 0.0, 0.0, 1.0],
                [0.999997, 0.002329, 0.0, 0.070545, 0.0, -0.0, -1.0, 0.000946, -0.002329, 0.999997, -0.0, 3.46292, 0.0, 0.0, 0.0, 1.0],
                [0.999997, 0.002329, 0.0, 0.070545, 0.0, -0.0, -1.0, 0.000946, -0.002329, 0.999997, -0.0, 3.46292, 0.0, 0.0, 0.0, 1.0]
            ]
        },
        {
            "name": "Thigh_R",
            "time": [0.0, 0.1667, 0.3333, 0.5, 0.8333, 1.0],
            "transform": [
                [0.549741, 0.82095, 0.154363, 0.124994, 0.270328, -0.349688, 0.897018, -0.002831, 0.790385, -0.451398, -0.414164, -1.2e-05, 0.0, 0.0, 0.0, 1.0],
                [0.549741, 0.82095, 0.154363, 0.124994, 0.270328, -0.349688, 0.897018, -0.002831, 0.790385, -0.451398, -0.414164, -1.2e-05, 0.0, 0.0, 0.0, 1.0],
                [0.549741, 0.741836, 0.384013, 0.124994, 0.270328, -0.592965, 0.758496, -0.002831, 0.790385, -0.313166, -0.526516, -1.2e-05, 0.0, 0.0, 0.0, 1.0],
                [0.549741, 0.599999, 0.581195, 0.124994, 0.270328, -0.786106, 0.555842, -0.002831, 0.790385, -0.148456, -0.594351, -1.2e-05, 0.0, 0.0, 0.0, 1.0],
                [0.549741, 0.82095, 0.154363, 0.124994, 0.270328, -0.349688, 0.897018, -0.002831, 0.790385, -0.451398, -0.414164, -1.2e-05, 0.0, 0.0, 0.0, 1.0],
                [0.549741, 0.82095, 0.154363, 0.124994, 0.270328, -0.349688, 0.897018, -0.002831, 0.790385, -0.451398, -0.414164, -1.2e-05, 0.0, 0.0, 0.0, 1.0]
            ]
        },
        {
            "name": "Leg_R",
            "time": [0.0, 0.1667, 0.3333, 0.5, 0.8333, 1.0],
            "transform": [
                [1.0, 0.0, 0.0, -0.0, 0.0, -0.3196, 0.947553, 0.37472, 0.0, -0.947553, -0.3196, -0.0, 0.0, 0.0, 0.0, 1.0],
                [1.0, 0.0, 0.0, -0.0, 0.0, -0.3196, 0.947553, 0.37472, 0.0, -0.947553, -0.3196, -0.0, 0.0, 0.0, 0.0, 1.0],
                [1.0, 0.0, 0.0, -0.0, -0.0, 0.114109, 0.993469, 0.37472, 0.0, -0.993469, 0.114109, 0.0, 0.0, 0.0, 0.0, 1.0],
                [1.0, 0.0, -0.0, -0.0, -0.0, 0.526113, 0.850415, 0.37472, 0.0, -0.850415, 0.526113, -0.0, 0.0, 0.0, 0.0, 1.0],
                [1.0, 0.0, 0.0, -0.0, 0.0, -0.3196, 0.947553, 0.37472, 0.0, -0.947553, -0.3196, 0.0, 0.0, 0.0, 0.0, 1.0],
                [1.0, 0.0, 0.0, -0.0, 0.0, -0.3196, 0.947553, 0.37472, 0.0, -0.947553, -0.3196, 0.0, 0.0, 0.0, 0.0, 1.0]
            ]
        },
        {
            "name": "Knee_R",
            "time": [0.0, 0.1667, 0.3333, 0.5, 0.8333, 1.0],
            "transform": [
                [1.0, 0.0, -0.0, -0.0, -0.0, 1e-06, -1.0, 0.37472, -0.0, 1.0, 1e-06, -0.0, 0.0, 0.0, 0.0, 1.0],
                [1.0, 0.0, -0.0, -0.0, -0.0, 1e-06, -1.0, 0.37472, -0.0, 1.0, 1e-06, -0.0, 0.0, 0.0, 0.0, 1.0],
                [1.0, 0.0, -0.0, -0.0, -0.0, 1e-06, -1.0, 0.37472, -0.0, 1.0, 1e-06, 0.0, 0.0, 0.0, 0.0, 1.0],
                [1.0, 0.0, -0.0, -0.0, -0.0, 1e-06, -1.0, 0.37472, -0.0, 1.0, 1e-06, -0.0, 0.0, 0.0, 0.0, 1.0],
                [1.0, 0.0, -0.0, -0.0, -0.0, 1e-06, -1.0, 0.37472, -0.0, 1.0, 1e-06, 0.0, 0.0, 0.0, 0.0, 1.0],
                [1.0, 0.0, -0.0, -0.0, -0.0, 1e-06, -1.0, 0.37472, -0.0, 1.0, 1e-06, 0.0, 0.0, 0.0, 0.0, 1.0]
            ]
        },
        {
            "name": "Thigh_L",
            "time": [0.0, 0.1667, 0.3333, 0.5, 0.8333, 1.0],
            "transform": [
                [0.937786, -0.007905, -0.347123, -0.125006, 0.193605, -0.817993, 0.541668, -0.002831, -0.288226, -0.575174, -0.765572, -1.2e-05, 0.0, 0.0, 0.0, 1.0],
                [0.937786, -0.007905, -0.347123, -0.125006, 0.193605, -0.817993, 0.541668, -0.002831, -0.288226, -0.575174, -0.765572, -1.2e-05, 0.0, 0.0, 0.0, 1.0],
                [0.97044, -0.007905, -0.241212, -0.125006, 0.132472, -0.817993, 0.559766, -0.002831, -0.201735, -0.575173, -0.792766, -1.2e-05, 0.0, 0.0, 0.0, 1.0],
                [0.991173, -0.007905, -0.132338, -0.125006, 0.069713, -0.817993, 0.570988, -0.002831, -0.112765, -0.575173, -0.810222, -1.2e-05, 0.0, 0.0, 0.0, 1.0],
                [0.937786, -0.007905, -0.347123, -0.125006, 0.193605, -0.817993, 0.541668, -0.002831, -0.288226, -0.575174, -0.765572, -1.2e-05, 0.0, 0.0, 0.0, 1.0],
                [0.937786, -0.007905, -0.347123, -0.125006, 0.193605, -0.817993, 0.541668, -0.002831, -0.288226, -0.575174, -0.765572, -1.2e-05, 0.0, 0.0, 0.0, 1.0]
            ]
        },
        {
            "name": "Leg_L",
            "time": [0.0, 0.1667, 0.3333, 0.5, 0.8333, 1.0],
            "transform": [
                [1.0, -0.0, -0.0, -0.0, 0.0, -0.769843, 0.638234, 0.37472, -0.0, -0.638234, -0.769842, 0.0, 0.0, 0.0, 0.0, 1.0],
                [1.0, -0.0, -0.0, -0.0, 0.0, -0.769843, 0.638234, 0.37472, -0.0, -0.638234, -0.769842, 0.0, 0.0, 0.0, 0.0, 1.0],
                [1.0, -0.0, -0.0, -0.0, 0.0, -0.079588, 0.996828, 0.37472, -0.0, -0.996828, -0.079588, 0.0, 0.0, 0.0, 0.0, 1.0],
                [1.0, -1e-06, 0.0, 0.0, 0.0, 0.65882, 0.752301, 0.37472, -0.0, -0.752301, 0.65882, -0.0, 0.0, 0.0, 0.0, 1.0],
                [1.0, -0.0, -0.0, -0.0, 0.0, -0.769843, 0.638234, 0.37472, -0.0, -0.638234, -0.769842, 0.0, 0.0, 0.0, 0.0, 1.0],
                [1.0, -0.0, -0.0, -0.0, 0.0, -0.769843, 0.638234, 0.37472, -0.0, -0.638234, -0.769842, 0.0, 0.0, 0.0, 0.0, 1.0]
            ]
        },
        {
            "name": "Knee_L",
            "time": [0.0, 0.1667, 0.3333, 0.5, 0.8333, 1.0],
            "transform": [
                [1.0, 0.0, -0.0, -0.0, -0.0, 1e-06, -1.0, 0.37472, -0.0, 1.0, 1e-06, 0.0, 0.0, 0.0, 0.0, 1.0],
                [1.0, 0.0, -0.0, -0.0, -0.0, 1e-06, -1.0, 0.37472, -0.0, 1.0, 1e-06, 0.0, 0.0, 0.0, 0.0, 1.0],
                [1.0, 0.0, -0.0, -0.0, -0.0, 1e-06, -1.0, 0.37472, -0.0, 1.0, 1e-06, 0.0, 0.0, 0.0, 0.0, 1.0],
                [1.0, 0.0, -0.0, 0.0, -0.0, 1e-06, -1.0, 0.37472, -0.0, 1.0, 1e-06, -0.0, 0.0, 0.0, 0.0, 1.0],
                [1.0, 0.0, -0.0, -0.0, -0.0, 1e-06, -1.0, 0.37472, -0.0, 1.0, 1e-06, 0.0, 0.0, 0.0, 0.0, 1.0],
                [1.0, 0.0, -0.0, -0.0, -0.0, 1e-06, -1.0, 0.37472, -0.0, 1.0, 1e-06, 0.0, 0.0, 0.0, 0.0, 1.0]
            ]
        },
        {
            "name": "Torso",
            "time": [0.0, 0.1667, 0.3333, 0.5, 0.8333, 1.0],
            "transform": [
                [0.730828, -0.411022, -0.544933, 0.0, 0.350234, 0.911067, -0.217472, 0.05, 0.585856, -0.031919, 0.809786, 0.0, 0.0, 0.0, 0.0, 1.0],
                [0.730828, -0.411022, -0.544933, 0.0, 0.350234, 0.911067, -0.217472, 0.05, 0.585856, -0.031919, 0.809786, 0.0, 0.0, 0.0, 0.0, 1.0],
                [0.730828, -0.411022, -0.544933, 0.0, 0.350234, 0.911067, -0.217472, 0.05, 0.585856, -0.031919, 0.809786, -0.0, 0.0, 0.0, 0.0, 1.0],
                [0.730828, -0.411022, -0.544933, -0.0, 0.350234, 0.911067, -0.217472, 0.05, 0.585856, -0.031919, 0.809786, 0.0, 0.0, 0.0, 0.0, 1.0],
                [0.730828, -0.411022, -0.544933, -0.0, 0.350234, 0.911067, -0.217472, 0.05, 0.585856, -0.031919, 0.809786, 0.0, 0.0, 0.0, 0.0, 1.0],
                [0.730828, -0.411022, -0.544933, -0.0, 0.350234, 0.911067, -0.217472, 0.05, 0.585856, -0.031919, 0.809786, 0.0, 0.0, 0.0, 0.0, 1.0]
            ]
        },
        {
            "name": "Chest",
            "time": [0.0, 0.1667, 0.3333, 0.5, 0.8333, 1.0],
            "transform": [
                [0.996866, 0.079096, 0.001304, 0.0, -0.03527, 0.429639, 0.902312, 0.3, 0.070809, -0.89953, 0.431082, 0.0, 0.0, 0.0, 0.0, 1.0],
                [0.996866, 0.079096, 0.001304, 0.0, -0.03527, 0.429639, 0.902312, 0.3, 0.070809, -0.89953, 0.431082, 0.0, 0.0, 0.0, 0.0, 1.0],
                [0.996866, 0.079096, 0.001304, -0.0, -0.03527, 0.429639, 0.902312, 0.3, 0.070809, -0.89953, 0.431082, -0.0, 0.0, 0.0, 0.0, 1.0],
                [0.996866, 0.079096, 0.001304, -0.0, -0.03527, 0.429639, 0.902312, 0.3, 0.070809, -0.89953, 0.431082, -0.0, 0.0, 0.0, 0.0, 1.0],
                [0.996866, 0.079096, 0.001304, -0.0, -0.03527, 0.429639, 0.902312, 0.3, 0.070809, -0.89953, 0.431082, -0.0, 0.0, 0.0, 0.0, 1.0],
                [0.996866, 0.079096, 0.001304, -0.0, -0.03527, 0.429639, 0.902312, 0.3, 0.070809, -0.89953, 0.431082, -0.0, 0.0, 0.0, 0.0, 1.0]
            ]
        },
        {
            "name": "Head",
            "time": [0.0, 0.1667, 0.3333, 0.5, 0.8333, 1.0],
            "transform": [
                [0.800892, 0.220505, 0.556731, 0.0, 0.12587, 0.846967, -0.516531, 0.4, -0.58543, 0.483761, 0.650574, 0.0, 0.0, 0.0, 0.0, 1.0],
                [0.800892, 0.220505, 0.556731, 0.0, 0.12587, 0.846967, -0.516531, 0.4, -0.58543, 0.483761, 0.650574, 0.0, 0.0, 0.0, 0.0, 1.0],
                [0.800892, 0.220505, 0.556731, 0.0, 0.12587, 0.846967, -0.516531, 0.4, -0.58543, 0.483761, 0.650574, -0.0, 0.0, 0.0, 0.0, 1.0],
                [0.800892, 0.220505, 0.556731, 0.0, 0.12587, 0.846967, -0.516531, 0.4, -0.58543, 0.483761, 0.650574, 0.0, 0.0, 0.0, 0.0, 1.0],
                [0.800892, 0.220505, 0.556731, 0.0, 0.12587, 0.846967, -0.516531, 0.4, -0.58543, 0.483761, 0.650574, 0.0, 0.0, 0.0, 0.0, 1.0],
                [0.800892, 0.220505, 0.556731, 0.0, 0.12587, 0.846967, -0.516531, 0.4, -0.58543, 0.483761, 0.650574, 0.0, 0.0, 0.0, 0.0, 1.0]
            ]
        },
        {
            "name": "Shoulder_R",
            "time": [0.0, 0.1667, 0.3333, 0.5, 0.8333, 1.0],
            "transform": [
                [0.501041, 0.560948, -0.659008, 0.0, 0.559219, -0.791013, -0.24814, 0.4, -0.660482, -0.244201, -0.710019, 0.0, 0.0, 0.0, 0.0, 1.0],
                [0.501041, 0.560948, -0.659008, 0.0, 0.559219, -0.791013, -0.24814, 0.4, -0.660482, -0.244201, -0.710019, 0.0, 0.0, 0.0, 0.0, 1.0],
                [0.501041, 0.560948, -0.659008, 0.0, 0.559219, -0.791013, -0.24814, 0.4, -0.660482, -0.244201, -0.710019, -0.0, 0.0, 0.0, 0.0, 1.0],
                [0.501041, 0.560948, -0.659008, 0.0, 0.559219, -0.791013, -0.24814, 0.4, -0.660482, -0.244201, -0.710019, 0.0, 0.0, 0.0, 0.0, 1.0],
                [0.501041, 0.560948, -0.659008, 0.0, 0.559219, -0.791013, -0.24814, 0.4, -0.660482, -0.244201, -0.710019, 0.0, 0.0, 0.0, 0.0, 1.0],
                [0.501041, 0.560948, -0.659008, 0.0, 0.559219, -0.791013, -0.24814, 0.4, -0.660482, -0.244201, -0.710019, 0.0, 0.0, 0.0, 0.0, 1.0]
            ]
        },
        {
            "name": "Arm_R",
            "time": [0.0, 0.1667, 0.3333, 0.5, 0.8333, 1.0],
            "transform": [
                [0.538273, -0.672897, 0.507416, 0.0, 0.455984, 0.73887, 0.496132, 0.39386, -0.708759, -0.03568, 0.70455, -0.0, 0.0, 0.0, 0.0, 1.0],
                [0.538273, -0.672897, 0.507416, 0.0, 0.455984, 0.73887, 0.496132, 0.39386, -0.708759, -0.03568, 0.70455, -0.0, 0.0, 0.0, 0.0, 1.0],
                [0.538273, -0.672897, 0.507416, 0.0, 0.455984, 0.73887, 0.496132, 0.393861, -0.708759, -0.03568, 0.70455, -0.0, 0.0, 0.0, 0.0, 1.0],
                [0.538273, -0.672897, 0.507416, 0.0, 0.455984, 0.73887, 0.496132, 0.39386, -0.708759, -0.03568, 0.70455, -0.0, 0.0, 0.0, 0.0, 1.0],
                [0.538273, -0.672897, 0.507416, 0.0, 0.455984, 0.73887, 0.496132, 0.39386, -0.708759, -0.03568, 0.70455, -0.0, 0.0, 0.0, 0.0, 1.0],
                [0.538273, -0.672897, 0.507416, 0.0, 0.455984, 0.73887, 0.496132, 0.39386, -0.708759, -0.03568, 0.70455, -0.0, 0.0, 0.0, 0.0, 1.0]
            ]
        },
        {
            "name": "Hand_R",
            "time": [0.0, 0.1667, 0.3333, 0.5, 0.8333, 1.0],
            "transform": [
                [1.0, -0.0, -0.0, -0.0, -0.0, 0.46848, -0.883477, 0.3, 0.0, 0.88347, 0.468484, 0.0, 0.0, 0.0, 0.0, 1.0],
                [1.0, -0.0, -0.0, -0.0, -0.0, 0.46848, -0.883477, 0.3, 0.0, 0.88347, 0.468484, 0.0, 0.0, 0.0, 0.0, 1.0],
                [1.0, -0.0, -0.0, -0.0, -0.0, 0.46848, -0.883477, 0.3, 0.0, 0.88347, 0.468484, -0.0, 0.0, 0.0, 0.0, 1.0],
                [1.0, -0.0, -0.0, -0.0, -0.0, 0.46848, -0.883477, 0.3, 0.0, 0.88347, 0.468484, -0.0, 0.0, 0.0, 0.0, 1.0],
                [1.0, -0.0, -0.0, -0.0, -0.0, 0.46848, -0.883477, 0.3, 0.0, 0.88347, 0.468484, -0.0, 0.0, 0.0, 0.0, 1.0],
                [1.0, -0.0, -0.0, -0.0, -0.0, 0.46848, -0.883477, 0.3, 0.0, 0.88347, 0.468484, -0.0, 0.0, 0.0, 0.0, 1.0]
            ]
        },
        {
            "name": "Tool_R",
            "time": [0.0, 0.1667, 0.3333, 0.5, 0.8333, 1.0],
            "transform": [
                [0.816379, -0.40366, 0.413166, -0.053322, 0.320537, -0.279213, -0.904676, 0.242296, 0.480387, 0.871263, -0.098393, 0.070844, 0.0, 0.0, 0.0, 1.0],
                [0.816379, -0.40366, 0.413166, -0.053322, 0.320537, -0.279213, -0.904676, 0.242296, 0.480387, 0.871263, -0.098393, 0.070844, 0.0, 0.0, 0.0, 1.0],
                [0.816379, -0.40366, 0.413166, -0.053322, 0.320537, -0.279213, -0.904676, 0.242296, 0.480387, 0.871263, -0.098393, 0.070844, 0.0, 0.0, 0.0, 1.0],
                [0.816379, -0.40366, 0.413166, -0.053322, 0.320537, -0.279213, -0.904676, 0.242296, 0.480387, 0.871263, -0.098393, 0.070844, 0.0, 0.0, 0.0, 1.0],
                [0.816379, -0.40366, 0.413166, -0.053322, 0.320537, -0.279213, -0.904676, 0.242296, 0.480387, 0.871263, -0.098393, 0.070844, 0.0, 0.0, 0.0, 1.0],
                [0.816379, -0.40366, 0.413166, -0.053322, 0.320537, -0.279213, -0.904676, 0.242296, 0.480387, 0.871263, -0.098393, 0.070844, 0.0, 0.0, 0.0, 1.0]
            ]
        },
        {
            "name": "Elbow_R",
            "time": [0.0, 0.1667, 0.3333, 0.5, 0.8333, 1.0],
            "transform": [
                [-1.0, 0.0, -0.0, -0.0, 0.0, -0.0, -1.0, 0.3, -0.0, -1.0, 0.0, 0.0, 0.0, 0.0, 0.0, 1.0],
                [-1.0, 0.0, -0.0, -0.0, 0.0, -0.0, -1.0, 0.3, -0.0, -1.0, 0.0, 0.0, 0.0, 0.0, 0.0, 1.0],
                [-1.0, 0.0, -0.0, -0.0, 0.0, -0.0, -1.0, 0.3, -0.0, -1.0, 0.0, -0.0, 0.0, 0.0, 0.0, 1.0],
                [-1.0, 0.0, -0.0, -0.0, 0.0, -0.0, -1.0, 0.3, -0.0, -1.0, 0.0, -0.0, 0.0, 0.0, 0.0, 1.0],
                [-1.0, 0.0, -0.0, -0.0, 0.0, -0.0, -1.0, 0.3, -0.0, -1.0, 0.0, -0.0, 0.0, 0.0, 0.0, 1.0],
                [-1.0, 0.0, -0.0, -0.0, 0.0, -0.0, -1.0, 0.3, -0.0, -1.0, 0.0, -0.0, 0.0, 0.0, 0.0, 1.0]
            ]
        },
        {
            "name": "Shoulder_L",
            "time": [0.0, 0.1667, 0.3333, 0.5, 0.8333, 1.0],
            "transform": [
                [0.092659, -0.995613, -0.012992, 0.0, -0.897293, -0.077836, -0.434542, 0.4, 0.431637, 0.051922, -0.900541, 0.0, 0.0, 0.0, 0.0, 1.0],
                [0.092659, -0.995613, -0.012992, 0.0, -0.897293, -0.077836, -0.434542, 0.4, 0.431637, 0.051922, -0.900541, 0.0, 0.0, 0.0, 0.0, 1.0],
                [0.092659, -0.995613, -0.012992, 0.0, -0.897293, -0.077836, -0.434542, 0.4, 0.431637, 0.051922, -0.900541, -0.0, 0.0, 0.0, 0.0, 1.0],
                [0.092659, -0.995613, -0.012992, 0.0, -0.897293, -0.077836, -0.434542, 0.4, 0.431637, 0.051922, -0.900541, 0.0, 0.0, 0.0, 0.0, 1.0],
                [0.092659, -0.995613, -0.012992, 0.0, -0.897293, -0.077836, -0.434542, 0.4, 0.431637, 0.051922, -0.900541, 0.0, 0.0, 0.0, 0.0, 1.0],
                [0.092659, -0.995613, -0.012992, 0.0, -0.897293, -0.077836, -0.434542, 0.4, 0.431637, 0.051922, -0.900541, 0.0, 0.0, 0.0, 0.0, 1.0]
            ]
        },
        {
            "name": "Arm_L",
            "time": [0.0, 0.1667, 0.3333, 0.5, 0.8333, 1.0],
            "transform": [
                [0.694811, 0.601498, -0.394245, 0.0, -0.660622, 0.750457, -0.01928, 0.39386, 0.284263, 0.273834, 0.918826, 0.0, 0.0, 0.0, 0.0, 1.0],
                [0.694811, 0.601498, -0.394245, 0.0, -0.660622, 0.750457, -0.01928, 0.39386, 0.284263, 0.273834, 0.918826, 0.0, 0.0, 0.0, 0.0, 1.0],
                [0.788337, 0.500861, -0.357288, 0.0, -0.571394, 0.811335, -0.123372, 0.39386, 0.228085, 0.301402, 0.925833, 0.0, 0.0, 0.0, 0.0, 1.0],
                [0.866747, 0.39375, -0.306107, 0.0, -0.467099, 0.855997, -0.221508, 0.39386, 0.174806, 0.334964, 0.925891, 0.0, 0.0, 0.0, 0.0, 1.0],
                [0.694811, 0.601498, -0.394245, 0.0, -0.660622, 0.750457, -0.01928, 0.39386, 0.284263, 0.273834, 0.918826, 1e-06, 0.0, 0.0, 0.0, 1.0],
                [0.694811, 0.601498, -0.394245, 0.0, -0.660622, 0.750457, -0.01928, 0.39386, 0.284263, 0.273834, 0.918826, 1e-06, 0.0, 0.0, 0.0, 1.0]
            ]
        },
        {
            "name": "Hand_L",
            "time": [0.0, 0.1667, 0.3333, 0.5, 0.8333, 1.0],
            "transform": [
                [1.0, -1.2e-05, 5e-06, -0.0, -3e-06, -0.581735, -0.813382, 0.3, 1.3e-05, 0.813365, -0.581748, 0.0, 0.0, 0.0, 0.0, 1.0],
                [1.0, -1.2e-05, 5e-06, -0.0, -3e-06, -0.581735, -0.813382, 0.3, 1.3e-05, 0.813365, -0.581748, 0.0, 0.0, 0.0, 0.0, 1.0],
                [1.0, -1.3e-05, 2e-06, -0.0, -4e-06, -0.443914, -0.896076, 0.3, 1.2e-05, 0.896057, -0.443924, -0.0, 0.0, 0.0, 0.0, 1.0],
                [1.0, -1.3e-05, -2e-06, 0.0, -6e-06, -0.294626, -0.955622, 0.3, 1.2e-05, 0.955601, -0.294633, 0.0, 0.0, 0.0, 0.0, 1.0],
                [1.0, -1.2e-05, 5e-06, 0.0, -3e-06, -0.581735, -0.813382, 0.3, 1.3e-05, 0.813365, -0.581748, 0.0, 0.0, 0.0, 0.0, 1.0],
                [1.0, -1.2e-05, 5e-06, 0.0, -3e-06, -0.581735, -0.813382, 0.3, 1.3e-05, 0.813365, -0.581748, 0.0, 0.0, 0.0, 0.0, 1.0]
            ]
        },
        {
            "name": "Tool_L",
            "time": [0.0, 0.1667, 0.3333, 0.5, 0.8333, 1.0],
            "transform": [
                [-0.680004, -0.663273, -0.312807, 0.0, 0.679743, -0.410143, -0.607987, 0.272858, 0.274831, -0.625984, 0.728931, -1e-06, 0.0, 0.0, 0.0, 1.0],
                [-0.680004, -0.663273, -0.312807, 0.0, 0.679743, -0.410143, -0.607987, 0.272858, 0.274831, -0.625984, 0.728931, -1e-06, 0.0, 0.0, 0.0, 1.0],
                [-0.680003, -0.663273, -0.312807, 0.0, 0.679743, -0.410142, -0.607987, 0.272858, 0.274831, -0.625984, 0.728931, -1e-06, 0.0, 0.0, 0.0, 1.0],
                [-0.680004, -0.663273, -0.312807, 0.0, 0.679743, -0.410143, -0.607987, 0.272858, 0.274831, -0.625984, 0.728931, -0.0, 0.0, 0.0, 0.0, 1.0],
                [-0.680004, -0.663273, -0.312807, 0.0, 0.679743, -0.410143, -0.607987, 0.272858, 0.274831, -0.625984, 0.728931, -1e-06, 0.0, 0.0, 0.0, 1.0],
                [-0.680004, -0.663273, -0.312807, 0.0, 0.679743, -0.410143, -0.607987, 0.272858, 0.274831, -0.625984, 0.728931, -1e-06, 0.0, 0.0, 0.0, 1.0]
            ]
        },
        {
            "name": "Elbow_L",
            "time": [0.0, 0.1667, 0.3333, 0.5, 0.8333, 1.0],
            "transform": [
                [-1.0, 0.0, -0.0, -0.0, 0.0, -0.0, -1.0, 0.3, -0.0, -1.0, 0.0, 0.0, 0.0, 0.0, 0.0, 1.0],
                [-1.0, 0.0, -0.0, -0.0, 0.0, -0.0, -1.0, 0.3, -0.0, -1.0, 0.0, 0.0, 0.0, 0.0, 0.0, 1.0],
                [-1.0, 0.0, -0.0, -0.0, 0.0, -0.0, -1.0, 0.3, -0.0, -1.0, -0.0, -0.0, 0.0, 0.0, 0.0, 1.0],
                [-1.0, 0.0, -0.0, 0.0, 0.0, -0.0, -1.0, 0.3, -0.0, -1.0, 0.0, 0.0, 0.0, 0.0, 0.0, 1.0],
                [-1.0, 0.0, -0.0, 0.0, 0.0, -0.0, -1.0, 0.3, -0.0, -1.0, 0.0, 0.0, 0.0, 0.0, 0.0, 1.0],
                [-1.0, 0.0, -0.0, 0.0, 0.0, -0.0, -1.0, 0.3, -0.0, -1.0, 0.0, 0.0, 0.0, 0.0, 0.0, 1.0]
            ]
        }
    ]
}