{
    "animation": [
        {
            "name": "Root",
            "time": [0.0, 0.0333, 0.0667, 0.1, 0.1333, 0.1667, 0.2, 0.2333, 0.2667, 0.3, 0.3333, 0.3667, 0.4, 0.4333, 0.4667, 0.5, 0.5333, 0.5667, 0.6, 0.6333, 0.6667, 0.7, 0.7333, 0.7667, 0.8, 0.8333, 0.8667, 0.9, 0.9333, 0.9667, 1.0, 1.0333, 1.0667, 1.1],
            "transform": [
                [7.5e-05, 0.359944, -0.932974, 0.066003, -0.243931, 0.904798, 0.349054, -1.327013, 0.969793, 0.227555, 0.087869, 0.815886, 0.0, 0.0, 0.0, 1.0],
                [0.00867, 0.324324, -0.945906, 0.118423, -0.243324, 0.918194, 0.312592, -1.325604, 0.969906, 0.227451, 0.086876, 0.815886, 0.0, 0.0, 0.0, 1.0],
                [0.032005, 0.22615, -0.973567, 0.255291, -0.24028, 0.94724, 0.212136, -1.315734, 0.970176, 0.227139, 0.084656, 0.815886, 0.0, 0.0, 0.0, 1.0],
                [0.065914, 0.078815, -0.994708, 0.446313, -0.231878, 0.970796, 0.061555, -1.264707, 0.970509, 0.226593, 0.082265, 0.815886, 0.0, 0.0, 0.0, 1.0],
                [0.105281, -0.100324, -0.989369, 0.662356, -0.215319, 0.968997, -0.121171, -1.153719, 0.970852, 0.225787, 0.080415, 0.815886, 0.0, 0.0, 0.0, 1.0],
                [0.144763, -0.289861, -0.946058, 0.874578, -0.189702, 0.930262, -0.314048, -0.995156, 0.971111, 0.224931, 0.07968, 0.815886, 0.0, 0.0, 0.0, 1.0],
                [0.180117, -0.469211, -0.864522, 1.054137, -0.156313, 0.854075, -0.496107, -0.801402, 0.971146, 0.224493, 0.08049, 0.815886, 0.0, 0.0, 0.0, 1.0],
                [0.209161, -0.623959, -0.752945, 1.181884, -0.117624, 0.748333, -0.652812, -0.584842, 0.970781, 0.225108, 0.083129, 0.815886, 0.0, 0.0, 0.0, 1.0],
                [0.231832, -0.747774, -0.622164, 1.277443, -0.075871, 0.623741, -0.77794, -0.357862, 0.969793, 0.227555, 0.087869, 0.815886, 0.0, 0.0, 0.0, 1.0],
                [0.249225, -0.845726, -0.471841, 1.336456, -0.03092, 0.480018, -0.876714, -0.126164, 0.967952, 0.233088, 0.093483, 0.806641, 0.0, 0.0, 0.0, 1.0],
                [0.258037, -0.919187, -0.297511, 1.317687, 0.017979, 0.312454, -0.949763, 0.123504, 0.965968, 0.239725, 0.097151, 0.791517, 0.0, 0.0, 0.0, 1.0],
                [0.25609, -0.960866, -0.105615, 1.259953, 0.068457, 0.127012, -0.989536, 0.379977, 0.964226, 0.24618, 0.098305, 0.778694, 0.0, 0.0, 0.0, 1.0],
                [0.243068, -0.965415, 0.094294, 1.161109, 0.117294, -0.067243, -0.990818, 0.624314, 0.962891, 0.251897, 0.096892, 0.773283, 0.0, 0.0, 0.0, 1.0],
                [0.219288, -0.931236, 0.291055, 1.020123, 0.161225, -0.259628, -0.952155, 0.840109, 0.962247, 0.255722, 0.093206, 0.778445, 0.0, 0.0, 0.0, 1.0],
                [0.18397, -0.860881, 0.474382, 0.840404, 0.197072, -0.440515, -0.875848, 1.021084, 0.962973, 0.254617, 0.088614, 0.790599, 0.0, 0.0, 0.0, 1.0],
                [0.136716, -0.758959, 0.636624, 0.626471, 0.221534, -0.602957, -0.766398, 1.163497, 0.965521, 0.245813, 0.085702, 0.804745, 0.0, 0.0, 0.0, 1.0],
                [0.077868, -0.63017, 0.772543, 0.382841, 0.231168, -0.742364, -0.628854, 1.263603, 0.969793, 0.227555, 0.087869, 0.815886, 0.0, 0.0, 0.0, 1.0],
                [0.017554, -0.473714, 0.880504, 0.116312, 0.228741, -0.855382, -0.464758, 1.319482, 0.973329, 0.209566, 0.093342, 0.820841, 0.0, 0.0, 0.0, 1.0],
                [-0.035481, -0.291176, 0.956012, -0.157214, 0.219859, -0.935452, -0.276754, 1.336509, 0.974886, 0.200368, 0.097208, 0.823705, 0.0, 0.0, 0.0, 1.0],
                [-0.082119, -0.091611, 0.992403, -0.421458, 0.205103, -0.976005, -0.073125, 1.273454, 0.975289, 0.19754, 0.098939, 0.827535, 0.0, 0.0, 0.0, 1.0],
                [-0.123022, 0.114774, 0.985745, -0.668891, 0.184939, -0.973239, 0.136399, 1.15652, 0.97502, 0.199083, 0.098504, 0.828703, 0.0, 0.0, 0.0, 1.0],
                [-0.15877, 0.317746, 0.934789, -0.898466, 0.159603, -0.926086, 0.341895, 0.99562, 0.97433, 0.203478, 0.096321, 0.82887, 0.0, 0.0, 0.0, 1.0],
                [-0.189891, 0.507933, 0.840206, -1.104061, 0.128933, -0.835464, 0.534207, 0.777513, 0.973303, 0.209771, 0.093158, 0.826954, 0.0, 0.0, 0.0, 1.0],
                [-0.216749, 0.677045, 0.703299, -1.254696, 0.092146, -0.70302, 0.705175, 0.508853, 0.971869, 0.217652, 0.089992, 0.822152, 0.0, 0.0, 0.0, 1.0],
                [-0.239249, 0.817082, 0.524536, -1.313174, 0.047565, -0.529714, 0.846843, 0.201264, 0.969793, 0.227555, 0.087869, 0.815886, 0.0, 0.0, 0.0, 1.0],
                [-0.251241, 0.919965, 0.300905, -1.305586, -0.007789, -0.312788, 0.949791, -0.130738, 0.967893, 0.236282, 0.08575, 0.809604, 0.0, 0.0, 0.0, 1.0],
                [-0.244318, 0.968688, 0.044189, -1.252471, -0.069763, -0.063011, 0.995572, -0.461059, 0.967183, 0.240153, 0.082973, 0.80485, 0.0, 0.0, 0.0, 1.0],
                [-0.2183, 0.952081, -0.214215, -1.092486, -0.128565, 0.189537, 0.97342, -0.760714, 0.967376, 0.240038, 0.081028, 0.802707, 0.0, 0.0, 0.0, 1.0],
                [-0.178978, 0.879727, -0.440508, -0.858776, -0.17568, 0.411965, 0.894104, -1.000718, 0.968041, 0.237413, 0.080817, 0.802296, 0.0, 0.0, 0.0, 1.0],
                [-0.135767, 0.778171, -0.613203, -0.634609, -0.207461, 0.582882, 0.785626, -1.160123, 0.968776, 0.233878, 0.082304, 0.80442, 0.0, 0.0, 0.0, 1.0],
                [-0.097807, 0.678453, -0.728104, -0.451495, -0.225398, 0.6975, 0.680213, -1.250145, 0.969345, 0.230643, 0.084701, 0.809091, 0.0, 0.0, 0.0, 1.0],
                [-0.071795, 0.606215, -0.792054, -0.328007, -0.233593, 0.761799, 0.604233, -1.290038, 0.96968, 0.228399, 0.086915, 0.813763, 0.0, 0.0, 0.0, 1.0],
                [-0.06228, 0.579266, -0.812756, -0.282717, -0.235846, 0.782732, 0.57594, -1.299057, 0.969793, 0.227555, 0.087869, 0.815886, 0.0, 0.0, 0.0, 1.0],
                [-0.016982, 0.422331, -0.906283, -0.034217, -0.243339, 0.877414, 0.413438, -1.33012, 0.969793, 0.227555, 0.087869, 0.815886, 0.0, 0.0, 0.0, 1.0]
            ]
        },
        {
            "name": "Thigh_R",
            "time": [0.0, 0.0667, 0.1, 0.1333, 0.1667, 0.2, 0.2333, 0.2667, 0.3, 0.3667, 0.4, 0.4333, 0.4667, 0.5, 0.5333, 0.5667, 0.6, 0.6333, 0.6667, 0.7, 0.7333, 0.7667, 0.8, 0.8333, 0.8667, 0.9, 0.9333, 0.9667, 1.0, 1.0333, 1.0667, 1.1],
            "transform": [
                [0.994527, -0.104482, -0.0, 0.124994, -0.104444, -0.994157, -0.027271, -0.002831, 0.002849, 0.027122, -0.999628, -1.2e-05, 0.0, 0.0, 0.0, 1.0],
                [0.994527, -0.104482, -0.0, 0.124994, -0.104444, -0.994156, -0.027271, -0.002831, 0.002849, 0.027122, -0.999628, -1.2e-05, 0.0, 0.0, 0.0, 1.0],
                [0.998458, -0.055521, 1e-06, 0.124994, -0.0555, -0.998087, -0.027245, -0.002831, 0.001513, 0.027202, -0.999629, -1.2e-05, 0.0, 0.0, 0.0, 1.0],
                [0.99936, 0.035774, -1e-06, 0.124994, 0.035761, -0.998989, -0.027238, -0.002831, -0.000975, 0.027221, -0.999629, -1.2e-05, 0.0, 0.0, 0.0, 1.0],
                [0.996398, 0.084803, -1e-06, 0.124994, 0.084772, -0.996027, -0.027259, -0.002831, -0.002312, 0.02716, -0.999628, -1.2e-05, 0.0, 0.0, 0.0, 1.0],
                [0.994527, -0.104482, -0.0, 0.124994, -0.104444, -0.994157, -0.027271, -0.002831, 0.002849, 0.027122, -0.999628, -1.2e-05, 0.0, 0.0, 0.0, 1.0],
                [0.994527, -0.104482, -0.0, 0.124994, -0.104444, -0.994157, -0.027271, -0.002831, 0.002849, 0.027122, -0.999628, -1.2e-05, 0.0, 0.0, 0.0, 1.0],
                [0.994527, -0.104482, 1e-06, 0.124994, -0.104444, -0.994157, -0.027257, -0.002831, 0.002848, 0.027107, -0.999628, -1.2e-05, 0.0, 0.0, 0.0, 1.0],
                [0.994527, -0.104482, 1e-06, 0.124994, -0.104444, -0.994157, -0.027242, -0.002831, 0.002848, 0.027093, -0.999629, -1.2e-05, 0.0, 0.0, 0.0, 1.0],
                [0.994527, -0.104482, 3e-06, 0.124994, -0.104444, -0.994158, -0.027212, -0.002831, 0.002846, 0.027063, -0.99963, -1.2e-05, 0.0, 0.0, 0.0, 1.0],
                [0.994527, -0.104483, 4e-06, 0.124994, -0.104444, -0.994158, -0.027198, -0.002831, 0.002845, 0.027049, -0.99963, -1.2e-05, 0.0, 0.0, 0.0, 1.0],
                [0.994527, -0.104483, 4e-06, 0.124994, -0.104444, -0.994159, -0.027183, -0.002831, 0.002845, 0.027034, -0.999631, -1.2e-05, 0.0, 0.0, 0.0, 1.0],
                [0.994527, -0.104482, 5e-06, 0.124994, -0.104444, -0.994159, -0.027168, -0.002831, 0.002844, 0.027019, -0.999631, -1.2e-05, 0.0, 0.0, 0.0, 1.0],
                [0.994527, -0.104483, 6e-06, 0.124994, -0.104444, -0.99416, -0.027154, -0.002831, 0.002843, 0.027004, -0.999631, -1.2e-05, 0.0, 0.0, 0.0, 1.0],
                [0.994527, -0.104483, 7e-06, 0.124994, -0.104444, -0.99416, -0.027139, -0.002831, 0.002842, 0.02699, -0.999632, -1.2e-05, 0.0, 0.0, 0.0, 1.0],
                [0.985015, -0.17247, 7e-06, 0.124994, -0.172406, -0.98465, -0.027189, -0.002831, 0.004696, 0.026781, -0.99963, -1.2e-05, 0.0, 0.0, 0.0, 1.0],
                [0.970861, -0.239645, -0.0, 0.124994, -0.239556, -0.970499, -0.027271, -0.002831, 0.006535, 0.026477, -0.999628, -1.2e-05, 0.0, 0.0, 0.0, 1.0],
                [0.994527, -0.104483, 5e-06, 0.124994, -0.104444, -0.99416, -0.027163, -0.002831, 0.002844, 0.027014, -0.999631, -1.2e-05, 0.0, 0.0, 0.0, 1.0],
                [0.994527, -0.104482, 3e-06, 0.124994, -0.104444, -0.994158, -0.027217, -0.002831, 0.002846, 0.027068, -0.99963, -1.2e-05, 0.0, 0.0, 0.0, 1.0],
                [0.994527, -0.104482, -0.0, 0.124994, -0.104444, -0.994157, -0.027271, -0.002831, 0.002849, 0.027122, -0.999628, -1.2e-05, 0.0, 0.0, 0.0, 1.0],
                [0.976462, -0.215688, -1.4e-05, 0.124994, -0.215607, -0.976096, -0.027394, -0.002831, 0.005895, 0.026752, -0.999625, -1.2e-05, 0.0, 0.0, 0.0, 1.0],
                [0.987062, -0.16034, -4e-06, 0.124994, -0.16028, -0.986693, -0.027322, -0.002831, 0.004377, 0.026969, -0.999627, -1.2e-05, 0.0, 0.0, 0.0, 1.0],
                [0.994527, -0.104482, -0.0, 0.124994, -0.104444, -0.994156, -0.027271, -0.002831, 0.002849, 0.027122, -0.999628, -1.2e-05, 0.0, 0.0, 0.0, 1.0],
                [0.994527, -0.104482, -0.0, 0.124994, -0.104444, -0.994157, -0.027271, -0.002831, 0.002849, 0.027122, -0.999628, -1.2e-05, 0.0, 0.0, 0.0, 1.0],
                [0.994527, -0.104482, -0.0, 0.124994, -0.104444, -0.994157, -0.027271, -0.002831, 0.002849, 0.027122, -0.999628, -1.2e-05, 0.0, 0.0, 0.0, 1.0],
                [0.994527, -0.104482, -0.0, 0.124994, -0.104444, -0.994157, -0.027271, -0.002831, 0.002849, 0.027122, -0.999628, -1.2e-05, 0.0, 0.0, 0.0, 1.0],
                [0.994527, -0.104482, -0.0, 0.124994, -0.104444, -0.994157, -0.027271, -0.002831, 0.002849, 0.027122, -0.999628, -1.2e-05, 0.0, 0.0, 0.0, 1.0],
                [0.994527, -0.104482, -0.0, 0.124994, -0.104444, -0.994157, -0.027271, -0.002831, 0.002849, 0.027122, -0.999628, -1.2e-05, 0.0, 0.0, 0.0, 1.0],
                [0.994527, -0.104482, -0.0, 0.124994, -0.104444, -0.994157, -0.027271, -0.002831, 0.002849, 0.027122, -0.999628, -1.2e-05, 0.0, 0.0, 0.0, 1.0],
                [0.994527, -0.104482, -0.0, 0.124994, -0.104444, -0.994157, -0.027271, -0.002831, 0.002849, 0.027122, -0.999628, -1.2e-05, 0.0, 0.0, 0.0, 1.0],
                [0.994527, -0.104482, -0.0, 0.124994, -0.104444, -0.994157, -0.027271, -0.002831, 0.002849, 0.027122, -0.999628, -1.2e-05, 0.0, 0.0, 0.0, 1.0],
                [0.994527, -0.104482, -0.0, 0.124994, -0.104443, -0.994157, -0.027271, -0.002831, 0.002849, 0.027122, -0.999628, -1.2e-05, 0.0, 0.0, 0.0, 1.0]
            ]
        },
        {
            "name": "Leg_R",
            "time": [0.0, 0.0333, 0.0667, 0.1, 0.1333, 0.1667, 0.2, 0.2333, 0.2667, 0.3, 0.3333, 0.3667, 0.4, 0.4333, 0.4667, 0.5, 0.5333, 0.5667, 0.6333, 0.7, 0.7667, 0.8, 0.8333, 0.9, 0.9333, 0.9667, 1.0, 1.0333, 1.0667, 1.1],
            "transform": [
                [1.0, 0.0, 1e-06, 0.0, -0.0, 0.98218, 0.187941, 0.37472, -1e-06, -0.187941, 0.98218, -0.0, 0.0, 0.0, 0.0, 1.0],
                [1.0, 0.0, 1e-06, 0.0, -0.0, 0.98218, 0.187941, 0.37472, -1e-06, -0.187941, 0.98218, 0.0, 0.0, 0.0, 0.0, 1.0],
                [1.0, 0.0, 1e-06, -0.0, -1e-06, 0.98218, 0.187941, 0.37472, -1e-06, -0.187941, 0.98218, -0.0, 0.0, 0.0, 0.0, 1.0],
                [1.0, 0.0, 1e-06, 0.0, -0.0, 0.946131, 0.323784, 0.37472, -1e-06, -0.323784, 0.946131, 0.0, 0.0, 0.0, 0.0, 1.0],
                [1.0, -0.0, 1e-06, 0.0, -1e-06, 0.829061, 0.559159, 0.37472, -1e-06, -0.559159, 0.829061, 0.0, 0.0, 0.0, 0.0, 1.0],
                [1.0, -0.0, 1e-06, -0.0, -1e-06, 0.74248, 0.669868, 0.37472, -1e-06, -0.669868, 0.74248, -0.0, 0.0, 0.0, 0.0, 1.0],
                [1.0, 0.0, 1e-06, -0.0, -1e-06, 0.98218, 0.187941, 0.37472, -1e-06, -0.187941, 0.98218, -0.0, 0.0, 0.0, 0.0, 1.0],
                [1.0, 0.0, 1e-06, -0.0, -0.0, 0.98218, 0.187941, 0.37472, -1e-06, -0.187941, 0.98218, 0.0, 0.0, 0.0, 0.0, 1.0],
                [1.0, 0.0, 1e-06, 0.0, -0.0, 0.98218, 0.187941, 0.37472, -1e-06, -0.187941, 0.98218, 0.0, 0.0, 0.0, 0.0, 1.0],
                [1.0, 0.0, 1e-06, 0.0, -0.0, 0.98218, 0.187941, 0.37472, -1e-06, -0.187941, 0.98218, 0.0, 0.0, 0.0, 0.0, 1.0],
                [1.0, 0.0, 1e-06, -0.0, -0.0, 0.98218, 0.187941, 0.37472, -1e-06, -0.187941, 0.98218, 0.0, 0.0, 0.0, 0.0, 1.0],
                [1.0, 0.0, 1e-06, -0.0, -1e-06, 0.98218, 0.187941, 0.37472, -1e-06, -0.187941, 0.98218, 0.0, 0.0, 0.0, 0.0, 1.0],
                [1.0, 0.0, 1e-06, 0.0, -0.0, 0.98218, 0.187941, 0.37472, -1e-06, -0.187941, 0.98218, -0.0, 0.0, 0.0, 0.0, 1.0],
                [1.0, 0.0, 1e-06, 0.0, -0.0, 0.98218, 0.187941, 0.37472, -1e-06, -0.187941, 0.98218, 0.0, 0.0, 0.0, 0.0, 1.0],
                [1.0, 0.0, 1e-06, 0.0, -1e-06, 0.98218, 0.187941, 0.37472, -1e-06, -0.187941, 0.98218, -0.0, 0.0, 0.0, 0.0, 1.0],
                [1.0, 0.0, 1e-06, -0.0, -0.0, 0.98218, 0.187941, 0.37472, -1e-06, -0.187941, 0.98218, -0.0, 0.0, 0.0, 0.0, 1.0],
                [1.0, 0.0, 1e-06, -0.0, -0.0, 0.98218, 0.187941, 0.37472, -1e-06, -0.187941, 0.98218, -0.0, 0.0, 0.0, 0.0, 1.0],
                [1.0, 0.0, 1e-06, -0.0, -0.0, 0.98218, 0.187941, 0.37472, -1e-06, -0.187941, 0.98218, -0.0, 0.0, 0.0, 0.0, 1.0],
                [1.0, 0.0, 1e-06, 0.0, -0.0, 0.98218, 0.187941, 0.37472, -1e-06, -0.187941, 0.98218, -0.0, 0.0, 0.0, 0.0, 1.0],
                [1.0, 0.0, 1e-06, -0.0, -0.0, 0.98218, 0.187941, 0.37472, -1e-06, -0.187941, 0.98218, 0.0, 0.0, 0.0, 0.0, 1.0],
                [1.0, 0.0, 1e-06, -0.0, -0.0, 0.98218, 0.187941, 0.37472, -1e-06, -0.187941, 0.98218, 0.0, 0.0, 0.0, 0.0, 1.0],
                [1.0, 0.0, 1e-06, -0.0, -0.0, 0.98218, 0.187941, 0.37472, -1e-06, -0.187941, 0.98218, 0.0, 0.0, 0.0, 0.0, 1.0],
                [1.0, 0.0, 1e-06, -0.0, -0.0, 0.98218, 0.187941, 0.37472, -1e-06, -0.187941, 0.98218, 0.0, 0.0, 0.0, 0.0, 1.0],
                [1.0, 0.0, 1e-06, 0.0, -0.0, 0.98218, 0.187941, 0.37472, -1e-06, -0.187941, 0.98218, -0.0, 0.0, 0.0, 0.0, 1.0],
                [1.0, 0.0, 1e-06, -0.0, -1e-06, 0.98218, 0.187941, 0.37472, -1e-06, -0.187941, 0.98218, 0.0, 0.0, 0.0, 0.0, 1.0],
                [1.0, 0.0, 1e-06, 0.0, -1e-06, 0.98218, 0.187941, 0.37472, -1e-06, -0.187941, 0.98218, -0.0, 0.0, 0.0, 0.0, 1.0],
                [1.0, 0.0, 1e-06, 0.0, -0.0, 0.98218, 0.187941, 0.37472, -1e-06, -0.187941, 0.98218, -0.0, 0.0, 0.0, 0.0, 1.0],
                [1.0, 0.0, 1e-06, 0.0, -0.0, 0.98218, 0.187941, 0.37472, -1e-06, -0.187941, 0.98218, 0.0, 0.0, 0.0, 0.0, 1.0],
                [1.0, 0.0, 1e-06, 0.0, -0.0, 0.98218, 0.187941, 0.37472, -1e-06, -0.187941, 0.98218, 0.0, 0.0, 0.0, 0.0, 1.0],
                [1.0, 0.0, 1e-06, 0.0, -0.0, 0.98218, 0.187941, 0.37472, -1e-06, -0.187941, 0.98218, -0.0, 0.0, 0.0, 0.0, 1.0]
            ]
        },
        {
            "name": "Knee_R",
            "time": [0.0, 0.0333, 0.0667, 0.1, 0.1333, 0.1667, 0.2, 0.2333, 0.2667, 0.3, 0.3333, 0.3667, 0.4, 0.4333, 0.4667, 0.5, 0.5333, 0.5667, 0.6, 0.6333, 0.6667, 0.7, 0.7333, 0.7667, 0.8, 0.8333, 0.8667, 0.9, 0.9333, 0.9667, 1.0, 1.0333, 1.0667, 1.1],
            "transform": [
                [1.0, 0.0, -0.0, 0.0, -0.0, 0.0, -1.0, 0.37472, -0.0, 1.0, 0.0, 0.0, 0.0, 0.0, 0.0, 1.0],
                [1.0, 0.0, -0.0, 0.0, -0.0, 0.0, -1.0, 0.37472, -0.0, 1.0, 0.0, 0.0, 0.0, 0.0, 0.0, 1.0],
                [1.0, 0.0, -0.0, -0.0, -0.0, 0.0, -1.0, 0.37472, -0.0, 1.0, 0.0, -0.0, 0.0, 0.0, 0.0, 1.0],
                [1.0, 0.0, -0.0, 0.0, -0.0, 0.0, -1.0, 0.37472, -0.0, 1.0, 0.0, 0.0, 0.0, 0.0, 0.0, 1.0],
                [1.0, 0.0, -0.0, 0.0, -0.0, 0.0, -1.0, 0.37472, -0.0, 1.0, 0.0, 0.0, 0.0, 0.0, 0.0, 1.0],
                [1.0, 0.0, -0.0, -0.0, -0.0, 0.0, -1.0, 0.37472, -0.0, 1.0, 0.0, -0.0, 0.0, 0.0, 0.0, 1.0],
                [1.0, 0.0, -0.0, -0.0, -0.0, 0.0, -1.0, 0.37472, -0.0, 1.0, 0.0, -0.0, 0.0, 0.0, 0.0, 1.0],
                [1.0, 0.0, -0.0, -0.0, -0.0, 0.0, -1.0, 0.37472, -0.0, 1.0, 0.0, 0.0, 0.0, 0.0, 0.0, 1.0],
                [1.0, 0.0, -0.0, 0.0, -0.0, 0.0, -1.0, 0.37472, -0.0, 1.0, 0.0, 0.0, 0.0, 0.0, 0.0, 1.0],
                [1.0, 0.0, -0.0, 0.0, -0.0, 0.0, -1.0, 0.37472, -0.0, 1.0, 0.0, 0.0, 0.0, 0.0, 0.0, 1.0],
                [1.0, 0.0, -0.0, -0.0, -0.0, 0.0, -1.0, 0.37472, -0.0, 1.0, 0.0, 0.0, 0.0, 0.0, 0.0, 1.0],
                [1.0, 0.0, -0.0, -0.0, -0.0, 0.0, -1.0, 0.37472, -0.0, 1.0, 0.0, 0.0, 0.0, 0.0, 0.0, 1.0],
                [1.0, 0.0, -0.0, 0.0, -0.0, 0.0, -1.0, 0.37472, -0.0, 1.0, 0.0, -0.0, 0.0, 0.0, 0.0, 1.0],
                [1.0, 0.0, -0.0, 0.0, -0.0, 0.0, -1.0, 0.37472, -0.0, 1.0, 0.0, 0.0, 0.0, 0.0, 0.0, 1.0],
                [1.0, 0.0, -0.0, 0.0, -0.0, 0.0, -1.0, 0.37472, -0.0, 1.0, 0.0, -0.0, 0.0, 0.0, 0.0, 1.0],
                [1.0, 0.0, -0.0, -0.0, -0.0, 0.0, -1.0, 0.37472, -0.0, 1.0, 0.0, -0.0, 0.0, 0.0, 0.0, 1.0],
                [1.0, 0.0, -0.0, -0.0, -0.0, 0.0, -1.0, 0.37472, -0.0, 1.0, 0.0, -0.0, 0.0, 0.0, 0.0, 1.0],
                [1.0, 0.0, -1e-06, -0.0, -0.0, 0.0, -1.0, 0.37472, -0.0, 1.0, 0.0, -0.0, 0.0, 0.0, 0.0, 1.0],
                [1.0, 0.0, -0.0, 0.0, -0.0, 0.0, -1.0, 0.37472, -0.0, 1.0, 0.0, 0.0, 0.0, 0.0, 0.0, 1.0],
                [1.0, 0.0, -0.0, 0.0, -0.0, 0.0, -1.0, 0.37472, -0.0, 1.0, 0.0, -0.0, 0.0, 0.0, 0.0, 1.0],
                [1.0, 0.0, -0.0, 0.0, -0.0, 0.0, -1.0, 0.37472, -0.0, 1.0, 0.0, 0.0, 0.0, 0.0, 0.0, 1.0],
                [1.0, 0.0, -0.0, -0.0, -0.0, 0.0, -1.0, 0.37472, -0.0, 1.0, 0.0, 0.0, 0.0, 0.0, 0.0, 1.0],
                [1.0, 0.0, -0.0, 0.0, -0.0, 0.0, -1.0, 0.37472, -0.0, 1.0, 0.0, 0.0, 0.0, 0.0, 0.0, 1.0],
                [1.0, 0.0, -1e-06, -0.0, -0.0, 0.0, -1.0, 0.37472, -0.0, 1.0, 0.0, 0.0, 0.0, 0.0, 0.0, 1.0],
                [1.0, 0.0, -1e-06, -0.0, -0.0, 0.0, -1.0, 0.37472, -0.0, 1.0, 0.0, 0.0, 0.0, 0.0, 0.0, 1.0],
                [1.0, 0.0, -0.0, -0.0, -0.0, 0.0, -1.0, 0.37472, -0.0, 1.0, 0.0, 0.0, 0.0, 0.0, 0.0, 1.0],
                [1.0, 0.0, -0.0, 0.0, -0.0, 0.0, -1.0, 0.37472, -0.0, 1.0, 0.0, -0.0, 0.0, 0.0, 0.0, 1.0],
                [1.0, 0.0, -0.0, 0.0, -0.0, 0.0, -1.0, 0.37472, -0.0, 1.0, 0.0, -0.0, 0.0, 0.0, 0.0, 1.0],
                [1.0, 0.0, -0.0, -0.0, -0.0, 0.0, -1.0, 0.37472, -0.0, 1.0, 0.0, 0.0, 0.0, 0.0, 0.0, 1.0],
                [1.0, 0.0, -0.0, 0.0, -0.0, 0.0, -1.0, 0.37472, -0.0, 1.0, 0.0, -0.0, 0.0, 0.0, 0.0, 1.0],
                [1.0, 0.0, -0.0, 0.0, -0.0, 0.0, -1.0, 0.37472, -0.0, 1.0, 0.0, -0.0, 0.0, 0.0, 0.0, 1.0],
                [1.0, 0.0, -0.0, 0.0, -0.0, 0.0, -1.0, 0.37472, -0.0, 1.0, 0.0, 0.0, 0.0, 0.0, 0.0, 1.0],
                [1.0, 0.0, -0.0, 0.0, -0.0, 0.0, -1.0, 0.37472, -0.0, 1.0, 0.0, -0.0, 0.0, 0.0, 0.0, 1.0],
                [1.0, 0.0, -0.0, 0.0, -0.0, 0.0, -1.0, 0.37472, -0.0, 1.0, 0.0, -0.0, 0.0, 0.0, 0.0, 1.0]
            ]
        },
        {
            "name": "Thigh_L",
            "time": [0.0, 0.0333, 0.0667, 0.1, 0.1333, 0.1667, 0.2, 0.2333, 0.3, 0.3333, 0.3667, 0.4, 0.4333, 0.5, 0.5667, 0.6, 0.6333, 0.6667, 0.7, 0.7333, 0.7667, 0.8, 0.8333, 0.8667, 0.9, 0.9667, 1.0, 1.0333, 1.0667, 1.1],
            "transform": [
                [0.999402, -0.034569, -0.0, -0.125006, -0.034569, -0.999402, 0.0, -0.002831, -0.0, -0.0, -1.0, -1.2e-05, 0.0, 0.0, 0.0, 1.0],
                [0.999403, -0.034538, -0.0, -0.125006, -0.034537, -0.999403, 0.0, -0.002831, -0.0, -0.0, -1.0, -1.2e-05, 0.0, 0.0, 0.0, 1.0],
                [0.999404, -0.034506, -0.0, -0.125006, -0.034506, -0.999404, 0.0, -0.002831, -0.0, -0.0, -1.0, -1.2e-05, 0.0, 0.0, 0.0, 1.0],
                [0.999405, -0.034429, -0.002055, -0.125006, -0.03449, -0.997634, -0.059474, -0.002831, -3e-06, 0.059509, -0.998228, -1.2e-05, 0.0, 0.0, 0.0, 1.0],
                [0.999402, -0.034069, -0.005859, -0.125006, -0.034569, -0.984943, -0.169385, -0.002831, -0.0, 0.169486, -0.985532, -1.2e-05, 0.0, 0.0, 0.0, 1.0],
                [0.999402, -0.03366, -0.007876, -0.125006, -0.034569, -0.973118, -0.227698, -0.002831, -0.0, 0.227834, -0.9737, -1.2e-05, 0.0, 0.0, 0.0, 1.0],
                [0.999402, -0.034569, -0.0, -0.125006, -0.034569, -0.999402, 0.0, -0.002831, -0.0, -0.0, -1.0, -1.2e-05, 0.0, 0.0, 0.0, 1.0],
                [0.999402, -0.034569, -0.0, -0.125006, -0.034569, -0.999402, 0.0, -0.002831, -0.0, -0.0, -1.0, -1.2e-05, 0.0, 0.0, 0.0, 1.0],
                [0.999402, -0.034569, -0.0, -0.125006, -0.034569, -0.999402, 0.0, -0.002831, -0.0, -0.0, -1.0, -1.2e-05, 0.0, 0.0, 0.0, 1.0],
                [0.999402, -0.034569, -0.0, -0.125006, -0.034569, -0.999402, 0.0, -0.002831, -0.0, -0.0, -1.0, -1.2e-05, 0.0, 0.0, 0.0, 1.0],
                [0.999402, -0.034569, -0.0, -0.125006, -0.034569, -0.999402, 0.0, -0.002831, -0.0, -0.0, -1.0, -1.2e-05, 0.0, 0.0, 0.0, 1.0],
                [0.999402, -0.034569, -0.0, -0.125006, -0.034569, -0.999402, 0.0, -0.002831, -0.0, -0.0, -1.0, -1.2e-05, 0.0, 0.0, 0.0, 1.0],
                [0.999402, -0.034569, -0.0, -0.125006, -0.034569, -0.999402, 0.0, -0.002831, -0.0, -0.0, -1.0, -1.2e-05, 0.0, 0.0, 0.0, 1.0],
                [0.999402, -0.034569, -0.0, -0.125006, -0.034569, -0.999402, 0.0, -0.002831, -0.0, -0.0, -1.0, -1.2e-05, 0.0, 0.0, 0.0, 1.0],
                [0.999402, -0.034569, -0.0, -0.125006, -0.034569, -0.999402, 0.0, -0.002831, -0.0, -0.0, -1.0, -1.2e-05, 0.0, 0.0, 0.0, 1.0],
                [0.999402, -0.034569, -0.0, -0.125006, -0.034569, -0.999402, 0.0, -0.002831, -0.0, -0.0, -1.0, -1.2e-05, 0.0, 0.0, 0.0, 1.0],
                [0.999402, -0.034569, -0.0, -0.125006, -0.034569, -0.999402, 0.0, -0.002831, -0.0, -0.0, -1.0, -1.2e-05, 0.0, 0.0, 0.0, 1.0],
                [0.999402, -0.034569, -0.0, -0.125006, -0.034569, -0.999402, 0.0, -0.002831, -0.0, -0.0, -1.0, -1.2e-05, 0.0, 0.0, 0.0, 1.0],
                [0.999402, -0.034569, -0.0, -0.125006, -0.034569, -0.999402, 0.0, -0.002831, -0.0, -0.0, -1.0, -1.2e-05, 0.0, 0.0, 0.0, 1.0],
                [0.999402, -0.034569, -0.0, -0.125006, -0.034569, -0.999402, 0.0, -0.002831, -0.0, -0.0, -1.0, -1.2e-05, 0.0, 0.0, 0.0, 1.0],
                [0.999402, -0.034569, -0.0, -0.125006, -0.034569, -0.999402, 0.0, -0.002831, -0.0, -0.0, -1.0, -1.2e-05, 0.0, 0.0, 0.0, 1.0],
                [0.999402, -0.034569, -0.0, -0.125006, -0.034569, -0.999402, 0.0, -0.002831, -0.0, -0.0, -1.0, -1.2e-05, 0.0, 0.0, 0.0, 1.0],
                [0.999402, -0.034569, -0.0, -0.125006, -0.034569, -0.999402, 0.0, -0.002831, -0.0, -0.0, -1.0, -1.2e-05, 0.0, 0.0, 0.0, 1.0],
                [0.999402, -0.034569, -0.0, -0.125006, -0.034569, -0.999402, 0.0, -0.002831, -0.0, -0.0, -1.0, -1.2e-05, 0.0, 0.0, 0.0, 1.0],
                [0.999402, -0.034569, -0.0, -0.125006, -0.034569, -0.999402, 0.0, -0.002831, -0.0, -0.0, -1.0, -1.2e-05, 0.0, 0.0, 0.0, 1.0],
                [0.999402, -0.034569, -0.0, -0.125006, -0.034569, -0.999402, 0.0, -0.002831, -0.0, -0.0, -1.0, -1.2e-05, 0.0, 0.0, 0.0, 1.0],
                [0.999402, -0.034569, -0.0, -0.125006, -0.034569, -0.999402, 0.0, -0.002831, -0.0, -0.0, -1.0, -1.2e-05, 0.0, 0.0, 0.0, 1.0],
                [0.999402, -0.034569, -0.0, -0.125006, -0.034569, -0.999402, 0.0, -0.002831, -0.0, -0.0, -1.0, -1.2e-05, 0.0, 0.0, 0.0, 1.0],
                [0.999402, -0.034569, -0.0, -0.125006, -0.034569, -0.999402, 0.0, -0.002831, -0.0, -0.0, -1.0, -1.2e-05, 0.0, 0.0, 0.0, 1.0],
                [0.999402, -0.034569, -0.0, -0.125006, -0.034569, -0.999402, 0.0, -0.002831, -0.0, -0.0, -1.0, -1.2e-05, 0.0, 0.0, 0.0, 1.0]
            ]
        },
        {
            "name": "Leg_L",
            "time": [0.0, 0.0333, 0.0667, 0.1, 0.1333, 0.1667, 0.2, 0.2333, 0.2667, 0.3, 0.3333, 0.3667, 0.4, 0.4667, 0.5333, 0.5667, 0.6, 0.6667, 0.7, 0.7333, 0.7667, 0.8, 0.8333, 0.8667, 0.9, 0.9333, 0.9667, 1.0, 1.0333, 1.0667, 1.1],
            "transform": [
                [1.0, -0.0, 1e-06, 0.0, -0.0, 0.845493, 0.533986, 0.37472, -1e-06, -0.533986, 0.845493, 0.0, 0.0, 0.0, 0.0, 1.0],
                [1.0, -0.0, 1e-06, 0.0, -1e-06, 0.845493, 0.533986, 0.37472, -1e-06, -0.533986, 0.845493, -0.0, 0.0, 0.0, 0.0, 1.0],
                [1.0, -0.0, 1e-06, -0.0, -0.0, 0.845493, 0.533986, 0.37472, -1e-06, -0.533986, 0.845493, -0.0, 0.0, 0.0, 0.0, 1.0],
                [1.0, -0.0, 1e-06, 0.0, -0.0, 0.78887, 0.61456, 0.37472, -1e-06, -0.61456, 0.78887, -0.0, 0.0, 0.0, 0.0, 1.0],
                [1.0, -0.0, 1e-06, -0.0, -0.0, 0.66327, 0.74838, 0.37472, -1e-06, -0.74838, 0.66327, 0.0, 0.0, 0.0, 0.0, 1.0],
                [1.0, -0.0, 1e-06, 0.0, -0.0, 0.586442, 0.809991, 0.37472, -1e-06, -0.809991, 0.586442, 0.0, 0.0, 0.0, 0.0, 1.0],
                [1.0, -0.0, 1e-06, 0.0, -0.0, 0.845493, 0.533986, 0.37472, -1e-06, -0.533986, 0.845493, 0.0, 0.0, 0.0, 0.0, 1.0],
                [1.0, -0.0, 1e-06, -0.0, -1e-06, 0.845493, 0.533986, 0.37472, -1e-06, -0.533987, 0.845493, -0.0, 0.0, 0.0, 0.0, 1.0],
                [1.0, -0.0, 1e-06, -0.0, -0.0, 0.845493, 0.533987, 0.37472, -1e-06, -0.533987, 0.845493, 0.0, 0.0, 0.0, 0.0, 1.0],
                [1.0, -0.0, 1e-06, -0.0, -0.0, 0.845493, 0.533987, 0.37472, -1e-06, -0.533986, 0.845493, -0.0, 0.0, 0.0, 0.0, 1.0],
                [1.0, -0.0, 1e-06, -0.0, -0.0, 0.845493, 0.533986, 0.37472, -1e-06, -0.533986, 0.845493, 0.0, 0.0, 0.0, 0.0, 1.0],
                [1.0, -0.0, 1e-06, 0.0, -0.0, 0.845493, 0.533986, 0.37472, -1e-06, -0.533987, 0.845493, -0.0, 0.0, 0.0, 0.0, 1.0],
                [1.0, -0.0, 1e-06, -0.0, -0.0, 0.845493, 0.533986, 0.37472, -1e-06, -0.533986, 0.845493, -0.0, 0.0, 0.0, 0.0, 1.0],
                [1.0, -0.0, 1e-06, 0.0, -0.0, 0.845493, 0.533986, 0.37472, -1e-06, -0.533987, 0.845493, -0.0, 0.0, 0.0, 0.0, 1.0],
                [1.0, -0.0, 1e-06, 0.0, -1e-06, 0.845493, 0.533987, 0.37472, -1e-06, -0.533986, 0.845493, 0.0, 0.0, 0.0, 0.0, 1.0],
                [1.0, -0.0, 1e-06, -0.0, -1e-06, 0.845493, 0.533986, 0.37472, -1e-06, -0.533987, 0.845493, -0.0, 0.0, 0.0, 0.0, 1.0],
                [1.0, -0.0, 1e-06, -0.0, -0.0, 0.845493, 0.533986, 0.37472, -1e-06, -0.533987, 0.845493, 0.0, 0.0, 0.0, 0.0, 1.0],
                [1.0, 0.0, 1e-06, 0.0, -0.0, 0.845493, 0.533986, 0.37472, -1e-06, -0.533987, 0.845493, -0.0, 0.0, 0.0, 0.0, 1.0],
                [1.0, -0.0, 1e-06, 0.0, -0.0, 0.845493, 0.533986, 0.37472, -1e-06, -0.533987, 0.845493, 0.0, 0.0, 0.0, 0.0, 1.0],
                [1.0, -0.0, 1e-06, -0.0, -0.0, 0.845493, 0.533987, 0.37472, -1e-06, -0.533987, 0.845493, -0.0, 0.0, 0.0, 0.0, 1.0],
                [1.0, -0.0, 1e-06, -0.0, -0.0, 0.845493, 0.533986, 0.37472, -1e-06, -0.533986, 0.845493, 0.0, 0.0, 0.0, 0.0, 1.0],
                [1.0, -0.0, 1e-06, 0.0, -0.0, 0.845493, 0.533986, 0.37472, -1e-06, -0.533987, 0.845493, -0.0, 0.0, 0.0, 0.0, 1.0],
                [1.0, -0.0, 1e-06, -0.0, -0.0, 0.845493, 0.533986, 0.37472, -1e-06, -0.533986, 0.845493, -0.0, 0.0, 0.0, 0.0, 1.0],
                [1.0, 0.0, 1e-06, 0.0, -0.0, 0.845493, 0.533986, 0.37472, -1e-06, -0.533987, 0.845493, -0.0, 0.0, 0.0, 0.0, 1.0],
                [1.0, -0.0, 1e-06, -0.0, -0.0, 0.845493, 0.533986, 0.37472, -1e-06, -0.533987, 0.845493, 0.0, 0.0, 0.0, 0.0, 1.0],
                [1.0, -0.0, 1e-06, -0.0, -0.0, 0.845493, 0.533987, 0.37472, -1e-06, -0.533987, 0.845493, 0.0, 0.0, 0.0, 0.0, 1.0],
                [1.0, -0.0, 1e-06, -0.0, -0.0, 0.845493, 0.533986, 0.37472, -1e-06, -0.533986, 0.845493, 0.0, 0.0, 0.0, 0.0, 1.0],
                [1.0, -0.0, 1e-06, -0.0, -0.0, 0.845493, 0.533986, 0.37472, -1e-06, -0.533986, 0.845493, -0.0, 0.0, 0.0, 0.0, 1.0],
                [1.0, -0.0, 1e-06, 0.0, -0.0, 0.845493, 0.533987, 0.37472, -1e-06, -0.533987, 0.845493, -0.0, 0.0, 0.0, 0.0, 1.0],
                [1.0, -0.0, 1e-06, -0.0, -0.0, 0.845493, 0.533987, 0.37472, -1e-06, -0.533986, 0.845493, 0.0, 0.0, 0.0, 0.0, 1.0],
                [1.0, -0.0, 1e-06, -0.0, -0.0, 0.845493, 0.533986, 0.37472, -1e-06, -0.533987, 0.845493, 0.0, 0.0, 0.0, 0.0, 1.0]
            ]
        },
        {
            "name": "Knee_L",
            "time": [0.0, 0.0333, 0.0667, 0.1, 0.1333, 0.1667, 0.2, 0.2333, 0.2667, 0.3, 0.3333, 0.3667, 0.4, 0.4333, 0.4667, 0.5, 0.5333, 0.5667, 0.6, 0.6333, 0.6667, 0.7, 0.7333, 0.7667, 0.8, 0.8333, 0.8667, 0.9, 0.9333, 0.9667, 1.0, 1.0333, 1.0667, 1.1],
            "transform": [
                [1.0, 0.0, -0.0, -0.0, -0.0, 0.0, -1.0, 0.37472, -0.0, 1.0, 0.0, 0.0, 0.0, 0.0, 0.0, 1.0],
                [1.0, 0.0, -0.0, 0.0, -1e-06, 0.0, -1.0, 0.37472, -0.0, 1.0, 0.0, -0.0, 0.0, 0.0, 0.0, 1.0],
                [1.0, 0.0, -0.0, -0.0, -0.0, 0.0, -1.0, 0.37472, -0.0, 1.0, 0.0, -0.0, 0.0, 0.0, 0.0, 1.0],
                [1.0, 0.0, -0.0, 0.0, -1e-06, 0.0, -1.0, 0.37472, -0.0, 1.0, 0.0, -0.0, 0.0, 0.0, 0.0, 1.0],
                [1.0, 0.0, -0.0, -0.0, -0.0, 0.0, -1.0, 0.37472, -0.0, 1.0, 0.0, 0.0, 0.0, 0.0, 0.0, 1.0],
                [1.0, 0.0, -0.0, 0.0, -0.0, 0.0, -1.0, 0.37472, -0.0, 1.0, 0.0, 0.0, 0.0, 0.0, 0.0, 1.0],
                [1.0, 0.0, -0.0, 0.0, -0.0, 0.0, -1.0, 0.37472, -0.0, 1.0, 0.0, 0.0, 0.0, 0.0, 0.0, 1.0],
                [1.0, 0.0, -0.0, -0.0, -1e-06, 0.0, -1.0, 0.37472, -0.0, 1.0, 0.0, -0.0, 0.0, 0.0, 0.0, 1.0],
                [1.0, 0.0, -0.0, -0.0, -0.0, 0.0, -1.0, 0.37472, -0.0, 1.0, 0.0, 0.0, 0.0, 0.0, 0.0, 1.0],
                [1.0, 0.0, -0.0, -0.0, -0.0, 0.0, -1.0, 0.37472, -0.0, 1.0, 0.0, -0.0, 0.0, 0.0, 0.0, 1.0],
                [1.0, 0.0, -0.0, -0.0, -1e-06, 0.0, -1.0, 0.37472, -0.0, 1.0, 0.0, 0.0, 0.0, 0.0, 0.0, 1.0],
                [1.0, 0.0, -0.0, 0.0, -0.0, 0.0, -1.0, 0.37472, -0.0, 1.0, 0.0, -0.0, 0.0, 0.0, 0.0, 1.0],
                [1.0, 0.0, -0.0, -0.0, -0.0, 0.0, -1.0, 0.37472, -0.0, 1.0, 0.0, -0.0, 0.0, 0.0, 0.0, 1.0],
                [1.0, 0.0, -0.0, -0.0, -0.0, 0.0, -1.0, 0.37472, -0.0, 1.0, 0.0, -0.0, 0.0, 0.0, 0.0, 1.0],
                [1.0, 0.0, -0.0, 0.0, -0.0, 0.0, -1.0, 0.37472, -0.0, 1.0, 0.0, -0.0, 0.0, 0.0, 0.0, 1.0],
                [1.0, 0.0, -0.0, -0.0, -0.0, 0.0, -1.0, 0.37472, -0.0, 1.0, 0.0, -0.0, 0.0, 0.0, 0.0, 1.0],
                [1.0, 0.0, -0.0, 0.0, -0.0, 0.0, -1.0, 0.37472, -0.0, 1.0, 0.0, 0.0, 0.0, 0.0, 0.0, 1.0],
                [1.0, 0.0, -0.0, -0.0, -1e-06, 0.0, -1.0, 0.37472, -0.0, 1.0, 0.0, -0.0, 0.0, 0.0, 0.0, 1.0],
                [1.0, 0.0, -0.0, -0.0, -0.0, 0.0, -1.0, 0.37472, -0.0, 1.0, 0.0, 0.0, 0.0, 0.0, 0.0, 1.0],
                [1.0, 0.0, -1e-06, -0.0, -0.0, 0.0, -1.0, 0.37472, -0.0, 1.0, 0.0, -0.0, 0.0, 0.0, 0.0, 1.0],
                [1.0, 0.0, -1e-06, 0.0, -0.0, 0.0, -1.0, 0.37472, -0.0, 1.0, 0.0, -0.0, 0.0, 0.0, 0.0, 1.0],
                [1.0, 0.0, -0.0, 0.0, -0.0, 0.0, -1.0, 0.37472, -0.0, 1.0, 0.0, 0.0, 0.0, 0.0, 0.0, 1.0],
                [1.0, 0.0, -0.0, -0.0, -0.0, 0.0, -1.0, 0.37472, -0.0, 1.0, 0.0, -0.0, 0.0, 0.0, 0.0, 1.0],
                [1.0, 0.0, -0.0, -0.0, -0.0, 0.0, -1.0, 0.37472, -0.0, 1.0, 0.0, 0.0, 0.0, 0.0, 0.0, 1.0],
                [1.0, 0.0, -0.0, 0.0, -1e-06, 0.0, -1.0, 0.37472, -0.0, 1.0, 0.0, -0.0, 0.0, 0.0, 0.0, 1.0],
                [1.0, 0.0, -0.0, -0.0, -1e-06, 0.0, -1.0, 0.37472, -0.0, 1.0, 0.0, -0.0, 0.0, 0.0, 0.0, 1.0],
                [1.0, 0.0, -0.0, 0.0, -0.0, 0.0, -1.0, 0.37472, -0.0, 1.0, 0.0, -0.0, 0.0, 0.0, 0.0, 1.0],
                [1.0, 0.0, -0.0, -0.0, -0.0, 0.0, -1.0, 0.37472, -0.0, 1.0, 0.0, 0.0, 0.0, 0.0, 0.0, 1.0],
                [1.0, 0.0, -0.0, -0.0, -1e-06, 0.0, -1.0, 0.37472, -0.0, 1.0, 0.0, 0.0, 0.0, 0.0, 0.0, 1.0],
                [1.0, 0.0, -0.0, -0.0, -0.0, 0.0, -1.0, 0.37472, -0.0, 1.0, 0.0, 0.0, 0.0, 0.0, 0.0, 1.0],
                [1.0, 0.0, -0.0, -0.0, -0.0, 0.0, -1.0, 0.37472, -0.0, 1.0, 0.0, -0.0, 0.0, 0.0, 0.0, 1.0],
                [1.0, 0.0, -0.0, 0.0, -0.0, 0.0, -1.0, 0.37472, -0.0, 1.0, 0.0, -0.0, 0.0, 0.0, 0.0, 1.0],
                [1.0, 0.0, -0.0, 0.0, -0.0, 0.0, -1.0, 0.37472, -0.0, 1.0, 0.0, 0.0, 0.0, 0.0, 0.0, 1.0],
                [1.0, 0.0, -0.0, 0.0, -0.0, 0.0, -1.0, 0.37472, -0.0, 1.0, 0.0, 0.0, 0.0, 0.0, 0.0, 1.0]
            ]
        },
        {
            "name": "Torso",
            "time": [0.0, 0.0333, 0.0667, 0.1, 0.1333, 0.1667, 0.2, 0.2333, 0.2667, 0.3, 0.3333, 0.3667, 0.4, 0.4333, 0.4667, 0.5333, 0.5667, 0.6, 0.6333, 0.6667, 0.7, 0.7333, 0.7667, 0.8, 0.8333, 0.8667, 0.9, 0.9333, 0.9667, 1.0, 1.0333, 1.0667, 1.1],
            "transform": [
                [0.956984, 0.290139, 0.0, -0.0, -0.26964, 0.889371, -0.369207, 0.05, -0.107122, 0.353325, 0.929347, 0.0, 0.0, 0.0, 0.0, 1.0],
                [0.956984, 0.290139, 0.0, 0.0, -0.26964, 0.889371, -0.369207, 0.05, -0.107121, 0.353325, 0.929347, 0.0, 0.0, 0.0, 0.0, 1.0],
                [0.956984, 0.290139, -0.0, 0.0, -0.26964, 0.889371, -0.369207, 0.05, -0.107122, 0.353325, 0.929347, 0.0, 0.0, 0.0, 0.0, 1.0],
                [0.956984, 0.290139, 0.0, -0.0, -0.26964, 0.889371, -0.369207, 0.05, -0.107122, 0.353325, 0.929347, 0.0, 0.0, 0.0, 0.0, 1.0],
                [0.956984, 0.290139, 0.0, -0.0, -0.26964, 0.889371, -0.369207, 0.05, -0.107121, 0.353325, 0.929347, 0.0, 0.0, 0.0, 0.0, 1.0],
                [0.956984, 0.290139, -0.0, -0.0, -0.26964, 0.889371, -0.369207, 0.05, -0.107122, 0.353325, 0.929347, 0.0, 0.0, 0.0, 0.0, 1.0],
                [0.956984, 0.290139, 0.0, -0.0, -0.26964, 0.889371, -0.369207, 0.05, -0.107122, 0.353325, 0.929347, -0.0, 0.0, 0.0, 0.0, 1.0],
                [0.956984, 0.290139, 0.0, 0.0, -0.26964, 0.889371, -0.369207, 0.05, -0.107122, 0.353325, 0.929347, -0.0, 0.0, 0.0, 0.0, 1.0],
                [0.956984, 0.290139, -0.0, 0.0, -0.26964, 0.889371, -0.369207, 0.05, -0.107122, 0.353325, 0.929347, 0.0, 0.0, 0.0, 0.0, 1.0],
                [0.956984, 0.290139, -0.0, -0.0, -0.26964, 0.889371, -0.369207, 0.05, -0.107122, 0.353325, 0.929347, 0.0, 0.0, 0.0, 0.0, 1.0],
                [0.956984, 0.290139, 0.0, -0.0, -0.26964, 0.889371, -0.369207, 0.05, -0.107122, 0.353325, 0.929347, -0.0, 0.0, 0.0, 0.0, 1.0],
                [0.956984, 0.290139, 0.0, -0.0, -0.26964, 0.889371, -0.369207, 0.05, -0.107122, 0.353325, 0.929347, -0.0, 0.0, 0.0, 0.0, 1.0],
                [0.956984, 0.290139, 0.0, -0.0, -0.26964, 0.889371, -0.369207, 0.05, -0.107121, 0.353325, 0.929347, 0.0, 0.0, 0.0, 0.0, 1.0],
                [0.956984, 0.290139, 0.0, -0.0, -0.26964, 0.889371, -0.369207, 0.05, -0.107121, 0.353325, 0.929347, 0.0, 0.0, 0.0, 0.0, 1.0],
                [0.956984, 0.290139, 0.0, 0.0, -0.26964, 0.889371, -0.369207, 0.05, -0.107122, 0.353325, 0.929347, -0.0, 0.0, 0.0, 0.0, 1.0],
                [0.956984, 0.290139, -0.0, 0.0, -0.26964, 0.889371, -0.369207, 0.05, -0.107122, 0.353325, 0.929347, 0.0, 0.0, 0.0, 0.0, 1.0],
                [0.956984, 0.290139, 0.0, -0.0, -0.26964, 0.889371, -0.369207, 0.05, -0.107121, 0.353325, 0.929347, -0.0, 0.0, 0.0, 0.0, 1.0],
                [0.956984, 0.290139, -0.0, 0.0, -0.26964, 0.889371, -0.369207, 0.05, -0.107122, 0.353325, 0.929347, 0.0, 0.0, 0.0, 0.0, 1.0],
                [0.956984, 0.290139, 0.0, -0.0, -0.26964, 0.889371, -0.369207, 0.05, -0.107122, 0.353325, 0.929347, -0.0, 0.0, 0.0, 0.0, 1.0],
                [0.956984, 0.290139, -0.0, 0.0, -0.26964, 0.889371, -0.369207, 0.05, -0.107121, 0.353325, 0.929347, 0.0, 0.0, 0.0, 0.0, 1.0],
                [0.956984, 0.290139, 0.0, 0.0, -0.26964, 0.889371, -0.369207, 0.05, -0.107121, 0.353325, 0.929347, -0.0, 0.0, 0.0, 0.0, 1.0],
                [0.956984, 0.290139, 0.0, 0.0, -0.26964, 0.889371, -0.369207, 0.05, -0.107121, 0.353325, 0.929347, 0.0, 0.0, 0.0, 0.0, 1.0],
                [0.956984, 0.290139, -0.0, 0.0, -0.26964, 0.889371, -0.369207, 0.05, -0.107122, 0.353325, 0.929347, -0.0, 0.0, 0.0, 0.0, 1.0],
                [0.956984, 0.290139, 0.0, 0.0, -0.26964, 0.889371, -0.369207, 0.05, -0.107121, 0.353325, 0.929347, 0.0, 0.0, 0.0, 0.0, 1.0],
                [0.956984, 0.290139, 0.0, -0.0, -0.26964, 0.889371, -0.369207, 0.05, -0.107122, 0.353325, 0.929347, 0.0, 0.0, 0.0, 0.0, 1.0],
                [0.956984, 0.290139, -0.0, -0.0, -0.26964, 0.889371, -0.369207, 0.05, -0.107121, 0.353325, 0.929347, -0.0, 0.0, 0.0, 0.0, 1.0],
                [0.956984, 0.290139, 0.0, 0.0, -0.26964, 0.889371, -0.369207, 0.05, -0.107122, 0.353325, 0.929347, 0.0, 0.0, 0.0, 0.0, 1.0],
                [0.956984, 0.290139, -0.0, 0.0, -0.26964, 0.889371, -0.369207, 0.05, -0.107121, 0.353325, 0.929347, -0.0, 0.0, 0.0, 0.0, 1.0],
                [0.956984, 0.290139, 0.0, 0.0, -0.26964, 0.889371, -0.369207, 0.05, -0.107121, 0.353325, 0.929347, -0.0, 0.0, 0.0, 0.0, 1.0],
                [0.956984, 0.290139, 0.0, -0.0, -0.26964, 0.889371, -0.369207, 0.05, -0.107122, 0.353325, 0.929347, 0.0, 0.0, 0.0, 0.0, 1.0],
                [0.956984, 0.290139, 0.0, -0.0, -0.26964, 0.889371, -0.369207, 0.05, -0.107121, 0.353325, 0.929347, 0.0, 0.0, 0.0, 0.0, 1.0],
                [0.956984, 0.290139, 0.0, 0.0, -0.26964, 0.889371, -0.369207, 0.05, -0.107121, 0.353325, 0.929347, -0.0, 0.0, 0.0, 0.0, 1.0],
                [0.956985, 0.290139, 0.0, 0.0, -0.26964, 0.889371, -0.369207, 0.05, -0.107121, 0.353325, 0.929347, -0.0, 0.0, 0.0, 0.0, 1.0]
            ]
        },
        {
            "name": "Chest",
            "time": [0.0, 0.0333, 0.0667, 0.1, 0.1333, 0.1667, 0.2, 0.2333, 0.2667, 0.3, 0.3333, 0.3667, 0.4, 0.4333, 0.4667, 0.5, 0.5333, 0.5667, 0.6, 0.6333, 0.6667, 0.7, 0.7333, 0.7667, 0.8, 0.8333, 0.8667, 0.9, 0.9333, 0.9667, 1.0, 1.0333, 1.0667, 1.1],
            "transform": [
                [1.0, -0.0, 0.0, 0.0, 0.0, 1.0, 0.0, 0.3, 0.0, -0.0, 1.0, 0.0, 0.0, 0.0, 0.0, 1.0],
                [1.0, -0.0, 0.0, 0.0, 0.0, 1.0, -0.0, 0.3, 0.0, -0.0, 1.0, -0.0, 0.0, 0.0, 0.0, 1.0],
                [1.0, -0.0, -0.0, -0.0, -0.0, 1.0, 0.0, 0.3, -0.0, -0.0, 1.0, 0.0, 0.0, 0.0, 0.0, 1.0],
                [1.0, -0.0, -0.0, -0.0, 0.0, 1.0, -0.0, 0.3, 0.0, 0.0, 1.0, -0.0, 0.0, 0.0, 0.0, 1.0],
                [1.0, -0.0, -0.0, 0.0, 0.0, 1.0, 0.0, 0.3, 0.0, -0.0, 1.0, 0.0, 0.0, 0.0, 0.0, 1.0],
                [1.0, 0.0, 0.0, 0.0, 0.0, 1.0, -0.0, 0.3, 0.0, 0.0, 1.0, 0.0, 0.0, 0.0, 0.0, 1.0],
                [1.0, 0.0, -0.0, 0.0, 0.0, 1.0, 0.0, 0.3, -0.0, -0.0, 1.0, -0.0, 0.0, 0.0, 0.0, 1.0],
                [1.0, -0.0, -0.0, 0.0, 0.0, 1.0, 0.0, 0.3, 0.0, 0.0, 1.0, -0.0, 0.0, 0.0, 0.0, 1.0],
                [1.0, -0.0, 0.0, -0.0, 0.0, 1.0, -0.0, 0.3, 0.0, 0.0, 1.0, 0.0, 0.0, 0.0, 0.0, 1.0],
                [1.0, -0.0, 0.0, 0.0, -0.0, 1.0, -0.0, 0.3, 0.0, -0.0, 1.0, -0.0, 0.0, 0.0, 0.0, 1.0],
                [1.0, -0.0, 0.0, -0.0, -0.0, 1.0, -0.0, 0.3, 0.0, 0.0, 1.0, 0.0, 0.0, 0.0, 0.0, 1.0],
                [1.0, -0.0, 0.0, -0.0, 0.0, 1.0, 0.0, 0.3, -0.0, -0.0, 1.0, 0.0, 0.0, 0.0, 0.0, 1.0],
                [1.0, 0.0, 0.0, 0.0, 0.0, 1.0, -0.0, 0.3, -0.0, 0.0, 1.0, -0.0, 0.0, 0.0, 0.0, 1.0],
                [1.0, 0.0, -0.0, 0.0, 0.0, 1.0, 0.0, 0.3, 0.0, -0.0, 1.0, -0.0, 0.0, 0.0, 0.0, 1.0],
                [1.0, 0.0, 0.0, -0.0, 0.0, 1.0, -0.0, 0.3, -0.0, 0.0, 1.0, 0.0, 0.0, 0.0, 0.0, 1.0],
                [1.0, 0.0, 0.0, -0.0, 0.0, 1.0, 0.0, 0.3, 0.0, -0.0, 1.0, 0.0, 0.0, 0.0, 0.0, 1.0],
                [1.0, 0.0, -0.0, 0.0, 0.0, 1.0, 0.0, 0.3, -0.0, -0.0, 1.0, -0.0, 0.0, 0.0, 0.0, 1.0],
                [1.0, 0.0, 0.0, 0.0, 0.0, 1.0, -0.0, 0.3, -0.0, 0.0, 1.0, -0.0, 0.0, 0.0, 0.0, 1.0],
                [1.0, -0.0, -0.0, -0.0, -0.0, 1.0, 0.0, 0.3, -0.0, -0.0, 1.0, -0.0, 0.0, 0.0, 0.0, 1.0],
                [1.0, -0.0, 0.0, 0.0, -0.0, 1.0, 0.0, 0.3, 0.0, 0.0, 1.0, -0.0, 0.0, 0.0, 0.0, 1.0],
                [1.0, -0.0, -0.0, 0.0, 0.0, 1.0, 0.0, 0.3, -0.0, 0.0, 1.0, 0.0, 0.0, 0.0, 0.0, 1.0],
