{
    "animation": [
        {
            "name": "Root",
            "time": [0.0, 0.3, 0.4333, 0.5333, 0.6667, 0.7667, 0.8667, 1.0, 1.1667, 1.3, 1.4333, 1.5333, 1.6333, 1.7, 1.7667, 1.8667, 2.1, 2.3, 2.3333, 2.3667, 2.4333, 2.5667, 2.9, 3.1667, 3.7, 3.8, 3.8667, 4.0333, 4.1667, 4.3667, 4.5667, 4.6333, 4.7],
            "transform": [
                [1.0, -0.0, -0.0, 0.0102, -0.0, -0.0, -1.0, -0.001021, 0.0, 1.0, -0.0, 0.410253, 0.0, 0.0, 0.0, 1.0],
                [1.0, -0.0, -0.0, 0.091699, -0.0, -0.0, -1.0, 0.048683, 0.0, 1.0, -0.0, 0.410391, 0.0, 0.0, 0.0, 1.0],
                [1.0, -0.0, -0.0, 0.127921, -0.0, -0.0, -1.0, 0.070773, 0.0, 1.0, -0.0, 0.412937, 0.0, 0.0, 0.0, 1.0],
                [1.0, -0.0, -0.0, 0.249746, -0.0, -0.0, -1.0, 0.627472, 0.0, 1.0, -0.0, 0.565019, 0.0, 0.0, 0.0, 1.0],
                [1.0, -0.0, -0.0, 0.383726, -0.0, -0.0, -1.0, 1.465572, 0.0, 1.0, -0.0, 0.688026, 0.0, 0.0, 0.0, 1.0],
                [1.0, -0.0, -0.0, 0.416461, -0.0, -0.0, -1.0, 1.999923, 0.0, 1.0, -0.0, 0.755122, 0.0, 0.0, 0.0, 1.0],
                [1.0, -0.0, -0.0, 0.392744, -0.0, -0.0, -1.0, 2.657194, 0.0, 1.0, -0.0, 0.967589, 0.0, 0.0, 0.0, 1.0],
                [1.0, -0.0, -0.0, 0.379506, -0.0, -0.0, -1.0, 3.186979, 0.0, 1.0, -0.0, 0.889312, 0.0, 0.0, 0.0, 1.0],
                [1.0, -0.0, -0.0, 0.375651, -0.0, -0.0, -1.0, 3.698488, 0.0, 1.0, -0.0, 0.844582, 0.0, 0.0, 0.0, 1.0],
                [1.0, -0.0, -0.0, 0.422112, -0.0, -0.0, -1.0, 4.151349, 0.0, 1.0, -0.0, 0.900494, 0.0, 0.0, 0.0, 1.0],
                [1.0, -0.0, -0.0, 0.485093, -0.0, -0.0, -1.0, 4.501796, 0.0, 1.0, -0.0, 0.878129, 0.0, 0.0, 0.0, 1.0],
                [1.0, -0.0, -0.0, 0.483738, -0.0, -0.0, -1.0, 5.051369, 0.0, 1.0, -0.0, 0.587384, 0.0, 0.0, 0.0, 1.0],
                [1.0, -0.0, -0.0, 0.374235, -0.0, -0.0, -1.0, 5.594958, 0.0, 1.0, -0.0, 0.452262, 0.0, 0.0, 0.0, 1.0],
                [1.0, -0.0, -0.0, 0.299147, -0.0, -0.0, -1.0, 5.840807, 0.0, 1.0, -0.0, 0.442011, 0.0, 0.0, 0.0, 1.0],
                [1.0, -0.0, -0.0, 0.227695, -0.0, -0.0, -1.0, 6.102291, 0.0, 1.0, -0.0, 0.410949, 0.0, 0.0, 0.0, 1.0],
                [1.0, -0.0, -0.0, 0.103514, -0.0, -0.0, -1.0, 6.602369, 0.0, 1.0, -0.0, 0.408464, 0.0, 0.0, 0.0, 1.0],
                [1.0, -0.0, -0.0, 0.064865, -0.0, -0.0, -1.0, 7.105783, 0.0, 1.0, -0.0, 0.397281, 0.0, 0.0, 0.0, 1.0],
                [1.0, -0.0, -0.0, 0.21772, -0.0, -0.0, -1.0, 7.668728, 0.0, 1.0, -0.0, 0.486741, 0.0, 0.0, 0.0, 1.0],
                [1.0, -0.0, -0.0, 0.306455, -0.0, -0.0, -1.0, 7.917017, 0.0, 1.0, -0.0, 0.501962, 0.0, 0.0, 0.0, 1.0],
                [1.0, -0.0, -0.0, 0.403702, -0.0, -0.0, -1.0, 8.185927, 0.0, 1.0, -0.0, 0.509106, 0.0, 0.0, 0.0, 1.0],
                [1.0, -0.0, -0.0, 0.536454, -0.0, -0.0, -1.0, 8.594478, 0.0, 1.0, -0.0, 0.453194, 0.0, 0.0, 0.0, 1.0],
                [1.0, -0.0, -0.0, 0.602542, -0.0, -0.0, -1.0, 8.919131, 0.0, 1.0, -0.0, 0.30648, 0.0, 0.0, 0.0, 1.0],
                [1.0, -0.0, -0.0, 0.609556, -0.0, -0.0, -1.0, 8.91564, 0.0, 1.0, -0.0, 0.289606, 0.0, 0.0, 0.0, 1.0],
                [1.0, -0.0, -0.0, 0.644324, -0.0, -0.0, -1.0, 8.356429, 0.0, 1.0, -0.0, 0.308194, 0.0, 0.0, 0.0, 1.0],
                [1.0, -0.0, -0.0, 0.749457, -0.0, -0.0, -1.0, 7.487675, 0.0, 1.0, -0.0, 0.455679, 0.0, 0.0, 0.0, 1.0],
                [1.0, -0.0, -0.0, 0.840909, -0.0, -0.0, -1.0, 7.155163, 0.0, 1.0, -0.0, 0.503453, 0.0, 0.0, 0.0, 1.0],
                [1.0, -0.0, -0.0, 0.892199, -0.0, -0.0, -1.0, 7.006253, 0.0, 1.0, -0.0, 0.513294, 0.0, 0.0, 0.0, 1.0],
                [1.0, -0.0, -0.0, 0.947948, -0.0, -0.0, -1.0, 6.68076, 0.0, 1.0, -0.0, 0.508585, 0.0, 0.0, 0.0, 1.0],
                [1.0, -0.0, -0.0, 0.897868, -0.0, -0.0, -1.0, 6.315301, 0.0, 1.0, -0.0, 0.519767, 0.0, 0.0, 0.0, 1.0],
                [1.0, -0.0, -0.0, 0.871946, -0.0, -0.0, -1.0, 6.279936, 0.0, 1.0, -0.0, 0.532863, 0.0, 0.0, 0.0, 1.0],
                [1.0, -0.0, -0.0, 0.887609, -0.0, -0.0, -1.0, 6.411542, 0.0, 1.0, -0.0, 0.550497, 0.0, 0.0, 0.0, 1.0],
                [1.0, -0.0, -0.0, 0.876776, -0.0, -0.0, -1.0, 6.673651, 0.0, 1.0, -0.0, 0.571853, 0.0, 0.0, 0.0, 1.0],
                [1.0, -0.0, -0.0, 0.820851, -0.0, -0.0, -1.0, 6.789574, 0.0, 1.0, -0.0, 0.579618, 0.0, 0.0, 0.0, 1.0]
            ]
        },
        {
            "name": "Thigh_R",
            "time": [0.0, 0.3, 0.4333, 0.5333, 0.6667, 0.7667, 0.8667, 1.0, 1.1667, 1.3, 1.4333, 1.5333, 1.6333, 1.7, 1.7667, 1.8667, 2.1, 2.3, 2.3333, 2.3667, 2.4333, 2.5667, 2.9, 3.1667, 3.7, 3.8, 3.8667, 4.0333, 4.1667, 4.3667, 4.5667, 4.6333, 4.7],
            "transform": [
                [-0.319181, 0.60444, 0.729915, 0.124994, 0.555231, -0.504902, 0.660902, -0.002831, 0.768011, 0.616219, -0.174449, -1.2e-05, 0.0, 0.0, 0.0, 1.0],
                [-0.075165, 0.412518, 0.907843, 0.124994, 0.63607, -0.681315, 0.362249, -0.002831, 0.767962, 0.60468, -0.211179, -1.2e-05, 0.0, 0.0, 0.0, 1.0],
                [0.038821, 0.309933, 0.949966, 0.124994, 0.643113, -0.735366, 0.213637, -0.002831, 0.764787, 0.602642, -0.227869, -1.2e-05, 0.0, 0.0, 0.0, 1.0],
                [0.375502, 0.346704, 0.859531, 0.124994, 0.852231, -0.493669, -0.173185, -0.002831, 0.36428, 0.79755, -0.480846, -1.2e-05, 0.0, 0.0, 0.0, 1.0],
                [0.340705, 0.71917, 0.60557, 0.124994, 0.852064, 0.036044, -0.522194, -0.002831, -0.397374, 0.693898, -0.600499, -1.2e-05, 0.0, 0.0, 0.0, 1.0],
                [0.188016, 0.910248, 0.368914, 0.124994, 0.571575, 0.204052, -0.794773, -0.002831, -0.798719, 0.360292, -0.48191, -1.2e-05, 0.0, 0.0, 0.0, 1.0],
                [-0.054169, 0.998443, -0.013325, 0.124994, -0.091555, -0.018254, -0.995633, -0.002831, -0.994326, -0.052712, 0.092401, -1.2e-05, 0.0, 0.0, 0.0, 1.0],
                [-0.29187, 0.956383, -0.01195, 0.124994, -0.868861, -0.270342, -0.414724, -0.002831, -0.399866, -0.110662, 0.909869, -1.2e-05, 0.0, 0.0, 0.0, 1.0],
                [-0.030589, 0.973462, 0.226792, 0.124994, -0.273051, -0.226406, 0.934978, -0.002831, 0.961513, -0.033326, 0.272731, -1.2e-05, 0.0, 0.0, 0.0, 1.0],
                [0.086034, 0.984492, -0.152887, 0.124994, 0.851154, 0.007128, 0.524867, -0.002831, 0.517817, -0.175287, -0.837341, -1.3e-05, 0.0, 0.0, 0.0, 1.0],
                [-0.202338, 0.723725, -0.659759, 0.124994, 0.976259, 0.095866, -0.194242, -0.002831, -0.077329, -0.683398, -0.725939, -1.2e-05, 0.0, 0.0, 0.0, 1.0],
                [-0.307822, -0.512365, -0.801704, 0.124994, 0.921049, -0.371749, -0.116063, -0.002831, -0.238566, -0.774135, 0.586346, -1.2e-05, 0.0, 0.0, 0.0, 1.0],
                [-0.948773, -0.305196, -0.081772, 0.124994, 0.303184, -0.95224, 0.036287, -0.002831, -0.088941, 0.009636, 0.995991, -1.2e-05, 0.0, 0.0, 0.0, 1.0],
                [-0.988173, 0.033799, 0.149578, 0.124994, -0.015145, -0.99215, 0.124131, -0.002831, 0.152599, 0.120398, 0.980928, -1.2e-05, 0.0, 0.0, 0.0, 1.0],
                [-0.932617, 0.32969, 0.146737, 0.124994, -0.190807, -0.795637, 0.574938, -0.002831, 0.306301, 0.508197, 0.804932, -1.2e-05, 0.0, 0.0, 0.0, 1.0],
                [-0.759575, 0.649819, -0.027944, 0.124994, -0.132502, -0.112535, 0.984774, -0.002831, 0.63678, 0.751712, 0.171581, -1.3e-05, 0.0, 0.0, 0.0, 1.0],
                [-0.328345, 0.792085, 0.514578, 0.124994, 0.397544, -0.378295, 0.835973, -0.002831, 0.856825, 0.479055, -0.190677, -1.2e-05, 0.0, 0.0, 0.0, 1.0],
                [0.608573, 0.760878, 0.225175, 0.124994, 0.783436, -0.621204, -0.018286, -0.002831, 0.125966, 0.187538, -0.974147, -1.2e-05, 0.0, 0.0, 0.0, 1.0],
                [0.688122, 0.588224, -0.42483, 0.124994, 0.68974, -0.712053, 0.131296, -0.002831, -0.22527, -0.38337, -0.895701, -1.2e-05, 0.0, 0.0, 0.0, 1.0],
                [0.616033, -0.017076, -0.787535, 0.124994, 0.534791, -0.724983, 0.434048, -0.002831, -0.578362, -0.688554, -0.437482, -1.1e-05, 0.0, 0.0, 0.0, 1.0],
                [0.116078, -0.483189, -0.867787, 0.124994, 0.383844, -0.78399, 0.487875, -0.002831, -0.916073, -0.389726, 0.094465, -1.2e-05, 0.0, 0.0, 0.0, 1.0],
                [-0.406932, 0.014988, -0.913336, 0.124994, 0.428111, -0.880124, -0.205186, -0.002831, -0.806925, -0.474506, 0.351734, -1.2e-05, 0.0, 0.0, 0.0, 1.0],
                [-0.43527, -0.05062, -0.898876, 0.124994, 0.424571, -0.891965, -0.155363, -0.002831, -0.793901, -0.449262, 0.409738, -1.2e-05, 0.0, 0.0, 0.0, 1.0],
                [0.297861, 0.225945, -0.927484, 0.124994, 0.569354, -0.821909, -0.017379, -0.002831, -0.766235, -0.52289, -0.373457, -1.2e-05, 0.0, 0.0, 0.0, 1.0],
                [0.980749, 0.097113, -0.169412, 0.124994, 0.132897, -0.967596, 0.2147, -0.002831, -0.143072, -0.233081, -0.961875, -1.2e-05, 0.0, 0.0, 0.0, 1.0],
                [0.995341, 0.032241, 0.090865, 0.124994, 0.003018, -0.952386, 0.304879, -0.002831, 0.096368, -0.303184, -0.948047, -1.2e-05, 0.0, 0.0, 0.0, 1.0],
                [0.964083, -0.19014, -0.185447, 0.124994, -0.13474, -0.951828, 0.275443, -0.002831, -0.228887, -0.240563, -0.94326, -1.2e-05, 0.0, 0.0, 0.0, 1.0],
                [0.874439, -0.30767, -0.375095, 0.124994, -0.096292, -0.867863, 0.487381, -0.002831, -0.475484, -0.390067, -0.788519, -1.2e-05, 0.0, 0.0, 0.0, 1.0],
                [0.753223, -0.116633, -0.647341, 0.124994, 0.223559, -0.880173, 0.418708, -0.002831, -0.618608, -0.4601, -0.636893, -1.2e-05, 0.0, 0.0, 0.0, 1.0],
                [0.682585, -0.166718, -0.711535, 0.124994, 0.178263, -0.906238, 0.383347, -0.00283, -0.708731, -0.388507, -0.588865, -1.2e-05, 0.0, 0.0, 0.0, 1.0],
                [0.889989, -0.188105, -0.415375, 0.124994, -0.005563, -0.915356, 0.402606, -0.002831, -0.455948, -0.356005, -0.815703, -1.2e-05, 0.0, 0.0, 0.0, 1.0],
                [0.992047, -0.110237, -0.060745, 0.124994, -0.095731, -0.974178, 0.204484, -0.002831, -0.081718, -0.197043, -0.976983, -1.2e-05, 0.0, 0.0, 0.0, 1.0],
                [0.951867, 0.028472, 0.305186, 0.124994, 0.001314, -0.996047, 0.088824, -0.002831, 0.306508, -0.084148, -0.948141, -1.2e-05, 0.0, 0.0, 0.0, 1.0]
            ]
        },
        {
            "name": "Leg_R",
            "time": [0.0, 0.3, 0.4333, 0.5333, 0.6667, 0.7667, 0.8667, 1.0, 1.1667, 1.3, 1.4333, 1.5333, 1.6333, 1.7, 1.7667, 1.8667, 2.1, 2.3, 2.3333, 2.3667, 2.4333, 2.5667, 2.9, 3.1667, 3.7, 3.8, 3.8667, 4.0333, 4.1667, 4.3667, 4.5667, 4.6333, 4.7],
            "transform": [
                [1.0, -1e-06, -0.0, 0.0, 1e-06, 0.824443, 0.565944, 0.37472, -0.0, -0.565943, 0.824444, -0.0, 0.0, 0.0, 0.0, 1.0],
                [1.0, -1e-06, -0.0, 0.0, 1e-06, 0.939474, 0.342618, 0.37472, -0.0, -0.342618, 0.939475, -0.0, 0.0, 0.0, 0.0, 1.0],
                [1.0, -1e-06, 0.0, 0.0, 1e-06, 0.971812, 0.235755, 0.37472, -0.0, -0.235755, 0.971813, -0.0, 0.0, 0.0, 0.0, 1.0],
                [1.0, -1e-06, 0.0, -0.0, 1e-06, 0.968027, 0.250847, 0.37472, -0.0, -0.250847, 0.968027, -0.0, 0.0, 0.0, 0.0, 1.0],
                [1.0, -1e-06, -0.0, 0.0, 1e-06, 0.919643, 0.392755, 0.37472, -0.0, -0.392755, 0.919644, -0.0, 0.0, 0.0, 0.0, 1.0],
                [1.0, -1e-06, -0.0, 0.0, 1e-06, 0.872446, 0.48871, 0.37472, -0.0, -0.488709, 0.872446, -0.0, 0.0, 0.0, 0.0, 1.0],
                [1.0, -1e-06, -0.0, -0.0, 1e-06, 0.787569, 0.616227, 0.37472, -0.0, -0.616226, 0.787569, 0.0, 0.0, 0.0, 0.0, 1.0],
                [1.0, -1e-06, -0.0, 0.0, 1e-06, 0.796036, 0.605248, 0.37472, -0.0, -0.605248, 0.796037, 0.0, 0.0, 0.0, 0.0, 1.0],
                [1.0, -1e-06, -0.0, 0.0, 1e-06, 0.907126, 0.420857, 0.37472, -0.0, -0.420856, 0.907127, -0.0, 0.0, 0.0, 0.0, 1.0],
                [1.0, -1e-06, 0.0, -0.0, 1e-06, 0.9858, 0.167924, 0.37472, -0.0, -0.167924, 0.9858, 0.0, 0.0, 0.0, 0.0, 1.0],
                [1.0, -1e-06, 0.0, -0.0, 1e-06, 0.998977, 0.045217, 0.37472, -0.0, -0.045217, 0.998977, 0.0, 0.0, 0.0, 0.0, 1.0],
                [1.0, -1e-06, -1e-06, 0.0, 1e-06, 0.522514, 0.852631, 0.37472, -0.0, -0.85263, 0.522514, 0.0, 0.0, 0.0, 0.0, 1.0],
                [1.0, -0.0, -1e-06, 0.0, 1e-06, 0.216868, 0.976202, 0.37472, -0.0, -0.9762, 0.216869, -0.0, 0.0, 0.0, 0.0, 1.0],
                [1.0, -0.0, -1e-06, -0.0, 1e-06, 0.164458, 0.986385, 0.37472, -0.0, -0.986383, 0.164458, -0.0, 0.0, 0.0, 0.0, 1.0],
                [1.0, 0.0, -1e-06, -0.0, 1e-06, -0.262521, 0.964927, 0.37472, 0.0, -0.964926, -0.262521, -0.0, 0.0, 0.0, 0.0, 1.0],
                [1.0, 0.0, -1e-06, 1e-06, 1e-06, -0.333019, 0.942921, 0.37472, 0.0, -0.94292, -0.33302, -0.0, 0.0, 0.0, 0.0, 1.0],
                [1.0, -0.0, -1e-06, -0.0, 1e-06, 0.187339, 0.982296, 0.37472, -0.0, -0.982295, 0.18734, -0.0, 0.0, 0.0, 0.0, 1.0],
                [1.0, -0.0, -1e-06, -0.0, 1e-06, 0.357636, 0.933861, 0.37472, -0.0, -0.93386, 0.357637, -0.0, 0.0, 0.0, 0.0, 1.0],
                [1.0, -0.0, -1e-06, 0.0, 1e-06, 0.089138, 0.99602, 0.37472, -0.0, -0.996019, 0.089138, -0.0, 0.0, 0.0, 0.0, 1.0],
                [1.0, 0.0, -1e-06, -1e-06, 1e-06, -0.180769, 0.983526, 0.374719, -0.0, -0.983525, -0.180769, -0.0, 0.0, 0.0, 0.0, 1.0],
                [1.0, 0.0, -1e-06, -2e-06, 1e-06, -0.084425, 0.99643, 0.37472, 0.0, -0.99643, -0.084425, 0.0, 0.0, 0.0, 0.0, 1.0],
                [1.0, -0.0, -1e-06, -0.0, 1e-06, 0.357983, 0.933729, 0.37472, -0.0, -0.933728, 0.357983, -0.0, 0.0, 0.0, 0.0, 1.0],
                [1.0, -0.0, -1e-06, -1e-06, 1e-06, 0.188973, 0.981983, 0.37472, -0.0, -0.981982, 0.188974, 0.0, 0.0, 0.0, 0.0, 1.0],
                [1.0, -0.0, -1e-06, -1e-06, 1e-06, 0.146213, 0.989253, 0.37472, 0.0, -0.989253, 0.146213, -1e-06, 0.0, 0.0, 0.0, 1.0],
                [1.0, -0.0, -1e-06, 0.0, 1e-06, 0.309946, 0.950754, 0.37472, -0.0, -0.950754, 0.309946, -1e-06, 0.0, 0.0, 0.0, 1.0],
                [1.0, -0.0, -1e-06, 0.0, 1e-06, 0.379244, 0.925297, 0.37472, -0.0, -0.925296, 0.379244, -0.0, 0.0, 0.0, 0.0, 1.0],
                [1.0, -1e-06, -1e-06, 0.0, 1e-06, 0.587447, 0.809262, 0.37472, -0.0, -0.809263, 0.587447, 1e-06, 0.0, 0.0, 0.0, 1.0],
                [1.0, -1e-06, -0.0, -0.0, 1e-06, 0.69366, 0.720303, 0.37472, -0.0, -0.720303, 0.693659, -0.0, 0.0, 0.0, 0.0, 1.0],
                [1.0, -1e-06, -0.0, 0.0, 1e-06, 0.927236, 0.374478, 0.37472, -0.0, -0.374478, 0.927236, -0.0, 0.0, 0.0, 0.0, 1.0],
                [1.0, -1e-06, -0.0, -0.0, 1e-06, 0.810093, 0.586302, 0.37472, -0.0, -0.586302, 0.810092, -0.0, 0.0, 0.0, 0.0, 1.0],
                [1.0, -1e-06, -0.0, -0.0, 1e-06, 0.851172, 0.524887, 0.37472, -0.0, -0.524887, 0.851172, -0.0, 0.0, 0.0, 0.0, 1.0],
                [1.0, -1e-06, -0.0, -0.0, 1e-06, 0.878702, 0.477371, 0.37472, -0.0, -0.477372, 0.878702, -0.0, 0.0, 0.0, 0.0, 1.0],
                [1.0, -1e-06, 0.0, 0.0, 1e-06, 0.929892, 0.367833, 0.37472, -0.0, -0.367833, 0.929891, 0.0, 0.0, 0.0, 0.0, 1.0]
            ]
        },
        {
            "name": "Knee_R",
            "time": [0.0, 0.3, 0.4333, 0.5333, 0.6667, 0.7667, 0.8667, 1.0, 1.1667, 1.3, 1.4333, 1.5333, 1.6333, 1.7, 1.7667, 1.8667, 2.1, 2.3, 2.3333, 2.3667, 2.4333, 2.5667, 2.9, 3.1667, 3.7, 3.8, 3.8667, 4.0333, 4.1667, 4.3667, 4.5667, 4.6333, 4.7],
            "transform": [
                [1.0, 0.0, -0.0, 0.0, -1e-06, 0.0, -1.0, 0.37472, -0.0, 1.0, 0.0, -0.0, 0.0, 0.0, 0.0, 1.0],
                [1.0, 0.0, -0.0, 0.0, -0.0, 0.0, -1.0, 0.37472, -0.0, 1.0, 0.0, -0.0, 0.0, 0.0, 0.0, 1.0],
                [1.0, 0.0, -0.0, 0.0, -0.0, 0.0, -1.0, 0.37472, -0.0, 1.0, 0.0, -0.0, 0.0, 0.0, 0.0, 1.0],
                [1.0, 0.0, -1e-06, -0.0, -0.0, 0.0, -1.0, 0.37472, -0.0, 1.0, 0.0, -0.0, 0.0, 0.0, 0.0, 1.0],
                [1.0, 0.0, -0.0, 0.0, -0.0, 0.0, -1.0, 0.37472, -0.0, 1.0, 0.0, -0.0, 0.0, 0.0, 0.0, 1.0],
                [1.0, 0.0, -1e-06, 0.0, -1e-06, 0.0, -1.0, 0.37472, -0.0, 1.0, 0.0, -0.0, 0.0, 0.0, 0.0, 1.0],
                [1.0, 0.0, -0.0, -0.0, -0.0, 0.0, -1.0, 0.37472, -0.0, 1.0, 0.0, 0.0, 0.0, 0.0, 0.0, 1.0],
                [1.0, 0.0, -0.0, 0.0, -0.0, 0.0, -1.0, 0.37472, -0.0, 1.0, 0.0, 0.0, 0.0, 0.0, 0.0, 1.0],
                [1.0, 0.0, -0.0, 0.0, -0.0, 0.0, -1.0, 0.37472, -0.0, 1.0, 0.0, -0.0, 0.0, 0.0, 0.0, 1.0],
                [1.0, 0.0, -0.0, -0.0, -0.0, 0.0, -1.0, 0.37472, -0.0, 1.0, 0.0, 0.0, 0.0, 0.0, 0.0, 1.0],
                [1.0, 0.0, -0.0, -0.0, -0.0, 0.0, -1.0, 0.37472, -0.0, 1.0, 0.0, 0.0, 0.0, 0.0, 0.0, 1.0],
                [1.0, 0.0, -0.0, 0.0, -0.0, 0.0, -1.0, 0.37472, -0.0, 1.0, 0.0, 0.0, 0.0, 0.0, 0.0, 1.0],
                [1.0, 0.0, -0.0, 0.0, -0.0, 0.0, -1.0, 0.37472, -0.0, 1.0, 0.0, -0.0, 0.0, 0.0, 0.0, 1.0],
                [1.0, 0.0, -0.0, -0.0, -0.0, 0.0, -1.0, 0.37472, -0.0, 1.0, 0.0, -0.0, 0.0, 0.0, 0.0, 1.0],
                [1.0, 0.0, -0.0, -0.0, -0.0, 0.0, -1.0, 0.37472, -0.0, 1.0, 0.0, -0.0, 0.0, 0.0, 0.0, 1.0],
                [1.0, 0.0, -0.0, 1e-06, -0.0, 0.0, -1.0, 0.37472, -0.0, 1.0, 0.0, -0.0, 0.0, 0.0, 0.0, 1.0],
                [1.0, 0.0, -0.0, -0.0, -1e-06, 0.0, -1.0, 0.37472, -0.0, 1.0, 0.0, -0.0, 0.0, 0.0, 0.0, 1.0],
                [1.0, 0.0, -1e-06, -0.0, -1e-06, 0.0, -1.0, 0.37472, -0.0, 1.0, 0.0, -0.0, 0.0, 0.0, 0.0, 1.0],
                [1.0, 0.0, -1e-06, 0.0, -1e-06, 0.0, -1.0, 0.37472, -0.0, 1.0, 0.0, -0.0, 0.0, 0.0, 0.0, 1.0],
                [1.0, 0.0, -0.0, -1e-06, -1e-06, 0.0, -1.0, 0.374719, -0.0, 1.0, 0.0, -0.0, 0.0, 0.0, 0.0, 1.0],
                [1.0, 0.0, -0.0, -2e-06, -1e-06, 0.0, -1.0, 0.37472, -0.0, 1.0, 0.0, 0.0, 0.0, 0.0, 0.0, 1.0],
                [1.0, 0.0, -0.0, -0.0, -0.0, 0.0, -1.0, 0.37472, -0.0, 1.0, 0.0, -0.0, 0.0, 0.0, 0.0, 1.0],
                [1.0, 0.0, -0.0, -1e-06, -0.0, 0.0, -1.0, 0.37472, -0.0, 1.0, 0.0, 0.0, 0.0, 0.0, 0.0, 1.0],
                [1.0, 0.0, -0.0, -1e-06, -1e-06, 0.0, -1.0, 0.37472, -0.0, 1.0, 0.0, -1e-06, 0.0, 0.0, 0.0, 1.0],
                [1.0, 0.0, -0.0, 0.0, -0.0, 0.0, -1.0, 0.37472, -0.0, 1.0, 0.0, -1e-06, 0.0, 0.0, 0.0, 1.0],
                [1.0, 0.0, -0.0, 0.0, -0.0, 0.0, -1.0, 0.37472, -0.0, 1.0, 0.0, -0.0, 0.0, 0.0, 0.0, 1.0],
                [1.0, 0.0, -0.0, 0.0, -0.0, 0.0, -1.0, 0.37472, -0.0, 1.0, 0.0, 1e-06, 0.0, 0.0, 0.0, 1.0],
                [1.0, 0.0, -0.0, -0.0, -0.0, 0.0, -1.0, 0.37472, -0.0, 1.0, 0.0, -0.0, 0.0, 0.0, 0.0, 1.0],
                [1.0, 0.0, -0.0, 0.0, -1e-06, 0.0, -1.0, 0.37472, -0.0, 1.0, 0.0, -0.0, 0.0, 0.0, 0.0, 1.0],
                [1.0, 0.0, -0.0, -0.0, -0.0, 0.0, -1.0, 0.37472, -0.0, 1.0, 0.0, -0.0, 0.0, 0.0, 0.0, 1.0],
                [1.0, 0.0, -0.0, -0.0, -0.0, 0.0, -1.0, 0.37472, -0.0, 1.0, 0.0, -0.0, 0.0, 0.0, 0.0, 1.0],
                [1.0, 0.0, -0.0, -0.0, -0.0, 0.0, -1.0, 0.37472, -0.0, 1.0, 0.0, -0.0, 0.0, 0.0, 0.0, 1.0],
                [1.0, 0.0, -0.0, 0.0, -0.0, 0.0, -1.0, 0.37472, -0.0, 1.0, 0.0, 0.0, 0.0, 0.0, 0.0, 1.0]
            ]
        },
        {
            "name": "Thigh_L",
            "time": [0.0, 0.3, 0.4333, 0.5333, 0.6667, 0.7667, 0.8667, 1.0, 1.1667, 1.3, 1.4333, 1.5333, 1.6333, 1.7, 1.7667, 1.8667, 2.1, 2.3, 2.3333, 2.3667, 2.4333, 2.5667, 2.9, 3.1667, 3.7, 3.8, 3.8667, 4.0333, 4.1667, 4.3667, 4.5667, 4.6333, 4.7],
            "transform": [
                [0.44902, 0.773487, 0.447324, -0.125006, -0.344956, -0.311755, 0.885332, -0.002831, 0.82425, -0.551839, 0.126834, -1.2e-05, 0.0, 0.0, 0.0, 1.0],
                [0.740289, 0.601793, 0.299696, -0.125006, -0.143769, -0.293762, 0.945005, -0.002831, 0.656737, -0.742663, -0.130949, -1.2e-05, 0.0, 0.0, 0.0, 1.0],
                [0.836608, 0.507432, 0.206399, -0.125006, -0.050868, -0.303187, 0.951572, -0.002831, 0.545435, -0.806592, -0.227837, -1.2e-05, 0.0, 0.0, 0.0, 1.0],
                [0.982556, 0.127317, 0.135554, -0.125006, 0.003962, -0.74307, 0.669201, -0.002831, 0.185926, -0.656991, -0.730613, -1.2e-05, 0.0, 0.0, 0.0, 1.0],
                [0.949894, 0.095427, -0.29765, -0.125006, 0.076375, -0.994252, -0.075025, -0.002831, -0.303099, 0.048533, -0.951722, -1.2e-05, 0.0, 0.0, 0.0, 1.0],
                [0.738161, 0.256738, -0.623863, -0.125006, -0.131698, -0.852123, -0.5065, -0.002831, -0.661645, 0.45604, -0.595191, -1.2e-05, 0.0, 0.0, 0.0, 1.0],
                [0.206575, 0.495913, -0.843443, -0.125006, -0.738934, -0.485965, -0.466707, -0.002831, -0.64133, 0.719658, 0.266059, -1.2e-05, 0.0, 0.0, 0.0, 1.0],
                [-0.108131, 0.736508, -0.667729, -0.125006, -0.9794, 0.036299, 0.19864, -0.00283, 0.170538, 0.675453, 0.717412, -1.2e-05, 0.0, 0.0, 0.0, 1.0],
                [0.072627, 0.850681, -0.520641, -0.125006, -0.00905, 0.52256, 0.852554, -0.002831, 0.997319, -0.057207, 0.045651, -1.2e-05, 0.0, 0.0, 0.0, 1.0],
                [0.184494, 0.663138, -0.725403, -0.125006, 0.911896, 0.159819, 0.378025, -0.002831, 0.366616, -0.731236, -0.575227, -1.2e-05, 0.0, 0.0, 0.0, 1.0],
                [-0.037737, 0.352345, -0.935109, -0.125006, 0.913952, -0.366215, -0.174871, -0.002831, -0.404066, -0.861243, -0.308206, -1.2e-05, 0.0, 0.0, 0.0, 1.0],
                [-0.685927, -0.272485, -0.674727, -0.125006, 0.33182, -0.942351, 0.043236, -0.002831, -0.647611, -0.194231, 0.7368, -1.2e-05, 0.0, 0.0, 0.0, 1.0],
                [-0.950557, 0.170307, 0.259688, -0.125006, 0.138178, -0.516934, 0.844799, -0.00283, 0.278117, 0.838912, 0.467843, -1.2e-05, 0.0, 0.0, 0.0, 1.0],
                [-0.805772, 0.398317, 0.438265, -0.125006, 0.302461, -0.359459, 0.882783, -0.002831, 0.509167, 0.843879, 0.169167, -1.2e-05, 0.0, 0.0, 0.0, 1.0],
                [-0.53514, 0.581147, 0.613101, -0.125006, 0.16509, -0.639827, 0.750577, -0.00283, 0.828475, 0.502881, 0.246456, -1.2e-05, 0.0, 0.0, 0.0, 1.0],
                [-0.014886, 0.462578, 0.886453, -0.125006, -0.638063, -0.686973, 0.347769, -0.002831, 0.76984, -0.560437, 0.30538, -1.2e-05, 0.0, 0.0, 0.0, 1.0],
                [0.809268, 0.369716, 0.456504, -0.125006, -0.332685, -0.352027, 0.87487, -0.002831, 0.484155, -0.859876, -0.161885, -1.2e-05, 0.0, 0.0, 0.0, 1.0],
                [0.800871, -0.439034, -0.407253, -0.125006, -0.083621, -0.755399, 0.649907, -0.002832, -0.59297, -0.486437, -0.64169, -1.1e-05, 0.0, 0.0, 0.0, 1.0],
                [0.568197, -0.557403, -0.605354, -0.125007, -0.267539, -0.820809, 0.504674, -0.00283, -0.778187, -0.124798, -0.615508, -1.1e-05, 0.0, 0.0, 0.0, 1.0],
                [0.250673, -0.581202, -0.774188, -0.125006, -0.461188, -0.774835, 0.432361, -0.002831, -0.851157, 0.248665, -0.462274, -1.1e-05, 0.0, 0.0, 0.0, 1.0],
                [-0.439772, -0.571833, -0.692537, -0.125006, -0.450224, -0.526848, 0.720922, -0.002831, -0.77711, 0.628838, -0.02576, -1.2e-05, 0.0, 0.0, 0.0, 1.0],
                [-0.847443, -0.516365, -0.123318, -0.125006, -0.100603, -0.071879, 0.992326, -0.002831, -0.521267, 0.853346, 0.008966, -1.1e-05, 0.0, 0.0, 0.0, 1.0],
                [-0.832932, -0.537337, -0.132262, -0.125006, -0.126041, -0.048511, 0.990838, -0.002831, -0.538831, 0.841971, -0.02732, -1.2e-05, 0.0, 0.0, 0.0, 1.0],
                [-0.238844, -0.937951, -0.251399, -0.125006, -0.24622, -0.191935, 0.950019, -0.002831, -0.939324, 0.288806, -0.1851, -1.2e-05, 0.0, 0.0, 0.0, 1.0],
                [0.956735, -0.281626, 0.073104, -0.125006, -0.223138, -0.548942, 0.805526, -0.002832, -0.186727, -0.786988, -0.588033, -1.2e-05, 0.0, 0.0, 0.0, 1.0],
                [0.928762, -0.121544, -0.350184, -0.125006, 0.141615, -0.756704, 0.638234, -0.002831, -0.34256, -0.642359, -0.685585, -1.3e-05, 0.0, 0.0, 0.0, 1.0],
                [0.915691, -0.246162, -0.317669, -0.125006, 0.045785, -0.721406, 0.690996, -0.002831, -0.399265, -0.647284, -0.649315, -1.2e-05, 0.0, 0.0, 0.0, 1.0],
                [0.437839, -0.42217, -0.793769, -0.125006, -0.337146, -0.895563, 0.290342, -0.002831, -0.833445, 0.140493, -0.534445, -1.2e-05, 0.0, 0.0, 0.0, 1.0],
                [0.359981, -0.261414, -0.895587, -0.125006, -0.198014, -0.95948, 0.200472, -0.002831, -0.911704, 0.105173, -0.397158, -1.2e-05, 0.0, 0.0, 0.0, 1.0],
                [0.360619, -0.193363, -0.91245, -0.125006, -0.169354, -0.975588, 0.139811, -0.002831, -0.91721, 0.104109, -0.384562, -1.2e-05, 0.0, 0.0, 0.0, 1.0],
                [0.521271, -0.23312, -0.820933, -0.125006, -0.220006, -0.966159, 0.134662, -0.00283, -0.824545, 0.110415, -0.554918, -1.3e-05, 0.0, 0.0, 0.0, 1.0],
                [0.908853, -0.253031, -0.331605, -0.125006, -0.177331, -0.953961, 0.241895, -0.002831, -0.377544, -0.161043, -0.91188, -1.3e-05, 0.0, 0.0, 0.0, 1.0],
                [0.960205, -0.187034, 0.207424, -0.125006, -0.237583, -0.937423, 0.254544, -0.002831, 0.146836, -0.293695, -0.944554, -1.2e-05, 0.0, 0.0, 0.0, 1.0]
            ]
        },
        {
            "name": "Leg_L",
            "time": [0.0, 0.3, 0.4333, 0.5333, 0.6667, 0.7667, 0.8667, 1.0, 1.1667, 1.3, 1.4333, 1.5333, 1.6333, 1.7, 1.7667, 1.8667, 2.1, 2.3, 2.3333, 2.3667, 2.4333, 2.5667, 2.9, 3.1667, 3.7, 3.8, 3.8667, 4.0333, 4.1667, 4.3667, 4.5667, 4.6333, 4.7],
            "transform": [
                [1.0, -0.0, -0.0, 0.0, 0.0, 0.248251, 0.968696, 0.37472, -0.0, -0.968696, 0.24825, -0.0, 0.0, 0.0, 0.0, 1.0],
                [1.0, -0.0, -0.0, -0.0, 0.0, 0.203968, 0.978977, 0.37472, -0.0, -0.978978, 0.203968, -0.0, 0.0, 0.0, 0.0, 1.0],
                [1.0, -0.0, -0.0, -0.0, 0.0, 0.184147, 0.982899, 0.37472, -0.0, -0.982899, 0.184147, 0.0, 0.0, 0.0, 0.0, 1.0],
                [1.0, -0.0, -0.0, 0.0, 0.0, 0.630976, 0.775802, 0.37472, -0.0, -0.775802, 0.630976, -0.0, 0.0, 0.0, 0.0, 1.0],
                [1.0, -0.0, -0.0, 0.0, 0.0, 0.984795, 0.173718, 0.37472, -0.0, -0.173718, 0.984795, -0.0, 0.0, 0.0, 0.0, 1.0],
                [1.0, 0.0, -0.0, 0.0, 0.0, 0.999843, 0.0177, 0.37472, 0.0, -0.0177, 0.999843, 0.0, 0.0, 0.0, 0.0, 1.0],
                [1.0, -0.0, -0.0, 0.0, 0.0, 0.9868, 0.161943, 0.37472, 0.0, -0.161943, 0.9868, -0.0, 0.0, 0.0, 0.0, 1.0],
                [1.0, -0.0, -0.0, -0.0, 0.0, 0.959271, 0.282487, 0.37472, 0.0, -0.282487, 0.959271, 0.0, 0.0, 0.0, 0.0, 1.0],
                [1.0, -0.0, -0.0, -0.0, 0.0, 0.915429, 0.402478, 0.37472, -0.0, -0.402478, 0.91543, -0.0, 0.0, 0.0, 0.0, 1.0],
                [1.0, -0.0, -0.0, 0.0, 0.0, 0.94041, 0.340043, 0.37472, 0.0, -0.340043, 0.940409, 0.0, 0.0, 0.0, 0.0, 1.0],
                [1.0, -0.0, 0.0, -0.0, 0.0, 0.973553, 0.228462, 0.37472, -0.0, -0.228462, 0.973552, 0.0, 0.0, 0.0, 0.0, 1.0],
                [1.0, -0.0, -0.0, -0.0, 0.0, 0.792396, 0.610007, 0.37472, -0.0, -0.610007, 0.792396, -0.0, 0.0, 0.0, 0.0, 1.0],
                [1.0, -1e-06, -0.0, 0.0, 0.0, -0.029846, 0.999555, 0.374721, -1e-06, -0.999554, -0.029846, -0.0, 0.0, 0.0, 0.0, 1.0],
                [1.0, -0.0, -0.0, -0.0, 0.0, -0.196296, 0.980545, 0.37472, -1e-06, -0.980544, -0.196296, 0.0, 0.0, 0.0, 0.0, 1.0],
                [1.0, -1e-06, 0.0, -0.0, -0.0, -0.327743, 0.944767, 0.37472, -0.0, -0.944767, -0.327743, 0.0, 0.0, 0.0, 0.0, 1.0],
                [1.0, -0.0, -0.0, -0.0, 0.0, 0.149241, 0.988801, 0.37472, -0.0, -0.988801, 0.149241, -0.0, 0.0, 0.0, 0.0, 1.0],
                [1.0, -1e-06, -0.0, -0.0, 0.0, -0.005812, 0.999983, 0.374721, -0.0, -0.999983, -0.005812, -0.0, 0.0, 0.0, 0.0, 1.0],
                [1.0, -0.0, -0.0, -0.0, 0.0, 0.168478, 0.985706, 0.37472, -0.0, -0.985704, 0.168479, -0.0, 0.0, 0.0, 0.0, 1.0],
                [1.0, -0.0, -0.0, -1e-06, 0.0, 0.311379, 0.950286, 0.37472, -0.0, -0.950286, 0.31138, -0.0, 0.0, 0.0, 0.0, 1.0],
                [1.0, -0.0, -0.0, 1e-06, 0.0, 0.546156, 0.837684, 0.37472, -0.0, -0.837684, 0.546156, 0.0, 0.0, 0.0, 0.0, 1.0],
                [1.0, -0.0, -0.0, -1e-06, 0.0, 0.697945, 0.716152, 0.374721, -0.0, -0.716151, 0.697945, 0.0, 0.0, 0.0, 0.0, 1.0],
                [1.0, -0.0, -0.0, -0.0, 0.0, 0.399079, 0.916916, 0.37472, -0.0, -0.916916, 0.399079, -0.0, 0.0, 0.0, 0.0, 1.0],
                [1.0, -0.0, 0.0, 0.0, 0.0, 0.43298, 0.901404, 0.37472, -0.0, -0.901403, 0.43298, -0.0, 0.0, 0.0, 0.0, 1.0],
                [1.0, -1e-06, -0.0, 0.0, 0.0, -0.128643, 0.991691, 0.37472, -1e-06, -0.991691, -0.128643, 0.0, 0.0, 0.0, 0.0, 1.0],
                [1.0, -0.0, 0.0, -0.0, 0.0, 0.597147, 0.802132, 0.37472, -0.0, -0.802132, 0.597147, -1e-06, 0.0, 0.0, 0.0, 1.0],
                [1.0, -0.0, 0.0, 0.0, 0.0, 0.938648, 0.344877, 0.37472, -0.0, -0.344877, 0.938648, 1e-06, 0.0, 0.0, 0.0, 1.0],
                [1.0, -0.0, 0.0, 0.0, 0.0, 0.77612, 0.630586, 0.37472, -0.0, -0.630586, 0.77612, -0.0, 0.0, 0.0, 0.0, 1.0],
                [1.0, -0.0, 0.0, 1e-06, 0.0, 0.755148, 0.655555, 0.37472, -0.0, -0.655555, 0.755148, -0.0, 0.0, 0.0, 0.0, 1.0],
                [1.0, -0.0, 0.0, -0.0, 0.0, 0.81894, 0.573879, 0.37472, -0.0, -0.573879, 0.81894, -0.0, 0.0, 0.0, 0.0, 1.0],
                [1.0, -0.0, 0.0, -0.0, 0.0, 0.877513, 0.479553, 0.37472, -0.0, -0.479554, 0.877512, 0.0, 0.0, 0.0, 0.0, 1.0],
                [1.0, -0.0, 0.0, 0.0, 0.0, 0.824523, 0.565828, 0.37472, -0.0, -0.565828, 0.824523, -0.0, 0.0, 0.0, 0.0, 1.0],
                [1.0, -0.0, 0.0, -0.0, 0.0, 0.67912, 0.734027, 0.37472, -0.0, -0.734028, 0.67912, -0.0, 0.0, 0.0, 0.0, 1.0],
                [1.0, -0.0, 0.0, -0.0, 0.0, 0.966108, 0.258138, 0.37472, -0.0, -0.258138, 0.966108, 1e-06, 0.0, 0.0, 0.0, 1.0]
            ]
        },
        {
            "name": "Knee_L",
            "time": [0.0, 0.3, 0.4333, 0.5333, 0.6667, 0.7667, 0.8667, 1.0, 1.1667, 1.3, 1.4333, 1.5333, 1.6333, 1.7, 1.7667, 1.8667, 2.1, 2.3, 2.3333, 2.3667, 2.4333, 2.5667, 2.9, 3.1667, 3.7, 3.8, 3.8667, 4.0333, 4.1667, 4.3667, 4.5667, 4.6333, 4.7],
            "transform": [
                [1.0, 0.0, -1e-06, 0.0, -0.0, 0.0, -1.0, 0.37472, -0.0, 1.0, 0.0, -0.0, 0.0, 0.0, 0.0, 1.0],
                [1.0, 0.0, -0.0, -0.0, -0.0, 0.0, -1.0, 0.37472, -0.0, 1.0, 0.0, -0.0, 0.0, 0.0, 0.0, 1.0],
                [1.0, 0.0, -0.0, -0.0, -0.0, 0.0, -1.0, 0.37472, -0.0, 1.0, 0.0, 0.0, 0.0, 0.0, 0.0, 1.0],
                [1.0, 0.0, -0.0, 0.0, -0.0, 0.0, -1.0, 0.37472, -0.0, 1.0, 0.0, -0.0, 0.0, 0.0, 0.0, 1.0],
                [1.0, 0.0, -0.0, 0.0, -0.0, 0.0, -1.0, 0.37472, -0.0, 1.0, 0.0, -0.0, 0.0, 0.0, 0.0, 1.0],
                [1.0, 0.0, -0.0, 0.0, -0.0, 0.0, -1.0, 0.37472, -0.0, 1.0, 0.0, 0.0, 0.0, 0.0, 0.0, 1.0],
                [1.0, 0.0, -0.0, 0.0, -0.0, 0.0, -1.0, 0.37472, -0.0, 1.0, 0.0, -0.0, 0.0, 0.0, 0.0, 1.0],
                [1.0, 0.0, -0.0, -0.0, -0.0, 0.0, -1.0, 0.37472, -0.0, 1.0, 0.0, 0.0, 0.0, 0.0, 0.0, 1.0],
                [1.0, 0.0, -0.0, -0.0, -0.0, 0.0, -1.0, 0.37472, -0.0, 1.0, 0.0, -0.0, 0.0, 0.0, 0.0, 1.0],
                [1.0, 0.0, -0.0, 0.0, -0.0, 0.0, -1.0, 0.37472, -0.0, 1.0, 0.0, 0.0, 0.0, 0.0, 0.0, 1.0],
                [1.0, 0.0, -0.0, -0.0, -1e-06, 0.0, -1.0, 0.37472, -0.0, 1.0, 0.0, 0.0, 0.0, 0.0, 0.0, 1.0],
                [1.0, 0.0, -0.0, -0.0, -0.0, 0.0, -1.0, 0.37472, -0.0, 1.0, 0.0, -0.0, 0.0, 0.0, 0.0, 1.0],
                [1.0, 0.0, -0.0, 0.0, -0.0, 0.0, -1.0, 0.374721, -0.0, 1.0, 0.0, -0.0, 0.0, 0.0, 0.0, 1.0],
                [1.0, 0.0, -0.0, -0.0, -0.0, 0.0, -1.0, 0.37472, -0.0, 1.0, 0.0, 0.0, 0.0, 0.0, 0.0, 1.0],
                [1.0, 0.0, -0.0, -0.0, -0.0, 0.0, -1.0, 0.37472, -0.0, 1.0, 0.0, 0.0, 0.0, 0.0, 0.0, 1.0],
                [1.0, 0.0, -0.0, -0.0, -0.0, 0.0, -1.0, 0.37472, -0.0, 1.0, 0.0, -0.0, 0.0, 0.0, 0.0, 1.0],
                [1.0, 0.0, -0.0, -0.0, -1e-06, 0.0, -1.0, 0.374721, -0.0, 1.0, 0.0, -0.0, 0.0, 0.0, 0.0, 1.0],
                [1.0, 0.0, -0.0, -0.0, -0.0, 0.0, -1.0, 0.37472, -0.0, 1.0, 0.0, -0.0, 0.0, 0.0, 0.0, 1.0],
                [1.0, 0.0, -0.0, -1e-06, -1e-06, 0.0, -1.0, 0.37472, -0.0, 1.0, 0.0, -0.0, 0.0, 0.0, 0.0, 1.0],
                [1.0, 0.0, -1e-06, 1e-06, -0.0, 0.0, -1.0, 0.37472, -0.0, 1.0, 0.0, 0.0, 0.0, 0.0, 0.0, 1.0],
                [1.0, 0.0, -0.0, -1e-06, -0.0, 0.0, -1.0, 0.374721, -0.0, 1.0, 0.0, 0.0, 0.0, 0.0, 0.0, 1.0],
                [1.0, 0.0, -0.0, -0.0, -0.0, 0.0, -1.0, 0.37472, -0.0, 1.0, 0.0, -0.0, 0.0, 0.0, 0.0, 1.0],
                [1.0, 0.0, -1e-06, 0.0, -1e-06, 0.0, -1.0, 0.37472, -0.0, 1.0, 0.0, -0.0, 0.0, 0.0, 0.0, 1.0],
                [1.0, 0.0, -0.0, 0.0, -0.0, 0.0, -1.0, 0.37472, -0.0, 1.0, 0.0, 0.0, 0.0, 0.0, 0.0, 1.0],
                [1.0, 0.0, -0.0, -0.0, -1e-06, 0.0, -1.0, 0.37472, -0.0, 1.0, 0.0, -1e-06, 0.0, 0.0, 0.0, 1.0],
                [1.0, 0.0, -0.0, 0.0, -0.0, 0.0, -1.0, 0.37472, -0.0, 1.0, 0.0, 1e-06, 0.0, 0.0, 0.0, 1.0],
                [1.0, 0.0, -0.0, 0.0, -0.0, 0.0, -1.0, 0.37472, -0.0, 1.0, 0.0, -0.0, 0.0, 0.0, 0.0, 1.0],
                [1.0, 0.0, -0.0, 1e-06, -0.0, 0.0, -1.0, 0.37472, -0.0, 1.0, 0.0, -0.0, 0.0, 0.0, 0.0, 1.0],
                [1.0, 0.0, -0.0, -0.0, -0.0, 0.0, -1.0, 0.37472, -0.0, 1.0, 0.0, -0.0, 0.0, 0.0, 0.0, 1.0],
                [1.0, 0.0, -0.0, -0.0, -0.0, 0.0, -1.0, 0.37472, -0.0, 1.0, 0.0, 0.0, 0.0, 0.0, 0.0, 1.0],
                [1.0, 0.0, -0.0, 0.0, -0.0, 0.0, -1.0, 0.37472, -0.0, 1.0, 0.0, -0.0, 0.0, 0.0, 0.0, 1.0],
                [1.0, 0.0, -0.0, -0.0, -0.0, 0.0, -1.0, 0.37472, -0.0, 1.0, 0.0, -0.0, 0.0, 0.0, 0.0, 1.0],
                [1.0, 0.0, -0.0, -0.0, -0.0, 0.0, -1.0, 0.37472, -0.0, 1.0, 0.0, 1e-06, 0.0, 0.0, 0.0, 1.0]
            ]
        },
        {
            "name": "Torso",
            "time": [0.0, 0.3, 0.4333, 0.5333, 0.6667, 0.7667, 0.8667, 1.0, 1.1667, 1.3, 1.4333, 1.5333, 1.6333, 1.7, 1.7667, 1.8667, 2.1, 2.3, 2.3333, 2.3667, 2.4333, 2.5667, 2.9, 3.1667, 3.7, 3.8, 3.8667, 4.0333, 4.1667, 4.3667, 4.5667, 4.6333, 4.7],
            "transform": [
                [0.029866, 0.721421, -0.691852, -0.0, 0.025664, 0.691379, 0.722036, 0.05, 0.999224, -0.03932, 0.002134, -0.0, 0.0, 0.0, 0.0, 1.0],
                [0.367766, 0.622582, -0.690753, 0.0, 0.285201, 0.631498, 0.72102, 0.05, 0.885103, -0.46217, 0.054683, 0.0, 0.0, 0.0, 0.0, 1.0],
                [0.49652, 0.533894, -0.684416, -0.0, 0.386357, 0.570134, 0.725035, 0.05, 0.777301, -0.624423, 0.07681, -0.0, 0.0, 0.0, 0.0, 1.0],
                [0.815739, 0.068116, -0.574396, -0.0, 0.4925, 0.438982, 0.751491, 0.05, 0.303338, -0.89591, 0.324548, -0.0, 0.0, 0.0, 0.0, 1.0],
                [0.817216, -0.533357, -0.218377, 0.0, 0.420219, 0.292107, 0.859122, 0.05, -0.394429, -0.793853, 0.462842, -0.0, 0.0, 0.0, 0.0, 1.0],
                [0.623052, -0.778152, 0.079288, 0.0, 0.099668, 0.179524, 0.978692, 0.05, -0.775805, -0.601873, 0.18941, -0.0, 0.0, 0.0, 0.0, 1.0],
                [0.206971, -0.931617, 0.298752, 0.0, -0.586884, 0.126094, 0.799792, 0.05, -0.782771, -0.340867, -0.520654, -0.0, 0.0, 0.0, 0.0, 1.0],
                [-0.069903, -0.985915, 0.15194, 0.0, -0.997509, 0.067642, -0.020004, 0.05, 0.009445, -0.15296, -0.988188, -0.0, 0.0, 0.0, 0.0, 1.0],
                [0.124979, -0.991147, -0.044795, 0.0, -0.076294, 0.035415, -0.996456, 0.05, 0.989222, 0.127954, -0.071192, -0.0, 0.0, 0.0, 0.0, 1.0],
                [0.22377, -0.943661, 0.243784, 0.0, 0.92446, 0.126277, -0.359761, 0.05, 0.308708, 0.305872, 0.900634, -0.0, 0.0, 0.0, 0.0, 1.0],
                [-0.101837, -0.855113, 0.508342, 0.0, 0.865975, 0.175296, 0.468357, 0.05, -0.489609, 0.487908, 0.722655, -0.0, 0.0, 0.0, 0.0, 1.0],
                [-0.715547, -0.393829, 0.576966, 0.0, 0.528323, 0.235252, 0.815801, 0.05, -0.457018, 0.888569, 0.039735, -0.0, 0.0, 0.0, 0.0, 1.0],
                [-0.962887, 0.260523, 0.070537, 0.0, 0.199387, 0.510458, 0.836467, 0.05, 0.181913, 0.819488, -0.543458, -0.0, 0.0, 0.0, 0.0, 1.0],
                [-0.898697, 0.384649, -0.210689, 0.0, 0.089657, 0.631385, 0.770269, 0.05, 0.42931, 0.673348, -0.60191, -0.0, 0.0, 0.0, 0.0, 1.0],
                [-0.789938, 0.448919, -0.417696, 0.0, 0.02565, 0.704784, 0.708958, 0.05, 0.61265, 0.549319, -0.568251, -0.0, 0.0, 0.0, 0.0, 1.0],
                [-0.486651, 0.489485, -0.723585, 0.0, -0.038391, 0.8155, 0.577482, 0.05, 0.872753, 0.308812, -0.378071, -0.0, 0.0, 0.0, 0.0, 1.0],
                [0.191883, 0.245753, -0.950151, 0.0, 0.12727, 0.953735, 0.272382, 0.05, 0.973131, -0.173191, 0.151729, -0.0, 0.0, 0.0, 0.0, 1.0],
                [0.895848, -0.258872, -0.361168, -0.0, 0.382189, 0.863512, 0.329057, 0.05, 0.226689, -0.43282, 0.872513, -0.0, 0.0, 0.0, 0.0, 1.0],
                [0.948071, -0.315813, 0.037727, 0.0, 0.262695, 0.844387, 0.466907, 0.05, -0.179311, -0.432751, 0.883501, -0.0, 0.0, 0.0, 0.0, 1.0],
                [0.80331, -0.375393, 0.462356, 0.0, 0.077152, 0.83539, 0.544217, 0.05, -0.590543, -0.401503, 0.700039, -0.0, 0.0, 0.0, 0.0, 1.0],
                [0.097663, -0.481668, 0.870894, 0.0, -0.116859, 0.863474, 0.490669, 0.05, -0.988335, -0.149692, 0.028042, -0.0, 0.0, 0.0, 0.0, 1.0],
                [-0.628964, -0.408787, 0.661286, 0.0, -0.166241, 0.901643, 0.399253, 0.05, -0.759453, 0.141183, -0.635058, -0.0, 0.0, 0.0, 0.0, 1.0],
                [-0.584404, -0.389157, 0.712059, 0.0, -0.241214, 0.921147, 0.305458, 0.05, -0.774782, 0.006752, -0.632193, -0.0, 0.0, 0.0, 0.0, 1.0],
                [0.091577, -0.260483, 0.961125, 0.0, -0.037213, 0.963612, 0.264703, 0.05, -0.995103, -0.060007, 0.078551, -0.0, 0.0, 0.0, 0.0, 1.0],
                [0.97757, -0.011554, 0.210294, 0.0, 0.017115, 0.99955, -0.024646, 0.05, -0.209914, 0.027693, 0.977328, -0.0, 0.0, 0.0, 0.0, 1.0],
                [0.905874, 0.045677, 0.421077, 0.0, -0.030257, 0.998607, -0.043231, 0.05, -0.422465, 0.026421, 0.905994, -0.0, 0.0, 0.0, 0.0, 1.0],
                [0.788579, 0.080245, 0.609675, 0.0, -0.058756, 0.996746, -0.055193, 0.05, -0.61212, 0.007702, 0.790727, -0.0, 0.0, 0.0, 0.0, 1.0],
                [0.577377, 0.036579, 0.815658, 0.0, -0.057389, 0.998343, -0.004147, 0.05, -0.814458, -0.044415, 0.57852, -0.0, 0.0, 0.0, 0.0, 1.0],
                [0.495515, 0.02596, 0.868211, 0.0, -0.042831, 0.999068, -0.005428, 0.05, -0.867543, -0.034497, 0.496165, -0.0, 0.0, 0.0, 0.0, 1.0],
                [0.442513, 0.051074, 0.895307, 0.0, -0.037781, 0.998552, -0.03829, 0.05, -0.895966, -0.016882, 0.443802, -0.0, 0.0, 0.0, 0.0, 1.0],
                [0.725711, 0.048016, 0.686322, -0.0, -0.041463, 0.998801, -0.026036, 0.05, -0.686749, -0.009562, 0.726832, -0.0, 0.0, 0.0, 0.0, 1.0],
                [0.989981, 0.065361, 0.125163, -0.0, -0.057077, 0.996006, -0.068668, 0.05, -0.129151, 0.060836, 0.989757, -0.0, 0.0, 0.0, 0.0, 1.0],
                [0.898548, 0.024253, -0.438206, 0.0, -0.056429, 0.996569, -0.060551, 0.05, 0.435233, 0.079136, 0.896833, -0.0, 0.0, 0.0, 0.0, 1.0]
            ]
        },
        {
            "name": "Chest",
            "time": [0.0, 0.3, 0.4333, 0.5333, 0.6667, 0.7667, 0.8667, 1.0, 1.1667, 1.3, 1.4333, 1.5333, 1.6333, 1.7, 1.7667, 1.8667, 2.1, 2.3, 2.3333, 2.3667, 2.4333, 2.5667, 2.9, 3.1667, 3.7, 3.8, 3.8667, 4.0333, 4.1667, 4.3667, 4.5667, 4.6333, 4.7],
            "transform": [
                [0.960508, 0.057102, -0.272331, 0.0, 0.115618, 0.808326, 0.577271, 0.3, 0.253096, -0.58596, 0.769801, -0.0, 0.0, 0.0, 0.0, 1.0],
                [0.983942, -0.120211, -0.131938, 0.0, 0.163834, 0.901599, 0.400347, 0.3, 0.070829, -0.415534, 0.906816, -0.0, 0.0, 0.0, 0.0, 1.0],
                [0.980499, -0.188042, -0.057108, 0.0, 0.196398, 0.927237, 0.318842, 0.3, -0.007003, -0.32384, 0.946086, 0.0, 0.0, 0.0, 0.0, 1.0],
                [0.951599, -0.282104, 0.121967, -0.0, 0.26719, 0.955463, 0.125297, 0.3, -0.151882, -0.086644, 0.984594, -0.0, 0.0, 0.0, 0.0, 1.0],
                [0.904626, -0.301988, 0.300757, -0.0, 0.332512, 0.941507, -0.054781, 0.3, -0.266621, 0.149562, 0.952126, 0.0, 0.0, 0.0, 0.0, 1.0],
                [0.906758, -0.249595, 0.339841, 0.0, 0.29695, 0.950212, -0.094437, 0.3, -0.29935, 0.186547, 0.935729, -0.0, 0.0, 0.0, 0.0, 1.0],
                [0.946661, -0.12406, 0.297392, -0.0, 0.14574, 0.987967, -0.05178, 0.3, -0.28739, 0.09236, 0.95335, 0.0, 0.0, 0.0, 0.0, 1.0],
                [0.959166, -0.04105, 0.279848, 0.0, 0.043858, 0.999031, -0.003776, 0.3, -0.279422, 0.015895, 0.960037, 0.0, 0.0, 0.0, 0.0, 1.0],
                [0.960821, 0.003966, 0.277139, -0.0, -0.02112, 0.998038, 0.058938, 0.3, -0.276362, -0.062482, 0.95902, 0.0, 0.0, 0.0, 0.0, 1.0],
                [0.965342, 0.014712, 0.260573, 0.0, -0.039325, 0.995211, 0.089496, 0.3, -0.258008, -0.096642, 0.961297, -0.0, 0.0, 0.0, 0.0, 1.0],
                [0.975527, -0.001519, 0.219874, -0.0, -0.021876, 0.994344, 0.103929, 0.3, -0.218788, -0.106196, 0.969976, -0.0, 0.0, 0.0, 0.0, 1.0],
