{
    "animation": [
        {
            "name": "Root",
            "time": [0.0, 0.0333, 0.0667, 0.1, 0.1333, 0.1667, 0.2, 0.2333, 0.2667, 0.3, 0.3333, 0.3667, 0.4, 0.4333, 0.4667, 0.5, 0.5333, 0.5667, 0.6, 0.6333, 0.6667, 1.1, 1.1667, 1.2, 1.3333, 1.4667, 1.5667, 1.6, 1.9, 2.1667, 2.3333, 2.4333, 2.5333, 2.6333, 2.6667, 2.7, 2.7667, 2.8, 2.8667, 2.9667, 3.0333, 3.1, 3.3333, 3.4667, 3.5667, 3.7333, 3.8667, 3.9, 3.9667, 4.3, 4.5667, 4.7667, 4.8667, 5.1, 5.4333, 5.9333, 6.6333, 7.3, 7.5667, 8.0, 8.0333],
            "transform": [
                [1.0, -0.0, 0.0, 0.011161, 0.0, -0.0, -1.0, 4.1e-05, 0.0, 1.0, -0.0, 0.584314, 0.0, 0.0, 0.0, 1.0],
                [1.0, -0.0, 0.0, -0.017002, 0.0, -0.0, -1.0, -0.005465, 0.0, 1.0, -0.0, 0.584314, 0.0, 0.0, 0.0, 1.0],
                [1.0, -0.0, 0.0, -0.045214, 0.0, -0.0, -1.0, -0.011215, 0.0, 1.0, -0.0, 0.584314, 0.0, 0.0, 0.0, 1.0],
                [1.0, -0.0, 0.0, -0.06381, 0.0, -0.0, -1.0, -0.013991, 0.0, 1.0, -0.0, 0.584314, 0.0, 0.0, 0.0, 1.0],
                [1.0, -0.0, 0.0, -0.091473, 0.0, -0.0, -1.0, -0.014416, 0.0, 1.0, -0.0, 0.584314, 0.0, 0.0, 0.0, 1.0],
                [1.0, -0.0, 0.0, -0.120366, 0.0, -0.0, -1.0, -0.010636, 0.0, 1.0, -0.0, 0.584314, 0.0, 0.0, 0.0, 1.0],
                [1.0, -0.0, 0.0, -0.13915, 0.0, -0.0, -1.0, -0.006595, 0.0, 1.0, -0.0, 0.584314, 0.0, 0.0, 0.0, 1.0],
                [1.0, -0.0, 0.0, -0.16252, 0.0, -0.0, -1.0, -0.001121, 0.0, 1.0, -0.0, 0.584314, 0.0, 0.0, 0.0, 1.0],
                [1.0, -0.0, 0.0, -0.179359, 0.0, -0.0, -1.0, 0.002578, 0.0, 1.0, -0.0, 0.584314, 0.0, 0.0, 0.0, 1.0],
                [1.0, -0.0, 0.0, -0.191434, 0.0, -0.0, -1.0, 0.005858, 0.0, 1.0, -0.0, 0.584314, 0.0, 0.0, 0.0, 1.0],
                [1.0, -0.0, 0.0, -0.20104, 0.0, -0.0, -1.0, 0.008703, 0.0, 1.0, -0.0, 0.584314, 0.0, 0.0, 0.0, 1.0],
                [1.0, -0.0, 0.0, -0.206293, 0.0, -0.0, -1.0, 0.010045, 0.0, 1.0, -0.0, 0.584314, 0.0, 0.0, 0.0, 1.0],
                [1.0, -0.0, 0.0, -0.213338, 0.0, -0.0, -1.0, 0.010749, 0.0, 1.0, -0.0, 0.584314, 0.0, 0.0, 0.0, 1.0],
                [1.0, -0.0, 0.0, -0.218499, 0.0, -0.0, -1.0, 0.009633, 0.0, 1.0, -0.0, 0.584314, 0.0, 0.0, 0.0, 1.0],
                [1.0, -0.0, 0.0, -0.219042, 0.0, -0.0, -1.0, 0.006991, 0.0, 1.0, -0.0, 0.584314, 0.0, 0.0, 0.0, 1.0],
                [1.0, -0.0, 0.0, -0.219122, 0.0, -0.0, -1.0, -0.001346, 0.0, 1.0, -0.0, 0.584314, 0.0, 0.0, 0.0, 1.0],
                [1.0, -0.0, 0.0, -0.221298, 0.0, -0.0, -1.0, -0.015164, 0.0, 1.0, -0.0, 0.584314, 0.0, 0.0, 0.0, 1.0],
                [1.0, -0.0, 0.0, -0.224762, 0.0, -0.0, -1.0, -0.035323, 0.0, 1.0, -0.0, 0.584314, 0.0, 0.0, 0.0, 1.0],
                [1.0, -0.0, 0.0, -0.227804, 0.0, -0.0, -1.0, -0.059052, 0.0, 1.0, -0.0, 0.584314, 0.0, 0.0, 0.0, 1.0],
                [1.0, -0.0, 0.0, -0.229327, 0.0, -0.0, -1.0, -0.077586, 0.0, 1.0, -0.0, 0.584314, 0.0, 0.0, 0.0, 1.0],
                [1.0, -0.0, 0.0, -0.231091, 0.0, -0.0, -1.0, -0.10904, 0.0, 1.0, -0.0, 0.584314, 0.0, 0.0, 0.0, 1.0],
                [1.0, -0.0, 0.0, -0.289221, 0.0, -0.0, -1.0, -0.592134, 0.0, 1.0, -0.0, 0.490381, 0.0, 0.0, 0.0, 1.0],
                [1.0, -0.0, 0.0, -0.305962, 0.0, -0.0, -1.0, -0.603534, 0.0, 1.0, -0.0, 0.450124, 0.0, 0.0, 0.0, 1.0],
                [1.0, -0.0, 0.0, -0.308869, 0.0, -0.0, -1.0, -0.606392, 0.0, 1.0, -0.0, 0.450124, 0.0, 0.0, 0.0, 1.0],
                [1.0, -0.0, 0.0, -0.316176, 0.0, -0.0, -1.0, -0.632248, 0.0, 1.0, -0.0, 0.438941, 0.0, 0.0, 0.0, 1.0],
                [1.0, -0.0, 0.0, -0.317517, 0.0, -0.0, -1.0, -0.589645, 0.0, 1.0, -0.0, 0.438941, 0.0, 0.0, 0.0, 1.0],
                [1.0, -0.0, 0.0, -0.304829, 0.0, -0.0, -1.0, -0.121372, 0.0, 1.0, -0.0, 0.584314, 0.0, 0.0, 0.0, 1.0],
                [1.0, -0.0, 0.0, -0.267102, 0.0, -0.0, -1.0, 0.546858, 0.0, 1.0, -0.0, 0.841511, 0.0, 0.0, 0.0, 1.0],
                [1.0, -0.0, 0.0, -0.099632, 0.0, -0.0, -1.0, 6.821795, 0.0, 1.0, -0.0, 3.365948, 0.0, 0.0, 0.0, 1.0],
                [1.0, -0.0, 0.0, -0.124152, 0.0, -0.0, -1.0, 9.835777, 0.0, 1.0, -0.0, 4.724767, 0.0, 0.0, 0.0, 1.0],
                [1.0, -0.0, 0.0, -0.165557, 0.0, -0.0, -1.0, 11.271254, 0.0, 1.0, -0.0, 5.034094, 0.0, 0.0, 0.0, 1.0],
                [1.0, -0.0, 0.0, -0.204283, 0.0, -0.0, -1.0, 11.932018, 0.0, 1.0, -0.0, 5.271656, 0.0, 0.0, 0.0, 1.0],
                [1.0, -0.0, 0.0, -0.123554, 0.0, -0.0, -1.0, 12.518366, 0.0, 1.0, -0.0, 5.381377, 0.0, 0.0, 0.0, 1.0],
                [1.0, -0.0, 0.0, -0.110662, 0.0, -0.0, -1.0, 12.898828, 0.0, 1.0, -0.0, 5.460393, 0.0, 0.0, 0.0, 1.0],
                [1.0, -0.0, 0.0, -0.11317, 0.0, -0.0, -1.0, 12.967719, 0.0, 1.0, -0.0, 5.399223, 0.0, 0.0, 0.0, 1.0],
                [1.0, -0.0, 0.0, -0.115834, 0.0, -0.0, -1.0, 13.084375, 0.0, 1.0, -0.0, 5.274829, 0.0, 0.0, 0.0, 1.0],
                [1.0, -0.0, 0.0, -0.116312, 0.0, -0.0, -1.0, 13.353732, 0.0, 1.0, -0.0, 5.191699, 0.0, 0.0, 0.0, 1.0],
                [1.0, -0.0, 0.0, -0.116317, 0.0, -0.0, -1.0, 13.53438, 0.0, 1.0, -0.0, 5.170925, 0.0, 0.0, 0.0, 1.0],
                [1.0, -0.0, 0.0, -0.116328, 0.0, -0.0, -1.0, 13.747469, 0.0, 1.0, -0.0, 5.248755, 0.0, 0.0, 0.0, 1.0],
                [1.0, -0.0, 0.0, -0.116343, 0.0, -0.0, -1.0, 13.851894, 0.0, 1.0, -0.0, 5.019585, 0.0, 0.0, 0.0, 1.0],
                [1.0, -0.0, 0.0, -0.116352, 0.0, -0.0, -1.0, 14.046573, 0.0, 1.0, -0.0, 4.940569, 0.0, 0.0, 0.0, 1.0],
                [1.0, -0.0, 0.0, -0.116364, 0.0, -0.0, -1.0, 14.517956, 0.0, 1.0, -0.0, 5.055973, 0.0, 0.0, 0.0, 1.0],
                [1.0, -0.0, 0.0, -0.116399, 0.0, -0.0, -1.0, 14.954892, 0.0, 1.0, -0.0, 4.981608, 0.0, 0.0, 0.0, 1.0],
                [1.0, -0.0, 0.0, -0.116419, 0.0, -0.0, -1.0, 15.090048, 0.0, 1.0, -0.0, 4.895168, 0.0, 0.0, 0.0, 1.0],
                [1.0, -0.0, 0.0, -0.116434, 0.0, -0.0, -1.0, 15.183652, 0.0, 1.0, -0.0, 4.460305, 0.0, 0.0, 0.0, 1.0],
                [1.0, -0.0, 0.0, -0.11646, 0.0, -0.0, -1.0, 15.305105, 0.0, 1.0, -0.0, 4.189545, 0.0, 0.0, 0.0, 1.0],
                [1.0, -0.0, 0.0, -0.11648, 0.0, -0.0, -1.0, 15.307686, 0.0, 1.0, -0.0, 4.118248, 0.0, 0.0, 0.0, 1.0],
                [1.0, -0.0, 0.0, -0.116486, 0.0, -0.0, -1.0, 15.222007, 0.0, 1.0, -0.0, 4.096196, 0.0, 0.0, 0.0, 1.0],
                [1.0, -0.0, 0.0, -0.116497, 0.0, -0.0, -1.0, 14.978462, 0.0, 1.0, -0.0, 3.902331, 0.0, 0.0, 0.0, 1.0],
                [1.0, -0.0, 0.0, -0.117608, 0.0, -0.0, -1.0, 14.353466, 0.0, 1.0, -0.0, 4.082505, 0.0, 0.0, 0.0, 1.0],
                [1.0, -0.0, 0.0, -0.105318, 0.0, -0.0, -1.0, 13.809341, 0.0, 1.0, -0.0, 3.122011, 0.0, 0.0, 0.0, 1.0],
                [1.0, -0.0, 0.0, -0.089525, 0.0, -0.0, -1.0, 13.340522, 0.0, 1.0, -0.0, 1.652818, 0.0, 0.0, 0.0, 1.0],
                [1.0, -0.0, 0.0, -0.094742, 0.0, -0.0, -1.0, 13.311712, 0.0, 1.0, -0.0, 0.310566, 0.0, 0.0, 0.0, 1.0],
                [1.0, -0.0, 0.0, -0.113665, 0.0, -0.0, -1.0, 13.332869, 0.0, 1.0, -0.0, 0.230052, 0.0, 0.0, 0.0, 1.0],
                [1.0, -0.0, 0.0, -0.09106, 0.0, -0.0, -1.0, 13.327448, 0.0, 1.0, -0.0, 0.310566, 0.0, 0.0, 0.0, 1.0],
                [1.0, -0.0, 0.0, -0.104555, 0.0, -0.0, -1.0, 13.31951, 0.0, 1.0, -0.0, 0.262258, 0.0, 0.0, 0.0, 1.0],
                [1.0, -0.0, 0.0, 0.006483, 0.0, -0.0, -1.0, 13.30828, 0.0, 1.0, -0.0, 0.407183, 0.0, 0.0, 0.0, 1.0],
                [1.0, -0.0, 0.0, 0.249706, 0.0, -0.0, -1.0, 13.250233, 0.0, 1.0, -0.0, 0.487697, 0.0, 0.0, 0.0, 1.0],
                [1.0, -0.0, 0.0, 0.274778, 0.0, -0.0, -1.0, 13.222292, 0.0, 1.0, -0.0, 0.455491, 0.0, 0.0, 0.0, 1.0],
                [1.0, -0.0, 0.0, 0.283355, 0.0, -0.0, -1.0, 13.224296, 0.0, 1.0, -0.0, 0.584314, 0.0, 0.0, 0.0, 1.0],
                [1.0, -0.0, 0.0, 0.283355, 0.0, -0.0, -1.0, 13.224296, 0.0, 1.0, -0.0, 0.471594, 0.0, 0.0, 0.0, 1.0]
            ]
        },
        {
            "name": "Thigh_R",
            "time": [0.0, 0.0333, 0.0667, 0.1, 0.1333, 0.1667, 0.2, 0.2333, 0.2667, 0.3, 0.3333, 0.3667, 0.4, 0.4333, 0.4667, 0.5, 0.5333, 0.5667, 0.6, 0.6333, 0.6667, 1.1, 1.1667, 1.2, 1.3333, 1.4667, 1.5667, 1.6, 1.9, 2.1667, 2.3333, 2.4333, 2.5333, 2.6333, 2.6667, 2.7, 2.7667, 2.8, 2.8667, 2.9667, 3.0333, 3.1, 3.3333, 3.4667, 3.5667, 3.7333, 3.8667, 3.9, 3.9667, 4.3, 4.5667, 4.7667, 4.8667, 5.1, 5.4333, 5.9333, 6.6333, 7.3, 7.5667, 8.0, 8.0333],
            "transform": [
                [0.926714, 0.202365, 0.316619, 0.124994, 0.204052, -0.978554, 0.028196, -0.002831, 0.315535, 0.038477, -0.948134, -1.2e-05, 0.0, 0.0, 0.0, 1.0],
                [0.915209, 0.2408, 0.323123, 0.124994, 0.225678, -0.970566, 0.084086, -0.002831, 0.33386, -0.004035, -0.942614, -1.2e-05, 0.0, 0.0, 0.0, 1.0],
                [0.905682, 0.275822, 0.321966, 0.124994, 0.246473, -0.960461, 0.129485, -0.002831, 0.344951, -0.037917, -0.937855, -1.2e-05, 0.0, 0.0, 0.0, 1.0],
                [0.89678, 0.300078, 0.325175, 0.124994, 0.26064, -0.952115, 0.159825, -0.002831, 0.357564, -0.058574, -0.93205, -1.2e-05, 0.0, 0.0, 0.0, 1.0],
                [0.870879, 0.340722, 0.354228, 0.124994, 0.281195, -0.936509, 0.209475, -0.002831, 0.40311, -0.082821, -0.911396, -1.2e-05, 0.0, 0.0, 0.0, 1.0],
                [0.822395, 0.38605, 0.417889, 0.124994, 0.296176, -0.917668, 0.264885, -0.002831, 0.485743, -0.094072, -0.869025, -1.2e-05, 0.0, 0.0, 0.0, 1.0],
                [0.775896, 0.422824, 0.468194, 0.124994, 0.3046, -0.900999, 0.308901, -0.002831, 0.552452, -0.097063, -0.827874, -1.2e-05, 0.0, 0.0, 0.0, 1.0],
                [0.707568, 0.465779, 0.53141, 0.124994, 0.302163, -0.879229, 0.368312, -0.002831, 0.638783, -0.100033, -0.762856, -1.2e-05, 0.0, 0.0, 0.0, 1.0],
                [0.637706, 0.505457, 0.581243, 0.124994, 0.295882, -0.857438, 0.421015, -0.002831, 0.711185, -0.096504, -0.69635, -1.2e-05, 0.0, 0.0, 0.0, 1.0],
                [0.539666, 0.539475, 0.646319, 0.124994, 0.26597, -0.837642, 0.47709, -0.002831, 0.798762, -0.085568, -0.595531, -1.2e-05, 0.0, 0.0, 0.0, 1.0],
                [0.429609, 0.566017, 0.703606, 0.124994, 0.222995, -0.82154, 0.524733, -0.002831, 0.875048, -0.068529, -0.47916, -1.2e-05, 0.0, 0.0, 0.0, 1.0],
                [0.366985, 0.575822, 0.730583, 0.124994, 0.192173, -0.81537, 0.546115, -0.002831, 0.91016, -0.060017, -0.409886, -1.2e-05, 0.0, 0.0, 0.0, 1.0],
                [0.316265, 0.581899, 0.749247, 0.124994, 0.16817, -0.811666, 0.55939, -0.002831, 0.933646, -0.050915, -0.35456, -1.2e-05, 0.0, 0.0, 0.0, 1.0],
                [0.381108, 0.563166, 0.733212, 0.124994, 0.188725, -0.823754, 0.534614, -0.002831, 0.905063, -0.06537, -0.420223, -1.2e-05, 0.0, 0.0, 0.0, 1.0],
                [0.524836, 0.521674, 0.67261, 0.124994, 0.238233, -0.848632, 0.472302, -0.002831, 0.817185, -0.087643, -0.569673, -1.2e-05, 0.0, 0.0, 0.0, 1.0],
                [0.700214, 0.453829, 0.551125, 0.124994, 0.294716, -0.886856, 0.355848, -0.002831, 0.650263, -0.086745, -0.75474, -1.2e-05, 0.0, 0.0, 0.0, 1.0],
                [0.750052, 0.411324, 0.517914, 0.124994, 0.309466, -0.910336, 0.274807, -0.002831, 0.58451, -0.045843, -0.81009, -1.2e-05, 0.0, 0.0, 0.0, 1.0],
                [0.720353, 0.375684, 0.583054, 0.124994, 0.300244, -0.926668, 0.226141, -0.002831, 0.625255, 0.012158, -0.780325, -1.2e-05, 0.0, 0.0, 0.0, 1.0],
                [0.676934, 0.343718, 0.650859, 0.124994, 0.298705, -0.936465, 0.183873, -0.002831, 0.672706, 0.069945, -0.736596, -1.2e-05, 0.0, 0.0, 0.0, 1.0],
                [0.653466, 0.328527, 0.681947, 0.124994, 0.305733, -0.938704, 0.159255, -0.002831, 0.692466, 0.104427, -0.713853, -1.2e-05, 0.0, 0.0, 0.0, 1.0],
                [0.61333, 0.310311, 0.726315, 0.124994, 0.321254, -0.938095, 0.129511, -0.002831, 0.721541, 0.153899, -0.675051, -1.2e-05, 0.0, 0.0, 0.0, 1.0],
                [0.176803, 0.513742, 0.83953, 0.124994, 0.436751, -0.805341, 0.400842, -0.002831, 0.882037, 0.295795, -0.366764, -1.2e-05, 0.0, 0.0, 0.0, 1.0],
                [0.196439, 0.55948, 0.805229, 0.124994, 0.460742, -0.777586, 0.427873, -0.002831, 0.865522, 0.286952, -0.410525, -1.2e-05, 0.0, 0.0, 0.0, 1.0],
                [0.191705, 0.556723, 0.808275, 0.124994, 0.464608, -0.776905, 0.424921, -0.002831, 0.864516, 0.294071, -0.407595, -1.2e-05, 0.0, 0.0, 0.0, 1.0],
                [0.173341, 0.521391, 0.835527, 0.124994, 0.457081, -0.794058, 0.400685, -0.002831, 0.87237, 0.312448, -0.375961, -1.2e-05, 0.0, 0.0, 0.0, 1.0],
                [0.177403, 0.56202, 0.807875, 0.124994, 0.453421, -0.775255, 0.439759, -0.002831, 0.873463, 0.288293, -0.392365, -1.2e-05, 0.0, 0.0, 0.0, 1.0],
                [0.295211, 0.758227, 0.581328, 0.124994, 0.476447, -0.644222, 0.59831, -0.002831, 0.828159, 0.100344, -0.551437, -1.2e-05, 0.0, 0.0, 0.0, 1.0],
                [0.385492, 0.28212, 0.878524, 0.124994, 0.67334, -0.736992, -0.058788, -0.002831, 0.63088, 0.614208, -0.474067, -1.2e-05, 0.0, 0.0, 0.0, 1.0],
                [0.898663, 0.325808, 0.293688, 0.124994, 0.329183, -0.943446, 0.039351, -0.002831, 0.2899, 0.061314, -0.955091, -1.2e-05, 0.0, 0.0, 0.0, 1.0],
                [0.626053, 0.721108, 0.296751, 0.124994, 0.446847, -0.643637, 0.621336, -0.00283, 0.639051, -0.256387, -0.725176, -1.2e-05, 0.0, 0.0, 0.0, 1.0],
                [-0.037889, 0.517283, 0.854975, 0.124994, 0.834255, -0.454602, 0.312018, -0.002831, 0.550075, 0.725089, -0.414322, -1.1e-05, 0.0, 0.0, 0.0, 1.0],
                [-0.390702, -0.546707, 0.740584, 0.124993, 0.865495, 0.055808, 0.497798, -0.002831, -0.31348, 0.835462, 0.451368, -1.1e-05, 0.0, 0.0, 0.0, 1.0],
                [-0.0138, -0.995811, -0.090382, 0.124994, 0.323067, -0.089983, 0.942088, -0.00283, -0.946275, -0.016199, 0.322956, -1.3e-05, 0.0, 0.0, 0.0, 1.0],
                [0.196007, -0.951178, -0.238417, 0.124993, -0.537056, -0.307554, 0.785482, -0.00283, -0.820459, -0.025917, -0.571118, -1.2e-05, 0.0, 0.0, 0.0, 1.0],
                [0.180368, -0.966081, -0.184812, 0.124994, -0.711719, -0.257877, 0.653417, -0.00283, -0.678913, 0.013679, -0.734092, -1.3e-05, 0.0, 0.0, 0.0, 1.0],
                [0.154075, -0.985893, -0.065388, 0.124994, -0.930235, -0.167048, 0.326737, -0.002831, -0.33305, 0.010484, -0.942851, -1.2e-05, 0.0, 0.0, 0.0, 1.0],
                [0.057052, -0.977595, 0.202617, 0.124994, -0.721713, -0.180613, -0.668213, -0.002829, 0.689837, -0.108109, -0.715847, -1.2e-05, 0.0, 0.0, 0.0, 1.0],
                [-0.079296, -0.941724, 0.326906, 0.124994, 0.087595, -0.333252, -0.93876, -0.002831, 0.992995, -0.045804, 0.108916, -1.1e-05, 0.0, 0.0, 0.0, 1.0],
                [-0.308382, -0.85568, 0.415587, 0.124994, 0.948956, -0.246318, 0.197001, -0.002831, -0.066204, 0.455125, 0.887963, -1.3e-05, 0.0, 0.0, 0.0, 1.0],
                [-0.323604, -0.807557, 0.493084, 0.124995, -0.239129, 0.574008, 0.783155, -0.00283, -0.915476, 0.135522, -0.378862, -1.2e-05, 0.0, 0.0, 0.0, 1.0],
                [-0.101397, -0.756574, 0.645999, 0.124994, -0.978649, 0.192551, 0.0719, -0.002831, -0.178785, -0.624916, -0.759945, -1.3e-05, 0.0, 0.0, 0.0, 1.0],
                [0.15338, -0.601724, 0.783839, 0.124994, -0.09758, -0.79857, -0.593939, -0.002831, 0.983338, 0.014611, -0.181201, -1.2e-05, 0.0, 0.0, 0.0, 1.0],
                [-0.051948, -0.677682, 0.733518, 0.124994, 0.977878, 0.114511, 0.175048, -0.00283, -0.202623, 0.726385, 0.656741, -1.2e-05, 0.0, 0.0, 0.0, 1.0],
                [0.044752, -0.701499, 0.711264, 0.124993, 0.616142, 0.579815, 0.533088, -0.002831, -0.786362, 0.414383, 0.458171, -1.2e-05, 0.0, 0.0, 0.0, 1.0],
                [0.257479, -0.686864, 0.679649, 0.124994, 0.211222, 0.726361, 0.654053, -0.002831, -0.942915, -0.024848, 0.332104, -1.1e-05, 0.0, 0.0, 0.0, 1.0],
                [0.742844, -0.442604, 0.502279, 0.124994, -0.162386, 0.608738, 0.776575, -0.002831, -0.649472, -0.658438, 0.380325, -1.2e-05, 0.0, 0.0, 0.0, 1.0],
                [0.991292, 0.107544, 0.07598, 0.124994, -0.108646, 0.342001, 0.933398, -0.002831, 0.074396, -0.933525, 0.350708, -1.1e-05, 0.0, 0.0, 0.0, 1.0],
                [0.87617, 0.465167, -0.12628, 0.124994, 0.075663, 0.126009, 0.98914, -0.002831, 0.476027, -0.876208, 0.07521, -1.4e-05, 0.0, 0.0, 0.0, 1.0],
                [0.350141, 0.935125, -0.054238, 0.124994, 0.584705, -0.172961, 0.792594, -0.00283, 0.731794, -0.309233, -0.607333, -1.3e-05, 0.0, 0.0, 0.0, 1.0],
                [0.449676, 0.892115, -0.043851, 0.124994, 0.582887, -0.255899, 0.771206, -0.002831, 0.676783, -0.372352, -0.635074, -1.2e-05, 0.0, 0.0, 0.0, 1.0],
                [0.686376, 0.719083, -0.108663, 0.124994, 0.561586, -0.42914, 0.707432, -0.002831, 0.462071, -0.546587, -0.698379, -1.2e-05, 0.0, 0.0, 0.0, 1.0],
                [0.356118, 0.925966, 0.125563, 0.124995, 0.334801, -0.251887, 0.907999, -0.002829, 0.872404, -0.281316, -0.399716, -1.1e-05, 0.0, 0.0, 0.0, 1.0],
                [0.277005, 0.959747, 0.046398, 0.124994, 0.26013, -0.121389, 0.957913, -0.00283, 0.924986, -0.253277, -0.283285, -1.1e-05, 0.0, 0.0, 0.0, 1.0],
                [0.019543, 0.982886, -0.183175, 0.124994, 0.289152, 0.169824, 0.9421, -0.002831, 0.957084, -0.071377, -0.280884, -1.1e-05, 0.0, 0.0, 0.0, 1.0],
                [0.088282, 0.993356, 0.073823, 0.124994, 0.285784, -0.096255, 0.953448, -0.002831, 0.954219, -0.063075, -0.292383, -1.1e-05, 0.0, 0.0, 0.0, 1.0],
                [0.079784, 0.995612, -0.048898, 0.124994, 0.320297, 0.020848, 0.947088, -0.002831, 0.943952, -0.091224, -0.317228, -1.3e-05, 0.0, 0.0, 0.0, 1.0],
                [-0.064376, 0.954637, 0.29073, 0.124994, 0.076037, -0.285794, 0.95527, -0.002831, 0.995025, 0.083602, -0.05419, -1.1e-05, 0.0, 0.0, 0.0, 1.0],
                [0.295704, 0.570237, 0.766413, 0.124994, -0.020991, -0.798219, 0.602001, -0.002831, 0.955049, -0.194102, -0.224067, -1e-05, 0.0, 0.0, 0.0, 1.0],
                [0.225254, 0.584496, 0.779503, 0.124994, -0.066246, -0.789025, 0.610779, -0.002831, 0.972045, -0.18922, -0.13901, -1e-05, 0.0, 0.0, 0.0, 1.0],
                [0.160733, 0.6035, 0.780995, 0.124994, -0.127991, -0.771857, 0.622779, -0.002831, 0.978664, -0.200062, -0.046821, -1.1e-05, 0.0, 0.0, 0.0, 1.0],
                [0.160733, 0.6035, 0.780995, 0.124994, -0.127991, -0.771857, 0.622779, -0.00283, 0.978664, -0.200062, -0.046821, -1.1e-05, 0.0, 0.0, 0.0, 1.0]
            ]
        },
        {
            "name": "Leg_R",
            "time": [0.0, 0.0333, 0.0667, 0.1, 0.1333, 0.1667, 0.2, 0.2333, 0.2667, 0.3, 0.3333, 0.3667, 0.4, 0.4333, 0.4667, 0.5, 0.5333, 0.5667, 0.6, 0.6333, 0.6667, 1.1, 1.1667, 1.2, 1.3333, 1.4667, 1.5667, 1.6, 1.9, 2.1667, 2.3333, 2.4333, 2.5333, 2.6333, 2.6667, 2.7, 2.7667, 2.8, 2.8667, 2.9667, 3.0333, 3.1, 3.3333, 3.4667, 3.5667, 3.7333, 3.8667, 3.9, 3.9667, 4.3, 4.5667, 4.7667, 4.8667, 5.1, 5.4333, 5.9333, 6.6333, 7.3, 7.5667, 8.0, 8.0333],
            "transform": [
                [1.0, -3e-06, 2e-06, 0.0, 2e-06, 0.979506, 0.201419, 0.37472, -3e-06, -0.201419, 0.979505, 0.0, 0.0, 0.0, 0.0, 1.0],
                [1.0, -3e-06, 2e-06, -0.0, 2e-06, 0.965578, 0.260114, 0.37472, -3e-06, -0.260114, 0.965577, -0.0, 0.0, 0.0, 0.0, 1.0],
                [1.0, -3e-06, 2e-06, -0.0, 2e-06, 0.953712, 0.300721, 0.37472, -3e-06, -0.300722, 0.953712, 0.0, 0.0, 0.0, 0.0, 1.0],
                [1.0, -3e-06, 2e-06, -0.0, 2e-06, 0.94615, 0.323728, 0.37472, -3e-06, -0.323728, 0.94615, 0.0, 0.0, 0.0, 0.0, 1.0],
                [1.0, -3e-06, 2e-06, 0.0, 2e-06, 0.937358, 0.348368, 0.37472, -3e-06, -0.348369, 0.937357, -0.0, 0.0, 0.0, 0.0, 1.0],
                [1.0, -3e-06, 2e-06, -0.0, 2e-06, 0.935114, 0.354348, 0.37472, -3e-06, -0.354347, 0.935114, -0.0, 0.0, 0.0, 0.0, 1.0],
                [1.0, -3e-06, 2e-06, -0.0, 2e-06, 0.933919, 0.357486, 0.37472, -3e-06, -0.357486, 0.933918, -0.0, 0.0, 0.0, 0.0, 1.0],
                [1.0, -3e-06, 2e-06, 0.0, 2e-06, 0.934084, 0.357053, 0.37472, -3e-06, -0.357053, 0.934084, 0.0, 0.0, 0.0, 0.0, 1.0],
                [1.0, -3e-06, 1e-06, 0.0, 2e-06, 0.928635, 0.370994, 0.37472, -3e-06, -0.370994, 0.928635, -0.0, 0.0, 0.0, 0.0, 1.0],
                [1.0, -3e-06, 1e-06, 0.0, 2e-06, 0.919433, 0.393246, 0.37472, -3e-06, -0.393246, 0.919434, -0.0, 0.0, 0.0, 0.0, 1.0],
                [1.0, -3e-06, 2e-06, 0.0, 2e-06, 0.910303, 0.413944, 0.37472, -3e-06, -0.413945, 0.910302, -0.0, 0.0, 0.0, 0.0, 1.0],
                [1.0, -3e-06, 1e-06, -0.0, 2e-06, 0.905042, 0.425322, 0.37472, -3e-06, -0.425322, 0.905042, -0.0, 0.0, 0.0, 0.0, 1.0],
                [1.0, -3e-06, 1e-06, 0.0, 2e-06, 0.899813, 0.436276, 0.37472, -3e-06, -0.436276, 0.899813, 0.0, 0.0, 0.0, 0.0, 1.0],
                [1.0, -3e-06, 1e-06, 0.0, 2e-06, 0.901535, 0.432707, 0.37472, -3e-06, -0.432707, 0.901535, -0.0, 0.0, 0.0, 0.0, 1.0],
                [1.0, -3e-06, 1e-06, 0.0, 2e-06, 0.909519, 0.415663, 0.37472, -3e-06, -0.415663, 0.909519, -0.0, 0.0, 0.0, 0.0, 1.0],
                [1.0, -3e-06, 2e-06, -0.0, 2e-06, 0.9197, 0.392621, 0.37472, -3e-06, -0.392621, 0.9197, -0.0, 0.0, 0.0, 0.0, 1.0],
                [1.0, -3e-06, 2e-06, -0.0, 2e-06, 0.92068, 0.390319, 0.37472, -3e-06, -0.390319, 0.92068, 0.0, 0.0, 0.0, 0.0, 1.0],
                [1.0, -3e-06, 2e-06, 0.0, 2e-06, 0.91407, 0.405557, 0.37472, -3e-06, -0.405557, 0.91407, 0.0, 0.0, 0.0, 0.0, 1.0],
                [1.0, -3e-06, 2e-06, 0.0, 2e-06, 0.904857, 0.425716, 0.37472, -3e-06, -0.425716, 0.904857, 0.0, 0.0, 0.0, 0.0, 1.0],
                [1.0, -3e-06, 1e-06, -0.0, 2e-06, 0.894912, 0.446243, 0.37472, -3e-06, -0.446243, 0.894912, 0.0, 0.0, 0.0, 0.0, 1.0],
                [1.0, -3e-06, 1e-06, 0.0, 2e-06, 0.87584, 0.482602, 0.37472, -3e-06, -0.482602, 0.87584, 0.0, 0.0, 0.0, 0.0, 1.0],
                [1.0, -3e-06, -1e-06, 0.0, 2e-06, 0.450072, 0.892992, 0.37472, -3e-06, -0.892992, 0.450072, -0.0, 0.0, 0.0, 0.0, 1.0],
                [1.0, -3e-06, -1e-06, 0.0, 2e-06, 0.365442, 0.930834, 0.37472, -3e-06, -0.930834, 0.365443, -0.0, 0.0, 0.0, 0.0, 1.0],
                [1.0, -3e-06, -1e-06, 0.0, 2e-06, 0.378252, 0.925703, 0.37472, -3e-06, -0.925703, 0.378253, -0.0, 0.0, 0.0, 0.0, 1.0],
                [1.0, -3e-06, -1e-06, -0.0, 2e-06, 0.474267, 0.880381, 0.37472, -3e-06, -0.880381, 0.474267, -0.0, 0.0, 0.0, 0.0, 1.0],
                [1.0, -3e-06, -1e-06, -0.0, 2e-06, 0.42552, 0.904949, 0.37472, -3e-06, -0.904949, 0.42552, 0.0, 0.0, 0.0, 0.0, 1.0],
                [1.0, -3e-06, -2e-06, 0.0, 2e-06, -0.046956, 0.998897, 0.37472, -3e-06, -0.998897, -0.046956, -0.0, 0.0, 0.0, 0.0, 1.0],
                [1.0, -4e-06, 1e-06, 0.0, 2e-06, 0.838434, 0.545003, 0.37472, -3e-06, -0.545003, 0.838434, 0.0, 0.0, 0.0, 0.0, 1.0],
                [1.0, -2e-06, -3e-06, -0.0, 2e-06, -0.131269, 0.991347, 0.37472, -3e-06, -0.991346, -0.131269, -0.0, 0.0, 0.0, 0.0, 1.0],
                [1.0, -1e-06, -3e-06, 1e-06, 2e-06, -0.461719, 0.887026, 0.37472, -3e-06, -0.887026, -0.46172, 1e-06, 0.0, 0.0, 0.0, 1.0],
                [1.0, -2e-06, -3e-06, -0.0, 2e-06, -0.244301, 0.9697, 0.374721, -3e-06, -0.969699, -0.244301, 0.0, 0.0, 0.0, 0.0, 1.0],
                [1.0, -3e-06, -2e-06, -0.0, 2e-06, 0.171471, 0.985189, 0.37472, -2e-06, -0.985189, 0.171471, 0.0, 0.0, 0.0, 0.0, 1.0],
                [1.0, -3e-06, -1e-06, 0.0, 2e-06, 0.537889, 0.843016, 0.37472, -3e-06, -0.843016, 0.537889, 0.0, 0.0, 0.0, 0.0, 1.0],
                [1.0, -4e-06, 1e-06, -0.0, 2e-06, 0.768842, 0.639439, 0.37472, -3e-06, -0.639439, 0.768842, 2e-06, 0.0, 0.0, 0.0, 1.0],
                [1.0, -3e-06, 1e-06, -1e-06, 2e-06, 0.801713, 0.597709, 0.37472, -3e-06, -0.597709, 0.801713, -2e-06, 0.0, 0.0, 0.0, 1.0],
                [1.0, -3e-06, 1e-06, 0.0, 2e-06, 0.832538, 0.553969, 0.37472, -3e-06, -0.553969, 0.832537, 1e-06, 0.0, 0.0, 0.0, 1.0],
                [1.0, -3e-06, 1e-06, -0.0, 2e-06, 0.834934, 0.55035, 0.37472, -3e-06, -0.55035, 0.834934, -1e-06, 0.0, 0.0, 0.0, 1.0],
                [1.0, -3e-06, 1e-06, 1e-06, 2e-06, 0.797451, 0.603384, 0.37472, -3e-06, -0.603384, 0.797451, 0.0, 0.0, 0.0, 0.0, 1.0],
                [1.0, -4e-06, -0.0, -0.0, 2e-06, 0.637499, 0.770451, 0.374721, -3e-06, -0.770451, 0.637499, 1e-06, 0.0, 0.0, 0.0, 1.0],
                [1.0, -3e-06, -1e-06, -0.0, 2e-06, 0.257258, 0.966343, 0.37472, -3e-06, -0.966342, 0.257258, 0.0, 0.0, 0.0, 0.0, 1.0],
                [1.0, -2e-06, -3e-06, -0.0, 2e-06, -0.054706, 0.998502, 0.37472, -3e-06, -0.998502, -0.054706, 0.0, 0.0, 0.0, 0.0, 1.0],
                [1.0, -1e-06, -3e-06, 0.0, 2e-06, -0.557544, 0.830147, 0.374719, -2e-06, -0.830147, -0.557544, -0.0, 0.0, 0.0, 0.0, 1.0],
                [1.0, -1e-06, -3e-06, 0.0, 2e-06, -0.411914, 0.911223, 0.37472, -3e-06, -0.911223, -0.411914, -0.0, 0.0, 0.0, 0.0, 1.0],
                [1.0, -2e-06, -3e-06, 1e-06, 2e-06, -0.232626, 0.972567, 0.37472, -3e-06, -0.972566, -0.232626, 0.0, 0.0, 0.0, 0.0, 1.0],
                [1.0, -2e-06, -3e-06, -1e-06, 3e-06, -0.332079, 0.943252, 0.37472, -3e-06, -0.943251, -0.33208, 0.0, 0.0, 0.0, 0.0, 1.0],
                [1.0, 1e-06, -2e-06, 1e-06, 2e-06, -0.895401, 0.445262, 0.37472, -2e-06, -0.445262, -0.8954, 0.0, 0.0, 0.0, 0.0, 1.0],
                [1.0, 1e-06, -3e-06, -0.0, 2e-06, -0.85068, 0.525683, 0.374719, -2e-06, -0.525682, -0.850681, 0.0, 0.0, 0.0, 0.0, 1.0],
                [1.0, -2e-06, -2e-06, -1e-06, 2e-06, -0.234537, 0.972108, 0.374721, -2e-06, -0.972107, -0.234537, -0.0, 0.0, 0.0, 0.0, 1.0],
                [1.0, -3e-06, 4e-06, 1e-06, 2e-06, 0.996902, 0.078655, 0.374721, -4e-06, -0.078655, 0.996902, -0.0, 0.0, 0.0, 0.0, 1.0],
                [1.0, -4e-06, 1e-06, -0.0, 2e-06, 0.783021, 0.621995, 0.37472, -3e-06, -0.621995, 0.783021, 2e-06, 0.0, 0.0, 0.0, 1.0],
                [1.0, -3e-06, -1e-06, -1e-06, 2e-06, 0.108794, 0.994064, 0.374721, -3e-06, -0.994064, 0.108794, 2e-06, 0.0, 0.0, 0.0, 1.0],
                [1.0, -2e-06, -2e-06, -1e-06, 2e-06, -0.048747, 0.998812, 0.37472, -3e-06, -0.99881, -0.048747, 0.0, 0.0, 0.0, 0.0, 1.0],
                [1.0, -2e-06, -2e-06, -1e-06, 2e-06, -0.156939, 0.987609, 0.37472, -2e-06, -0.987608, -0.156939, -1e-06, 0.0, 0.0, 0.0, 1.0],
                [1.0, -2e-06, -2e-06, -1e-06, 2e-06, -0.318412, 0.947953, 0.37472, -2e-06, -0.947952, -0.318412, 0.0, 0.0, 0.0, 0.0, 1.0],
                [1.0, -2e-06, -2e-06, 1e-06, 2e-06, -0.131768, 0.991281, 0.37472, -2e-06, -0.99128, -0.131768, -0.0, 0.0, 0.0, 0.0, 1.0],
                [1.0, -2e-06, -2e-06, 1e-06, 2e-06, -0.242276, 0.970208, 0.37472, -2e-06, -0.970207, -0.242276, -1e-06, 0.0, 0.0, 0.0, 1.0],
                [1.0, -3e-06, -2e-06, 0.0, 2e-06, 0.013293, 0.999913, 0.37472, -3e-06, -0.999911, 0.013293, -0.0, 0.0, 0.0, 0.0, 1.0],
                [1.0, -3e-06, -1e-06, -0.0, 2e-06, 0.319314, 0.947649, 0.37472, -3e-06, -0.947648, 0.319315, 0.0, 0.0, 0.0, 0.0, 1.0],
                [1.0, -3e-06, -2e-06, 0.0, 2e-06, 0.187792, 0.982209, 0.37472, -3e-06, -0.982209, 0.187792, 0.0, 0.0, 0.0, 0.0, 1.0],
                [1.0, -3e-06, -2e-06, 0.0, 2e-06, 0.101605, 0.994825, 0.37472, -3e-06, -0.994825, 0.101605, 0.0, 0.0, 0.0, 0.0, 1.0],
                [1.0, -3e-06, -2e-06, 0.0, 2e-06, 0.101605, 0.994825, 0.37472, -3e-06, -0.994825, 0.101605, 0.0, 0.0, 0.0, 0.0, 1.0]
            ]
        },
        {
            "name": "Knee_R",
            "time": [1.1, 1.1667, 1.2, 1.3333, 1.4667, 1.5667, 1.6, 1.9, 2.1667, 2.3333, 2.4333, 2.5333, 2.6333, 2.6667, 2.7, 2.7667, 2.8, 2.8667, 2.9667, 3.0333, 3.1, 3.3333, 3.4667, 3.5667, 3.7333, 3.8667, 3.9, 3.9667, 4.3, 4.5667, 4.7667, 4.8667, 5.1, 5.4333, 5.9333, 6.6333, 7.3, 7.5667, 8.0333, 0.0],
            "transform": [
                [1.0, 0.0, -0.0, 0.0, -0.0, 0.0, -1.0, 0.37472, -0.0, 1.0, 0.0, 0.0, 0.0, 0.0, 0.0, 1.0],
                [1.0, 0.0, -0.0, 0.0, -0.0, 0.0, -1.0, 0.37472, -0.0, 1.0, 0.0, -0.0, 0.0, 0.0, 0.0, 1.0],
                [1.0, 0.0, -0.0, 0.0, -0.0, 0.0, -1.0, 0.37472, -0.0, 1.0, 0.0, -0.0, 0.0, 0.0, 0.0, 1.0],
                [1.0, 0.0, -1e-06, 0.0, -0.0, 0.0, -1.0, 0.37472, -0.0, 1.0, 0.0, -0.0, 0.0, 0.0, 0.0, 1.0],
                [1.0, 0.0, -0.0, -0.0, -1e-06, 0.0, -1.0, 0.37472, -0.0, 1.0, 0.0, -0.0, 0.0, 0.0, 0.0, 1.0],
                [1.0, 0.0, -0.0, -0.0, -0.0, 0.0, -1.0, 0.37472, -0.0, 1.0, 0.0, 0.0, 0.0, 0.0, 0.0, 1.0],
                [1.0, 0.0, -0.0, 0.0, -0.0, 0.0, -1.0, 0.37472, -0.0, 1.0, 0.0, -0.0, 0.0, 0.0, 0.0, 1.0],
                [1.0, 0.0, -0.0, 0.0, -0.0, 0.0, -1.0, 0.37472, -0.0, 1.0, 0.0, 0.0, 0.0, 0.0, 0.0, 1.0],
                [1.0, 0.0, -0.0, -0.0, -1e-06, 0.0, -1.0, 0.37472, -0.0, 1.0, 0.0, -0.0, 0.0, 0.0, 0.0, 1.0],
                [1.0, 0.0, -0.0, 1e-06, -1e-06, 0.0, -1.0, 0.37472, -0.0, 1.0, 0.0, 1e-06, 0.0, 0.0, 0.0, 1.0],
                [1.0, 0.0, -0.0, -0.0, -0.0, 0.0, -1.0, 0.374721, -0.0, 1.0, 0.0, 0.0, 0.0, 0.0, 0.0, 1.0],
                [1.0, 0.0, -0.0, -0.0, -0.0, 0.0, -1.0, 0.37472, -0.0, 1.0, 0.0, 0.0, 0.0, 0.0, 0.0, 1.0],
                [1.0, 0.0, -0.0, 0.0, -0.0, 0.0, -1.0, 0.37472, -0.0, 1.0, 0.0, 0.0, 0.0, 0.0, 0.0, 1.0],
                [1.0, 0.0, -0.0, -0.0, -0.0, 0.0, -1.0, 0.37472, -0.0, 1.0, 0.0, 2e-06, 0.0, 0.0, 0.0, 1.0],
                [1.0, 0.0, -0.0, -1e-06, -0.0, 0.0, -1.0, 0.37472, -0.0, 1.0, 0.0, -2e-06, 0.0, 0.0, 0.0, 1.0],
                [1.0, 0.0, -0.0, 0.0, -0.0, 0.0, -1.0, 0.37472, -0.0, 1.0, 0.0, 1e-06, 0.0, 0.0, 0.0, 1.0],
                [1.0, 0.0, -0.0, -0.0, -0.0, 0.0, -1.0, 0.37472, -0.0, 1.0, 0.0, -1e-06, 0.0, 0.0, 0.0, 1.0],
                [1.0, 0.0, -0.0, 1e-06, -0.0, 0.0, -1.0, 0.37472, -0.0, 1.0, 0.0, 0.0, 0.0, 0.0, 0.0, 1.0],
                [1.0, 0.0, -0.0, -0.0, -1e-06, 0.0, -1.0, 0.374721, -0.0, 1.0, 0.0, 1e-06, 0.0, 0.0, 0.0, 1.0],
                [1.0, 0.0, -1e-06, -0.0, -0.0, 0.0, -1.0, 0.37472, -0.0, 1.0, 0.0, 0.0, 0.0, 0.0, 0.0, 1.0],
                [1.0, 0.0, -0.0, -0.0, -0.0, 0.0, -1.0, 0.37472, -0.0, 1.0, 0.0, 0.0, 0.0, 0.0, 0.0, 1.0],
                [1.0, 0.0, -0.0, 0.0, -0.0, 0.0, -1.0, 0.374719, -0.0, 1.0, 0.0, -0.0, 0.0, 0.0, 0.0, 1.0],
                [1.0, 0.0, -0.0, 0.0, -0.0, 0.0, -1.0, 0.37472, -0.0, 1.0, 0.0, -0.0, 0.0, 0.0, 0.0, 1.0],
                [1.0, 0.0, -0.0, 1e-06, -1e-06, 0.0, -1.0, 0.37472, -0.0, 1.0, 0.0, 0.0, 0.0, 0.0, 0.0, 1.0],
                [1.0, 0.0, -0.0, -1e-06, -0.0, 0.0, -1.0, 0.37472, -0.0, 1.0, 0.0, 0.0, 0.0, 0.0, 0.0, 1.0],
                [1.0, 0.0, -0.0, 1e-06, -0.0, 0.0, -1.0, 0.37472, -0.0, 1.0, 0.0, 0.0, 0.0, 0.0, 0.0, 1.0],
                [1.0, 0.0, -0.0, -0.0, -0.0, 0.0, -1.0, 0.374719, -0.0, 1.0, 0.0, 0.0, 0.0, 0.0, 0.0, 1.0],
                [1.0, 0.0, -0.0, -1e-06, -0.0, 0.0, -1.0, 0.374721, -0.0, 1.0, 0.0, -0.0, 0.0, 0.0, 0.0, 1.0],
                [1.0, 0.0, -0.0, 1e-06, -0.0, 0.0, -1.0, 0.374721, -0.0, 1.0, 0.0, -0.0, 0.0, 0.0, 0.0, 1.0],
                [1.0, 0.0, -0.0, -0.0, -1e-06, 0.0, -1.0, 0.37472, -0.0, 1.0, 0.0, 2e-06, 0.0, 0.0, 0.0, 1.0],
                [1.0, 0.0, -0.0, -1e-06, -0.0, 0.0, -1.0, 0.374721, -0.0, 1.0, 0.0, 2e-06, 0.0, 0.0, 0.0, 1.0],
                [1.0, 0.0, -1e-06, -1e-06, -0.0, 0.0, -1.0, 0.37472, -0.0, 1.0, 0.0, 0.0, 0.0, 0.0, 0.0, 1.0],
                [1.0, 0.0, -0.0, -1e-06, -0.0, 0.0, -1.0, 0.37472, -0.0, 1.0, 0.0, -1e-06, 0.0, 0.0, 0.0, 1.0],
                [1.0, 0.0, -0.0, -1e-06, -0.0, 0.0, -1.0, 0.37472, -0.0, 1.0, 0.0, 0.0, 0.0, 0.0, 0.0, 1.0],
                [1.0, 0.0, -0.0, 1e-06, -0.0, 0.0, -1.0, 0.37472, -0.0, 1.0, 0.0, -0.0, 0.0, 0.0, 0.0, 1.0],
                [1.0, 0.0, -0.0, 1e-06, -0.0, 0.0, -1.0, 0.37472, -0.0, 1.0, 0.0, -1e-06, 0.0, 0.0, 0.0, 1.0],
                [1.0, 0.0, -0.0, 0.0, -0.0, 0.0, -1.0, 0.37472, -0.0, 1.0, 0.0, -0.0, 0.0, 0.0, 0.0, 1.0],
                [1.0, 0.0, -0.0, -0.0, -0.0, 0.0, -1.0, 0.37472, -0.0, 1.0, 0.0, 0.0, 0.0, 0.0, 0.0, 1.0],
                [1.0, 0.0, -0.0, 0.0, -0.0, 0.0, -1.0, 0.37472, -0.0, 1.0, 0.0, 0.0, 0.0, 0.0, 0.0, 1.0],
                [1.0, 0.0, -0.0, 0.0, -0.0, 0.0, -1.0, 0.37472, -0.0, 1.0, 0.0, 0.0, 0.0, 0.0, 0.0, 1.0]
            ]
        },
        {
            "name": "Thigh_L",
            "time": [0.0, 0.0333, 0.0667, 0.1, 0.1333, 0.1667, 0.2, 0.2333, 0.2667, 0.3, 0.3333, 0.3667, 0.4, 0.4333, 0.4667, 0.5, 0.5333, 0.5667, 0.6, 0.6333, 0.6667, 1.1, 1.1667, 1.2, 1.3333, 1.4667, 1.5667, 1.6, 1.9, 2.1667, 2.3333, 2.4333, 2.5333, 2.6333, 2.6667, 2.7, 2.7667, 2.8, 2.8667, 2.9667, 3.0333, 3.1, 3.3333, 3.4667, 3.5667, 3.7333, 3.8667, 3.9, 3.9667, 4.3, 4.5667, 4.7667, 4.8667, 5.1, 5.4333, 5.9333, 6.6333, 7.3, 7.5667, 8.0, 8.0333],
            "transform": [
                [0.962025, -0.199831, -0.18594, -0.125006, -0.14709, -0.953362, 0.263565, -0.002831, -0.229936, -0.226207, -0.946552, -1.2e-05, 0.0, 0.0, 0.0, 1.0],
                [0.984627, -0.173173, -0.022779, -0.125006, -0.158298, -0.939862, 0.302659, -0.002831, -0.073821, -0.2944, -0.952827, -1.2e-05, 0.0, 0.0, 0.0, 1.0],
                [0.981428, -0.130009, 0.141052, -0.125006, -0.172082, -0.92161, 0.347883, -0.002831, 0.084767, -0.365695, -0.926867, -1.2e-05, 0.0, 0.0, 0.0, 1.0],
                [0.96759, -0.090825, 0.235626, -0.125006, -0.176528, -0.910495, 0.373948, -0.002831, 0.180573, -0.403424, -0.897019, -1.2e-05, 0.0, 0.0, 0.0, 1.0],
                [0.941342, -0.031444, 0.335984, -0.125006, -0.17167, -0.901807, 0.396578, -0.002831, 0.290523, -0.430994, -0.854308, -1.2e-05, 0.0, 0.0, 0.0, 1.0],
                [0.917398, 0.026856, 0.397063, -0.125006, -0.149191, -0.901751, 0.405693, -0.002831, 0.368947, -0.431421, -0.823259, -1.2e-05, 0.0, 0.0, 0.0, 1.0],
                [0.903267, 0.065463, 0.424055, -0.125006, -0.125975, -0.904279, 0.407932, -0.002831, 0.410169, -0.421892, -0.808559, -1.2e-05, 0.0, 0.0, 0.0, 1.0],
                [0.878917, 0.112138, 0.463604, -0.125006, -0.099538, -0.907448, 0.408204, -0.002831, 0.466471, -0.404925, -0.78641, -1.2e-05, 0.0, 0.0, 0.0, 1.0],
                [0.84524, 0.150309, 0.512811, -0.125006, -0.084552, -0.909922, 0.406069, -0.002831, 0.527654, -0.386586, -0.756395, -1.2e-05, 0.0, 0.0, 0.0, 1.0],
                [0.800788, 0.185104, 0.569626, -0.125006, -0.073666, -0.913387, 0.400373, -0.002831, 0.594399, -0.362576, -0.717794, -1.2e-05, 0.0, 0.0, 0.0, 1.0],
                [0.75239, 0.21392, 0.623014, -0.125006, -0.065038, -0.917053, 0.393426, -0.002831, 0.655499, -0.33653, -0.676069, -1.2e-05, 0.0, 0.0, 0.0, 1.0],
                [0.722495, 0.228153, 0.652646, -0.125006, -0.060603, -0.919448, 0.388512, -0.002831, 0.688714, -0.320251, -0.650471, -1.2e-05, 0.0, 0.0, 0.0, 1.0],
                [0.690874, 0.239407, 0.682186, -0.125006, -0.05731, -0.922477, 0.381775, -0.002831, 0.720699, -0.302855, -0.623595, -1.2e-05, 0.0, 0.0, 0.0, 1.0],
                [0.686121, 0.238436, 0.687303, -0.125006, -0.054739, -0.925164, 0.375599, -0.002831, 0.725424, -0.295329, -0.621723, -1.2e-05, 0.0, 0.0, 0.0, 1.0],
                [0.707339, 0.223516, 0.670606, -0.125006, -0.058986, -0.926719, 0.371097, -0.002831, 0.704408, -0.302048, -0.64232, -1.2e-05, 0.0, 0.0, 0.0, 1.0],
                [0.741121, 0.198184, 0.641453, -0.125006, -0.067864, -0.92843, 0.365257, -0.002831, 0.667932, -0.314231, -0.67463, -1.2e-05, 0.0, 0.0, 0.0, 1.0],
                [0.755872, 0.182595, 0.628741, -0.125006, -0.076951, -0.92889, 0.362273, -0.002831, 0.65018, -0.322215, -0.688072, -1.2e-05, 0.0, 0.0, 0.0, 1.0],
                [0.759524, 0.17356, 0.626897, -0.125006, -0.088583, -0.927171, 0.364016, -0.002831, 0.644419, -0.332012, -0.688834, -1.2e-05, 0.0, 0.0, 0.0, 1.0],
                [0.763518, 0.166189, 0.624035, -0.125006, -0.103238, -0.922481, 0.371982, -0.002831, 0.637479, -0.34844, -0.687175, -1.2e-05, 0.0, 0.0, 0.0, 1.0],
                [0.76791, 0.162395, 0.61963, -0.125006, -0.115224, -0.916532, 0.383006, -0.002831, 0.630108, -0.36551, -0.685103, -1.2e-05, 0.0, 0.0, 0.0, 1.0],
                [0.776659, 0.1567, 0.610119, -0.125006, -0.135504, -0.90433, 0.404755, -0.002831, 0.615173, -0.39703, -0.681123, -1.2e-05, 0.0, 0.0, 0.0, 1.0],
                [0.719029, 0.226902, 0.656896, -0.125006, -0.440579, -0.582177, 0.683345, -0.002831, 0.537482, -0.780759, -0.318634, -1.2e-05, 0.0, 0.0, 0.0, 1.0],
                [0.698577, 0.267848, 0.663512, -0.125006, -0.465468, -0.53416, 0.705699, -0.002831, 0.543443, -0.801828, -0.248477, -1.2e-05, 0.0, 0.0, 0.0, 1.0],
                [0.690426, 0.273635, 0.669654, -0.125006, -0.470216, -0.533709, 0.702887, -0.002831, 0.549735, -0.800174, -0.239819, -1.2e-05, 0.0, 0.0, 0.0, 1.0],
                [0.670296, 0.273004, 0.690052, -0.125006, -0.48014, -0.549465, 0.683778, -0.002831, 0.565834, -0.789656, -0.237225, -1.2e-05, 0.0, 0.0, 0.0, 1.0],
                [0.73114, 0.304033, 0.610736, -0.125006, -0.412499, -0.516026, 0.750708, -0.002831, 0.543395, -0.8008, -0.251874, -1.2e-05, 0.0, 0.0, 0.0, 1.0],
                [0.986322, 0.157335, 0.049138, -0.125006, 0.017295, -0.39525, 0.918411, -0.002831, 0.16392, -0.904998, -0.392565, -1.2e-05, 0.0, 0.0, 0.0, 1.0],
                [0.995094, 0.01408, -0.097921, -0.125006, 0.049244, -0.928977, 0.366848, -0.002831, -0.085801, -0.369871, -0.925113, -1.2e-05, 0.0, 0.0, 0.0, 1.0],
                [0.76666, -0.600819, -0.226382, -0.125006, 0.030281, -0.318363, 0.947486, -0.002831, -0.641339, -0.733254, -0.225883, -1.2e-05, 0.0, 0.0, 0.0, 1.0],
                [0.840562, -0.161954, -0.51694, -0.125006, 0.373197, -0.518565, 0.769295, -0.002831, -0.392657, -0.83956, -0.375446, -1.2e-05, 0.0, 0.0, 0.0, 1.0],
                [0.920239, 0.364877, 0.141509, -0.125006, 0.264886, -0.846886, 0.461106, -0.002831, 0.288088, -0.386844, -0.87599, -1.2e-05, 0.0, 0.0, 0.0, 1.0],
                [0.215833, 0.562189, 0.798348, -0.125006, 0.601982, -0.72036, 0.344526, -0.002831, 0.768787, 0.406231, -0.493906, -1.2e-05, 0.0, 0.0, 0.0, 1.0],
                [-0.571586, 0.114476, 0.812517, -0.125006, 0.803507, -0.122634, 0.582526, -0.002831, 0.166328, 0.985827, -0.021886, -1.2e-05, 0.0, 0.0, 0.0, 1.0],
                [-0.445715, -0.627582, 0.638341, -0.125006, 0.289205, 0.573899, 0.76616, -0.002831, -0.847171, 0.526101, -0.074295, -1.2e-05, 0.0, 0.0, 0.0, 1.0],
                [-0.338237, -0.750981, 0.567118, -0.125006, 0.03185, 0.593157, 0.804457, -0.002831, -0.940521, 0.29016, -0.176709, -1.1e-05, 0.0, 0.0, 0.0, 1.0],
                [-0.178777, -0.876859, 0.446271, -0.125006, -0.437401, 0.477124, 0.762256, -0.002831, -0.881317, -0.058926, -0.468837, -1.1e-05, 0.0, 0.0, 0.0, 1.0],
                [0.011198, -0.926707, 0.375619, -0.125006, -0.997559, -0.036241, -0.059672, -0.002832, 0.068911, -0.374034, -0.924851, -1.2e-05, 0.0, 0.0, 0.0, 1.0],
                [-0.026251, -0.906184, 0.422069, -0.125006, -0.56539, -0.334737, -0.753847, -0.002832, 0.824405, -0.258423, -0.50356, -1.2e-05, 0.0, 0.0, 0.0, 1.0],
                [-0.175199, -0.880356, 0.44077, -0.125006, 0.748035, -0.410107, -0.52178, -0.002832, 0.640116, 0.238297, 0.730388, -1e-05, 0.0, 0.0, 0.0, 1.0],
                [-0.237169, -0.900297, 0.364989, -0.125006, 0.608126, 0.155402, 0.778481, -0.00283, -0.757583, 0.406591, 0.510638, -1.2e-05, 0.0, 0.0, 0.0, 1.0],
                [-0.081988, -0.950002, 0.30129, -0.125006, -0.446151, 0.305311, 0.841269, -0.002832, -0.891194, -0.065447, -0.448876, -1.3e-05, 0.0, 0.0, 0.0, 1.0],
                [0.103881, -0.837606, 0.536307, -0.125006, -0.864444, -0.342713, -0.36781, -0.00283, 0.491879, -0.425398, -0.759665, -1.3e-05, 0.0, 0.0, 0.0, 1.0],
                [-0.400189, -0.842252, 0.361193, -0.125006, 0.652329, -0.538626, -0.533243, -0.002832, 0.643673, 0.022219, 0.764978, -1.2e-05, 0.0, 0.0, 0.0, 1.0],
                [-0.505585, -0.861146, 0.053021, -0.125006, 0.861732, -0.500995, 0.080135, -0.002831, -0.042445, 0.086205, 0.995373, -1.1e-05, 0.0, 0.0, 0.0, 1.0],
                [-0.433819, -0.88769, -0.154302, -0.125006, 0.720985, -0.444723, 0.531415, -0.002831, -0.540353, 0.119288, 0.83294, -1.2e-05, 0.0, 0.0, 0.0, 1.0],
                [0.104203, -0.963613, -0.246154, -0.125006, 0.326158, -0.200704, 0.923763, -0.00283, -0.939554, -0.176544, 0.293377, -1.5e-05, 0.0, 0.0, 0.0, 1.0],
                [0.53432, -0.832505, -0.146414, -0.125006, 0.007723, -0.168398, 0.985689, -0.002831, -0.845247, -0.527804, -0.083549, -1.3e-05, 0.0, 0.0, 0.0, 1.0],
