{
    "animation": [
        {
            "name": "Root",
            "time": [0.0, 0.1333, 0.2333, 0.3333, 0.4333, 0.5667, 0.7, 0.8667, 1.0, 1.2, 1.4333, 1.7333, 2.1667, 2.5333, 3.0, 3.3333],
            "transform": [
                [1.0, -0.0, -0.0, 0.01116, -0.0, -0.0, -1.0, 4.1e-05, 0.0, 1.0, -0.0, 2.753838, 0.0, 0.0, 0.0, 1.0],
                [1.0, -0.0, -0.0, 0.011168, -0.0, -0.0, -1.0, -0.868121, 0.0, 1.0, -0.0, 3.488436, 0.0, 0.0, 0.0, 1.0],
                [1.0, -0.0, -0.0, 0.011174, -0.0, -0.0, -1.0, -1.769673, 0.0, 1.0, -0.0, 4.323207, 0.0, 0.0, 0.0, 1.0],
                [1.0, -0.0, -0.0, 0.01118, -0.0, -0.0, -1.0, -2.738008, 0.0, 1.0, -0.0, 4.456771, 0.0, 0.0, 0.0, 1.0],
                [1.0, -0.0, -0.0, 0.011186, -0.0, -0.0, -1.0, -4.006859, 0.0, 1.0, -0.0, 3.922517, 0.0, 0.0, 0.0, 1.0],
                [1.0, -0.0, -0.0, 0.011193, -0.0, -0.0, -1.0, -4.712252, 0.0, 1.0, -0.0, 2.753838, 0.0, 0.0, 0.0, 1.0],
                [1.0, -0.0, -0.0, 0.0112, -0.0, -0.0, -1.0, -4.541076, 0.0, 1.0, -0.0, 2.353148, 0.0, 0.0, 0.0, 1.0],
                [1.0, -0.0, -0.0, 0.011209, -0.0, -0.0, -1.0, -5.367191, 0.0, 1.0, -0.0, 2.486711, 0.0, 0.0, 0.0, 1.0],
                [1.0, -0.0, -0.0, 0.011216, -0.0, -0.0, -1.0, -7.097492, 0.0, 1.0, -0.0, 1.785503, 0.0, 0.0, 0.0, 1.0],
                [1.0, -0.0, -0.0, 0.011228, -0.0, -0.0, -1.0, -8.390211, 0.0, 1.0, -0.0, 0.616824, 0.0, 0.0, 0.0, 1.0],
                [1.0, -0.0, -0.0, 0.011241, -0.0, -0.0, -1.0, -9.35873, 0.0, 1.0, -0.0, 0.216134, 0.0, 0.0, 0.0, 1.0],
                [1.0, -0.0, -0.0, 0.011399, -0.0, -0.0, -1.0, -9.419213, 0.0, 1.0, -0.0, 0.216133, 0.0, 0.0, 0.0, 1.0],
                [1.0, -0.0, -0.0, 0.014561, -0.0, -0.0, -1.0, -9.543659, 0.0, 1.0, -0.0, 0.282915, 0.0, 0.0, 0.0, 1.0],
                [1.0, -0.0, -0.0, 0.043008, -0.0, -0.0, -1.0, -9.854361, 0.0, 1.0, -0.0, 0.48326, 0.0, 0.0, 0.0, 1.0],
                [1.0, -0.0, -0.0, 0.05866, -0.0, -0.0, -1.0, -9.592207, 0.0, 1.0, -0.0, 0.583433, 0.0, 0.0, 0.0, 1.0],
                [1.0, -0.0, -0.0, 0.05866, -0.0, -0.0, -1.0, -9.722635, 0.0, 1.0, -0.0, 0.550042, 0.0, 0.0, 0.0, 1.0]
            ]
        },
        {
            "name": "Thigh_R",
            "time": [0.0, 0.1333, 0.2333, 0.3333, 0.4333, 0.5667, 0.7, 0.8667, 1.0, 1.2, 1.4333, 1.7333, 2.1667, 2.5333, 3.0, 3.3333],
            "transform": [
                [0.571752, 0.696642, 0.433348, 0.124994, 0.76668, -0.641716, 0.020064, -0.002831, 0.292063, 0.320768, -0.901003, -1.2e-05, 0.0, 0.0, 0.0, 1.0],
                [0.876602, 0.397666, -0.27098, 0.124994, 0.481214, -0.722919, 0.495802, -0.002831, 0.001267, -0.565021, -0.825075, -1.2e-05, 0.0, 0.0, 0.0, 1.0],
                [0.936363, -0.265897, 0.22918, 0.124994, 0.274791, 0.961477, -0.007202, -0.002831, -0.218436, 0.06972, 0.973357, -1.2e-05, 0.0, 0.0, 0.0, 1.0],
                [0.989256, 0.139124, -0.044913, 0.124994, -0.042528, -0.020066, -0.998893, -0.00283, -0.139871, 0.990071, -0.013934, -1.2e-05, 0.0, 0.0, 0.0, 1.0],
                [0.954575, 0.105561, -0.278645, 0.124994, 0.031953, -0.966016, -0.256499, -0.002832, -0.296252, 0.235945, -0.925507, -1.2e-05, 0.0, 0.0, 0.0, 1.0],
                [0.882242, 0.364317, 0.298197, 0.124994, -0.398082, 0.239104, 0.885641, -0.002831, 0.251354, -0.900057, 0.355976, -1.2e-05, 0.0, 0.0, 0.0, 1.0],
                [0.872474, 0.425622, 0.240074, 0.124994, -0.193502, 0.752047, -0.630065, -0.002832, -0.448717, 0.503261, 0.7385, -1.3e-05, 0.0, 0.0, 0.0, 1.0],
                [0.929964, 0.364339, -0.04925, 0.124994, 0.220158, -0.659146, -0.719066, -0.002831, -0.294447, 0.657863, -0.693194, -1.2e-05, 0.0, 0.0, 0.0, 1.0],
                [0.995856, -0.026583, -0.086967, 0.124994, -0.006401, -0.974442, 0.224548, -0.002831, -0.090713, -0.223061, -0.970574, -1.2e-05, 0.0, 0.0, 0.0, 1.0],
                [0.987898, 0.006218, 0.15498, 0.124994, -0.018288, -0.987557, 0.156196, -0.002831, 0.154023, -0.15714, -0.975491, -1.1e-05, 0.0, 0.0, 0.0, 1.0],
                [0.924173, 0.373273, 0.081059, 0.124994, -0.155891, 0.17485, 0.972175, -0.002831, 0.348713, -0.911096, 0.219782, -1.2e-05, 0.0, 0.0, 0.0, 1.0],
                [0.906988, 0.408395, 0.102885, 0.124994, -0.133437, 0.046953, 0.989944, -0.002831, 0.399458, -0.911597, 0.097081, -1.2e-05, 0.0, 0.0, 0.0, 1.0],
                [0.917116, 0.271425, 0.291935, 0.124994, -0.281381, -0.07794, 0.956426, -0.002831, 0.282352, -0.959299, 0.004894, -1.2e-05, 0.0, 0.0, 0.0, 1.0],
                [0.969305, 0.088302, 0.229458, 0.124994, 0.020167, -0.95869, 0.283738, -0.002831, 0.245034, -0.270401, -0.931043, -1.2e-05, 0.0, 0.0, 0.0, 1.0],
                [0.734534, 0.240597, 0.634486, 0.124994, 0.273763, -0.960631, 0.047339, -0.002831, 0.620897, 0.138927, -0.771483, -1.1e-05, 0.0, 0.0, 0.0, 1.0],
                [0.55387, 0.273162, 0.786518, 0.124994, 0.222464, -0.958858, 0.176356, -0.002831, 0.802333, 0.077294, -0.591851, -1.1e-05, 0.0, 0.0, 0.0, 1.0]
            ]
        },
        {
            "name": "Leg_R",
            "time": [0.0, 0.1333, 0.2333, 0.3333, 0.4333, 0.5667, 0.7, 0.8667, 1.0, 1.2, 1.4333, 1.7333, 2.1667, 2.5333, 3.0, 3.3333],
            "transform": [
                [1.0, -0.0, -1e-06, 0.0, 1e-06, 0.584726, 0.811231, 0.37472, 0.0, -0.811231, 0.584726, 0.0, 0.0, 0.0, 0.0, 1.0],
                [1.0, -1e-06, -0.0, -0.0, 1e-06, 0.862005, 0.506899, 0.37472, -0.0, -0.506899, 0.862005, 0.0, 0.0, 0.0, 0.0, 1.0],
                [1.0, -1e-06, 0.0, -0.0, 1e-06, 0.999179, 0.04052, 0.374719, -0.0, -0.04052, 0.999178, -0.0, 0.0, 0.0, 0.0, 1.0],
                [1.0, -1e-06, 0.0, 0.0, 1e-06, 0.990861, 0.134888, 0.37472, -0.0, -0.134888, 0.990861, 0.0, 0.0, 0.0, 0.0, 1.0],
                [1.000001, -1e-06, -0.0, -0.0, 1e-06, 0.768209, 0.640199, 0.37472, -0.0, -0.640199, 0.768209, -0.0, 0.0, 0.0, 0.0, 1.0],
                [1.0, 1e-06, -1e-06, 0.0, 1e-06, -0.319501, 0.947586, 0.37472, 0.0, -0.947586, -0.3195, -0.0, 0.0, 0.0, 0.0, 1.0],
                [1.0, 1e-06, -1e-06, 0.0, 1e-06, -0.679838, 0.733362, 0.37472, 0.0, -0.733363, -0.679837, -0.0, 0.0, 0.0, 0.0, 1.0],
                [1.0, 1e-06, -1e-06, 0.0, 1e-06, -0.753003, 0.658018, 0.37472, 0.0, -0.658019, -0.753002, 0.0, 0.0, 0.0, 0.0, 1.0],
                [1.0, -0.0, -1e-06, -0.0, 1e-06, 0.322723, 0.946493, 0.37472, 0.0, -0.946494, 0.322722, -1e-06, 0.0, 0.0, 0.0, 1.0],
                [1.0, -1e-06, -0.0, -0.0, 1e-06, 0.956165, 0.292827, 0.37472, -0.0, -0.292828, 0.956165, 1e-06, 0.0, 0.0, 0.0, 1.0],
                [1.0, 0.0, -1e-06, -0.0, 1e-06, -0.271922, 0.962319, 0.374722, 0.0, -0.96232, -0.271922, -0.0, 0.0, 0.0, 0.0, 1.0],
                [1.0, 0.0, -1e-06, 0.0, 1e-06, -0.228174, 0.973621, 0.37472, 0.0, -0.973621, -0.228174, 0.0, 0.0, 0.0, 0.0, 1.0],
                [1.0, 0.0, -1e-06, -0.0, 1e-06, -0.207532, 0.978228, 0.374721, 0.0, -0.978228, -0.207532, 0.0, 0.0, 0.0, 0.0, 1.0],
                [1.0, -1e-06, -0.0, -0.0, 1e-06, 0.799143, 0.60114, 0.37472, -0.0, -0.601141, 0.799143, -0.0, 0.0, 0.0, 0.0, 1.0],
                [1.0, -1e-06, -0.0, -0.0, 1e-06, 0.875481, 0.483254, 0.37472, -0.0, -0.483255, 0.87548, -0.0, 0.0, 0.0, 0.0, 1.0],
                [1.0, -1e-06, -0.0, -0.0, 1e-06, 0.865732, 0.500508, 0.37472, -0.0, -0.500508, 0.865732, 0.0, 0.0, 0.0, 0.0, 1.0]
            ]
        },
        {
            "name": "Knee_R",
            "time": [0.0, 0.1333, 0.2333, 0.3333, 0.4333, 0.5667, 0.7, 0.8667, 1.0, 1.2, 1.4333, 1.7333, 2.1667, 2.5333, 3.0, 3.3333],
            "transform": [
                [1.0, 0.0, -0.0, 0.0, -0.0, 0.0, -1.0, 0.37472, -0.0, 1.0, 0.0, 0.0, 0.0, 0.0, 0.0, 1.0],
                [1.0, 0.0, -0.0, -0.0, -0.0, 0.0, -1.0, 0.37472, -0.0, 1.0, 0.0, 0.0, 0.0, 0.0, 0.0, 1.0],
                [1.0, 0.0, -0.0, -0.0, -0.0, 0.0, -1.0, 0.374719, -0.0, 1.0, 0.0, -0.0, 0.0, 0.0, 0.0, 1.0],
                [1.0, 0.0, -0.0, 0.0, -0.0, 0.0, -1.0, 0.37472, -0.0, 1.0, 0.0, 0.0, 0.0, 0.0, 0.0, 1.0],
                [1.0, 0.0, -0.0, -0.0, -0.0, 0.0, -1.0, 0.37472, -0.0, 1.0, 0.0, -0.0, 0.0, 0.0, 0.0, 1.0],
                [1.0, 0.0, -0.0, 0.0, -0.0, 0.0, -1.0, 0.37472, -0.0, 1.0, 0.0, -0.0, 0.0, 0.0, 0.0, 1.0],
                [1.0, 0.0, -0.0, 0.0, -0.0, 0.0, -1.0, 0.37472, -0.0, 1.0, 0.0, -0.0, 0.0, 0.0, 0.0, 1.0],
                [1.0, 0.0, -0.0, 0.0, -0.0, 0.0, -1.0, 0.37472, -0.0, 1.0, 0.0, 0.0, 0.0, 0.0, 0.0, 1.0],
                [1.0, 0.0, -0.0, -0.0, -0.0, 0.0, -1.0, 0.37472, -0.0, 1.0, 0.0, -1e-06, 0.0, 0.0, 0.0, 1.0],
                [1.0, 0.0, -0.0, -0.0, -0.0, 0.0, -1.0, 0.37472, -0.0, 1.0, 0.0, 1e-06, 0.0, 0.0, 0.0, 1.0],
                [1.0, 0.0, -0.0, -0.0, -1e-06, 0.0, -1.0, 0.374722, -0.0, 1.0, 0.0, -0.0, 0.0, 0.0, 0.0, 1.0],
                [1.0, 0.0, -0.0, 0.0, -1e-06, 0.0, -1.0, 0.37472, -0.0, 1.0, 0.0, 0.0, 0.0, 0.0, 0.0, 1.0],
                [1.0, 0.0, -0.0, -0.0, -0.0, 0.0, -1.0, 0.374721, -0.0, 1.0, 0.0, 0.0, 0.0, 0.0, 0.0, 1.0],
                [1.0, 0.0, -0.0, -0.0, -0.0, 0.0, -1.0, 0.37472, -0.0, 1.0, 0.0, -0.0, 0.0, 0.0, 0.0, 1.0],
                [1.0, 0.0, -0.0, -0.0, -0.0, 0.0, -1.0, 0.37472, -0.0, 1.0, 0.0, -0.0, 0.0, 0.0, 0.0, 1.0],
                [1.0, 0.0, -0.0, -0.0, -0.0, 0.0, -1.0, 0.37472, -0.0, 1.0, 0.0, 0.0, 0.0, 0.0, 0.0, 1.0]
            ]
        },
        {
            "name": "Thigh_L",
            "time": [0.0, 0.1333, 0.2333, 0.3333, 0.4333, 0.5667, 0.7, 0.8667, 1.0, 1.2, 1.4333, 1.7333, 2.1667, 2.5333, 3.0, 3.3333],
            "transform": [
                [0.764426, 0.619889, 0.177175, -0.125006, 0.643697, -0.718428, -0.263656, -0.002831, -0.03615, 0.315592, -0.948206, -1.2e-05, 0.0, 0.0, 0.0, 1.0],
                [0.777332, 0.357466, -0.517661, -0.125006, 0.593806, -0.688636, 0.416142, -0.002831, -0.207724, -0.630872, -0.747564, -1.2e-05, 0.0, 0.0, 0.0, 1.0],
                [0.904621, -0.404331, 0.134824, -0.125006, 0.407903, 0.913024, 0.001236, -0.002831, -0.123597, 0.053877, 0.990869, -1.2e-05, 0.0, 0.0, 0.0, 1.0],
                [0.972853, 0.214187, 0.087645, -0.125006, 0.128855, -0.186741, -0.973922, -0.002831, -0.192234, 0.958775, -0.209271, -1.2e-05, 0.0, 0.0, 0.0, 1.0],
                [0.960183, -0.064226, -0.27189, -0.125006, -0.074864, -0.996774, -0.028924, -0.002831, -0.269156, 0.048127, -0.961893, -1.2e-05, 0.0, 0.0, 0.0, 1.0],
                [0.931261, -0.362538, -0.036323, -0.125006, 0.170033, 0.344257, 0.92335, -0.00283, -0.322245, -0.866055, 0.382237, -1.2e-05, 0.0, 0.0, 0.0, 1.0],
                [0.962743, -0.140161, -0.231263, -0.125006, 0.099611, 0.97887, -0.178581, -0.00283, 0.251406, 0.148891, 0.956361, -1.2e-05, 0.0, 0.0, 0.0, 1.0],
                [0.919907, -0.042257, -0.389855, -0.125006, -0.382449, 0.122957, -0.915759, -0.002831, 0.086632, 0.991511, 0.096948, -1.2e-05, 0.0, 0.0, 0.0, 1.0],
                [0.982585, 0.01037, -0.185528, -0.125006, 0.030949, -0.993628, 0.108374, -0.002831, -0.183222, -0.112229, -0.976644, -1.2e-05, 0.0, 0.0, 0.0, 1.0],
                [0.991642, -0.09138, -0.091081, -0.125006, -0.048319, -0.917605, 0.394546, -0.002831, -0.11963, -0.386847, -0.914351, -1.1e-05, 0.0, 0.0, 0.0, 1.0],
                [0.840228, -0.537506, -0.071448, -0.125006, -0.494848, -0.813983, 0.304231, -0.002831, -0.221684, -0.220267, -0.949915, -1.1e-05, 0.0, 0.0, 0.0, 1.0],
                [0.855527, -0.50734, -0.103345, -0.125006, -0.471608, -0.845964, 0.248859, -0.002831, -0.213683, -0.164167, -0.96301, -1.1e-05, 0.0, 0.0, 0.0, 1.0],
                [0.841859, -0.539241, 0.0222, -0.125006, -0.536255, -0.83114, 0.147091, -0.002831, -0.060867, -0.135735, -0.988873, -1.1e-05, 0.0, 0.0, 0.0, 1.0],
                [0.983151, -0.052876, 0.174983, -0.125006, -0.139025, -0.83782, 0.527948, -0.00283, 0.118689, -0.54338, -0.831054, -1.1e-05, 0.0, 0.0, 0.0, 1.0],
                [0.8814, 0.034904, 0.471079, -0.125006, -0.154551, -0.92107, 0.357414, -0.002831, 0.446372, -0.387831, -0.806436, -1.1e-05, 0.0, 0.0, 0.0, 1.0],
                [0.805173, -0.099893, 0.584566, -0.125006, -0.261602, -0.944452, 0.198935, -0.002831, 0.532223, -0.313101, -0.786578, -1.1e-05, 0.0, 0.0, 0.0, 1.0]
            ]
        },
        {
            "name": "Leg_L",
            "time": [0.0, 0.1333, 0.2333, 0.3333, 0.4333, 0.5667, 0.7, 0.8667, 1.0, 1.2, 1.4333, 1.7333, 2.1667, 2.5333, 3.0, 3.3333],
            "transform": [
                [1.0, -0.0, 0.0, -0.0, -0.0, 0.628035, 0.778185, 0.37472, -0.0, -0.778185, 0.628035, 0.0, 0.0, 0.0, 0.0, 1.0],
                [1.0, -0.0, 0.0, -0.0, -0.0, 0.649715, 0.760178, 0.37472, -0.0, -0.760178, 0.649715, -0.0, 0.0, 0.0, 0.0, 1.0],
                [1.0, -0.0, -0.0, 0.0, 0.0, 0.999917, -0.012879, 0.37472, 0.0, 0.012879, 0.999917, -0.0, 0.0, 0.0, 0.0, 1.0],
                [1.0, -0.0, 0.0, 0.0, 0.0, 0.966448, 0.256859, 0.37472, -0.0, -0.256858, 0.966449, -1e-06, 0.0, 0.0, 0.0, 1.0],
                [1.0, -0.0, 0.0, -0.0, -0.0, 0.465457, 0.885071, 0.37472, -0.0, -0.88507, 0.465457, -0.0, 0.0, 0.0, 0.0, 1.0],
                [1.0, -1e-06, 0.0, 0.0, -1e-06, -0.731128, 0.682241, 0.37472, -0.0, -0.68224, -0.731128, -0.0, 0.0, 0.0, 0.0, 1.0],
                [1.0, -1e-06, 0.0, -0.0, -1e-06, -0.773059, 0.634334, 0.37472, -0.0, -0.634334, -0.773059, 0.0, 0.0, 0.0, 0.0, 1.0],
                [1.000001, -1e-06, 0.0, 0.0, -1e-06, -0.854783, 0.518986, 0.37472, -0.0, -0.518985, -0.854783, 0.0, 0.0, 0.0, 0.0, 1.0],
                [1.0, -0.0, 0.0, -0.0, 0.0, 0.934076, 0.357075, 0.37472, -0.0, -0.357075, 0.934076, -0.0, 0.0, 0.0, 0.0, 1.0],
                [1.0, -0.0, 0.0, 0.0, -0.0, 0.62238, 0.782715, 0.37472, -0.0, -0.782716, 0.62238, -0.0, 0.0, 0.0, 0.0, 1.0],
                [1.0, -1e-06, 0.0, -0.0, -0.0, -0.390942, 0.920415, 0.37472, -0.0, -0.920416, -0.390942, -1e-06, 0.0, 0.0, 0.0, 1.0],
                [1.0, -1e-06, 0.0, 0.0, -0.0, -0.228208, 0.973612, 0.37472, -0.0, -0.973613, -0.228208, -0.0, 0.0, 0.0, 0.0, 1.0],
                [1.0, -0.0, 0.0, -0.0, -0.0, -0.011774, 0.999931, 0.37472, -0.0, -0.999931, -0.011774, -1e-06, 0.0, 0.0, 0.0, 1.0],
                [1.0, -0.0, 0.0, 0.0, -0.0, 0.353478, 0.935442, 0.374721, -0.0, -0.935443, 0.353478, -0.0, 0.0, 0.0, 0.0, 1.0],
                [1.0, -0.0, 0.0, 0.0, -0.0, 0.784254, 0.62044, 0.37472, -0.0, -0.620441, 0.784253, -1e-06, 0.0, 0.0, 0.0, 1.0],
                [1.0, -0.0, 0.0, -0.0, 0.0, 0.924106, 0.382136, 0.37472, -0.0, -0.382137, 0.924106, 0.0, 0.0, 0.0, 0.0, 1.0]
            ]
        },
        {
            "name": "Knee_L",
            "time": [0.0, 0.1333, 0.2333, 0.3333, 0.4333, 0.5667, 0.7, 0.8667, 1.0, 1.2, 1.4333, 1.7333, 2.1667, 2.5333, 3.0, 3.3333],
            "transform": [
                [1.0, 0.0, -0.0, -0.0, -0.0, 0.0, -1.0, 0.37472, -0.0, 1.0, 0.0, 0.0, 0.0, 0.0, 0.0, 1.0],
                [1.0, 0.0, -0.0, -0.0, -1e-06, 0.0, -1.0, 0.37472, -0.0, 1.0, 0.0, -0.0, 0.0, 0.0, 0.0, 1.0],
                [1.0, 0.0, -0.0, 0.0, -0.0, 0.0, -1.0, 0.37472, -0.0, 1.0, 0.0, -0.0, 0.0, 0.0, 0.0, 1.0],
                [1.0, 0.0, -0.0, 0.0, -1e-06, 0.0, -1.0, 0.37472, -0.0, 1.0, 0.0, -1e-06, 0.0, 0.0, 0.0, 1.0],
                [1.0, 0.0, -0.0, -0.0, -0.0, 0.0, -1.0, 0.37472, -0.0, 1.0, 0.0, -0.0, 0.0, 0.0, 0.0, 1.0],
                [1.0, 0.0, -0.0, 0.0, -1e-06, 0.0, -1.0, 0.37472, -0.0, 1.0, 0.0, -0.0, 0.0, 0.0, 0.0, 1.0],
                [1.0, 0.0, -0.0, -0.0, -0.0, 0.0, -1.0, 0.37472, -0.0, 1.0, 0.0, 0.0, 0.0, 0.0, 0.0, 1.0],
                [1.0, 0.0, -0.0, 0.0, -0.0, 0.0, -1.0, 0.37472, -0.0, 1.0, 0.0, 0.0, 0.0, 0.0, 0.0, 1.0],
                [1.0, 0.0, -0.0, -0.0, -0.0, 0.0, -1.0, 0.37472, -0.0, 1.0, 0.0, -0.0, 0.0, 0.0, 0.0, 1.0],
                [1.0, 0.0, -0.0, 0.0, -0.0, 0.0, -1.0, 0.37472, -0.0, 1.0, 0.0, -0.0, 0.0, 0.0, 0.0, 1.0],
                [1.0, 0.0, -0.0, -0.0, -0.0, 0.0, -1.0, 0.37472, -0.0, 1.0, 0.0, -1e-06, 0.0, 0.0, 0.0, 1.0],
                [1.0, 0.0, -1e-06, 0.0, -0.0, 0.0, -1.0, 0.37472, -0.0, 1.0, 0.0, -0.0, 0.0, 0.0, 0.0, 1.0],
                [1.0, 0.0, -1e-06, -0.0, -1e-06, 0.0, -1.0, 0.37472, -0.0, 1.0, 0.0, -1e-06, 0.0, 0.0, 0.0, 1.0],
                [1.0, 0.0, -0.0, 0.0, -0.0, 0.0, -1.0, 0.374721, -0.0, 1.0, 0.0, -0.0, 0.0, 0.0, 0.0, 1.0],
                [1.0, 0.0, -0.0, 0.0, -0.0, 0.0, -1.0, 0.37472, -0.0, 1.0, 0.0, -1e-06, 0.0, 0.0, 0.0, 1.0],
                [1.0, 0.0, -0.0, -0.0, -0.0, 0.0, -1.0, 0.37472, -0.0, 1.0, 0.0, 0.0, 0.0, 0.0, 0.0, 1.0]
            ]
        },
        {
            "name": "Torso",
            "time": [0.0, 0.1333, 0.2333, 0.3333, 0.4333, 0.5667, 0.7, 0.8667, 1.0, 1.2, 1.4333, 1.7333, 2.1667, 2.5333, 3.0, 3.3333],
            "transform": [
                [0.641115, -0.764486, -0.067331, -0.0, 0.758052, 0.64451, -0.099817, 0.05, 0.119704, 0.012954, 0.992725, 0.0, 0.0, 0.0, 0.0, 1.0],
                [0.80796, -0.303748, 0.504914, 0.0, 0.589045, 0.394472, -0.705278, 0.05, 0.015053, 0.867253, 0.497639, 0.0, 0.0, 0.0, 0.0, 1.0],
                [0.980473, 0.123073, 0.153381, -0.0, 0.194246, -0.484421, -0.852998, 0.05, -0.03068, 0.866135, -0.498868, 0.0, 0.0, 0.0, 0.0, 1.0],
                [0.950768, -0.036393, -0.307759, -0.0, -0.060613, -0.995738, -0.069505, 0.05, -0.303918, 0.084737, -0.948922, 0.0, 0.0, 0.0, 0.0, 1.0],
                [0.931225, -0.324529, -0.165833, -0.0, 0.054513, -0.325876, 0.94384, 0.05, -0.360344, -0.887967, -0.285773, -0.0, 0.0, 0.0, 0.0, 1.0],
                [0.994037, 0.05253, 0.095557, -0.0, -0.055058, 0.998194, 0.02401, 0.05, -0.094124, -0.029128, 0.995134, -0.0, 0.0, 0.0, 0.0, 1.0],
                [0.992268, 0.057541, -0.109968, -0.0, -0.085564, -0.324675, -0.941947, 0.05, -0.089905, 0.944073, -0.317241, -0.0, 0.0, 0.0, 0.0, 1.0],
                [0.994195, -0.090921, -0.057542, -0.0, -0.056564, -0.896546, 0.439324, 0.05, -0.091533, -0.433519, -0.896484, -0.0, 0.0, 0.0, 0.0, 1.0],
                [0.996574, -0.057159, 0.059769, 0.0, -0.039695, 0.303409, 0.952033, 0.05, -0.072552, -0.951144, 0.300101, -0.0, 0.0, 0.0, 0.0, 1.0],
                [0.991593, -0.032593, 0.125224, -0.0, -0.016846, 0.927004, 0.374673, 0.05, -0.128295, -0.373632, 0.918662, -0.0, 0.0, 0.0, 0.0, 1.0],
                [0.927487, -0.29807, 0.225662, -0.0, 0.141958, 0.839183, 0.524995, 0.05, -0.345857, -0.454891, 0.820644, -0.0, 0.0, 0.0, 0.0, 1.0],
                [0.940127, -0.280486, 0.193623, -0.0, 0.151105, 0.852229, 0.500872, 0.05, -0.305499, -0.441625, 0.843586, -0.0, 0.0, 0.0, 0.0, 1.0],
                [0.953077, -0.256572, 0.160671, -0.0, 0.10421, 0.776366, 0.621608, 0.05, -0.284227, -0.575696, 0.766674, -0.0, 0.0, 0.0, 0.0, 1.0],
                [0.911325, 0.080347, -0.403771, 0.0, -0.005254, 0.98296, 0.183743, 0.05, 0.411655, -0.165329, 0.896218, -0.0, 0.0, 0.0, 0.0, 1.0],
                [0.846913, -0.01931, -0.531381, -0.0, 0.013837, 0.999802, -0.014278, 0.05, 0.531551, 0.004739, 0.847013, -0.0, 0.0, 0.0, 0.0, 1.0],
                [0.592137, -0.054194, -0.804013, 0.0, 0.00313, 0.997883, -0.064957, 0.05, 0.805831, 0.035947, 0.591053, -0.0, 0.0, 0.0, 0.0, 1.0]
            ]
        },
        {
            "name": "Chest",
            "time": [0.0, 0.1333, 0.2333, 0.3333, 0.4333, 0.5667, 0.7, 0.8667, 1.0, 1.2, 1.4333, 1.7333, 2.1667, 2.5333, 3.0, 3.3333],
            "transform": [
                [0.98216, 0.110216, -0.152364, 0.0, -0.184648, 0.718636, -0.670423, 0.3, 0.035603, 0.686596, 0.726167, -0.0, 0.0, 0.0, 0.0, 1.0],
                [0.986895, 0.144609, -0.071607, -0.0, -0.152197, 0.686692, -0.710837, 0.3, -0.053621, 0.71242, 0.699702, 0.0, 0.0, 0.0, 0.0, 1.0],
                [0.983799, 0.17927, 0.001604, 0.0, -0.167318, 0.921345, -0.350896, 0.3, -0.064383, 0.344942, 0.936413, -0.0, 0.0, 0.0, 0.0, 1.0],
                [0.971915, 0.213818, 0.098302, -0.0, -0.232436, 0.937531, 0.258862, 0.3, -0.036812, -0.274441, 0.960899, -0.0, 0.0, 0.0, 0.0, 1.0],
                [0.973969, 0.19921, 0.108161, -0.0, -0.224883, 0.789216, 0.571459, 0.3, 0.028478, -0.580907, 0.813471, -1e-06, 0.0, 0.0, 0.0, 1.0],
                [0.990132, 0.139742, -0.010515, 0.0, -0.091687, 0.70273, 0.705524, 0.3, 0.105981, -0.697598, 0.708608, 1e-06, 0.0, 0.0, 0.0, 1.0],
                [0.987165, 0.033187, -0.156217, 0.0, 0.088001, 0.703237, 0.705488, 0.299999, 0.133271, -0.71018, 0.691291, 0.0, 0.0, 0.0, 0.0, 1.0],
                [0.987879, 0.018721, -0.154091, -0.0, 0.090015, 0.739645, 0.666951, 0.3, 0.126458, -0.672738, 0.728994, 0.0, 0.0, 0.0, 0.0, 1.0],
                [0.999927, 0.011185, 0.004626, -0.0, -0.012088, 0.942355, 0.334396, 0.299999, -0.000619, -0.334427, 0.942421, 0.0, 0.0, 0.0, 0.0, 1.0],
                [0.984926, 0.053549, -0.16448, 0.0, -0.058147, 0.998037, -0.023262, 0.3, 0.162912, 0.032475, 0.986106, -0.0, 0.0, 0.0, 0.0, 1.0],
                [0.408844, 0.251742, -0.877196, 0.0, 0.256061, 0.890945, 0.375033, 0.300001, 0.875945, -0.377946, 0.299796, 0.0, 0.0, 0.0, 0.0, 1.0],
                [0.605353, 0.306065, -0.73476, -0.0, 0.293162, 0.772488, 0.563311, 0.3, 0.740003, -0.556405, 0.377901, -0.0, 0.0, 0.0, 0.0, 1.0],
                [0.832317, 0.249681, -0.494882, 0.0, 0.091547, 0.818624, 0.566986, 0.3, 0.546688, -0.517217, 0.658498, 1e-06, 0.0, 0.0, 0.0, 1.0],
                [0.959536, 0.171412, -0.223403, 0.0, -0.097881, 0.946936, 0.306155, 0.3, 0.264027, -0.2719, 0.925398, 1e-06, 0.0, 0.0, 0.0, 1.0],
                [0.986851, -0.145826, 0.069706, -0.0, 0.137232, 0.983806, 0.115292, 0.3, -0.08539, -0.104211, 0.990883, -1e-06, 0.0, 0.0, 0.0, 1.0],
                [0.983285, -0.02471, -0.180387, -0.0, 0.034861, 0.997968, 0.053323, 0.3, 0.178703, -0.05872, 0.98215, 0.0, 0.0, 0.0, 0.0, 1.0]
            ]
        },
        {
            "name": "Head",
            "time": [0.0, 0.1333, 0.2333, 0.3333, 0.4333, 0.5667, 0.7, 0.8667, 1.0, 1.2, 1.4333, 1.7333, 2.1667, 2.5333, 3.0, 3.3333],
            "transform": [
                [0.937168, 0.249277, -0.244086, 0.0, -0.335543, 0.835605, -0.434943, 0.4, 0.095538, 0.489516, 0.866745, -0.0, 0.0, 0.0, 0.0, 1.0],
                [0.976163, 0.14475, -0.161721, -0.0, -0.109129, 0.971425, 0.210769, 0.4, 0.187609, -0.188096, 0.964066, -0.0, 0.0, 0.0, 0.0, 1.0],
                [0.999456, 0.023466, -0.023187, -0.0, -0.000939, 0.722817, 0.691039, 0.4, 0.032976, -0.690641, 0.722445, 0.0, 0.0, 0.0, 0.0, 1.0],
                [0.993784, 0.001319, -0.111326, -0.0, 0.067435, 0.788502, 0.611324, 0.4, 0.088587, -0.615031, 0.783511, -0.0, 0.0, 0.0, 0.0, 1.0],
                [0.99351, -0.01983, -0.112007, 0.0, 0.079758, 0.823512, 0.561664, 0.399999, 0.081101, -0.566952, 0.819748, 0.0, 0.0, 0.0, 0.0, 1.0],
                [0.99862, -0.045992, 0.025392, 0.0, 0.026583, 0.859247, 0.51087, 0.4, -0.045314, -0.50949, 0.859282, -0.0, 0.0, 0.0, 0.0, 1.0],
                [0.975647, -0.012548, 0.218988, 0.0, -0.081367, 0.906429, 0.414447, 0.4, -0.203698, -0.422172, 0.883333, -0.0, 0.0, 0.0, 0.0, 1.0],
                [0.96751, 0.059579, 0.245713, 0.0, -0.109181, 0.975007, 0.193494, 0.4, -0.228044, -0.214035, 0.949834, 0.0, 0.0, 0.0, 0.0, 1.0],
                [0.987781, 0.125447, 0.092483, 0.0, -0.149844, 0.927601, 0.342202, 0.399999, -0.042859, -0.351879, 0.935064, -0.0, 0.0, 0.0, 0.0, 1.0],
                [0.970591, 0.118049, 0.209807, -0.0, -0.157849, 0.970093, 0.184401, 0.4, -0.181764, -0.212095, 0.960197, -1e-06, 0.0, 0.0, 0.0, 1.0],
                [0.548886, -0.162761, 0.819898, 0.0, -0.076953, 0.966856, 0.243451, 0.400001, -0.832348, -0.196721, 0.518168, -0.0, 0.0, 0.0, 0.0, 1.0],
                [0.655759, 0.007275, 0.754935, 0.0, -0.015829, 0.999866, 0.004114, 0.4, -0.754805, -0.014648, 0.655786, -0.0, 0.0, 0.0, 0.0, 1.0],
                [0.893303, -0.048904, 0.446787, -0.0, -0.069462, 0.967098, 0.244736, 0.400001, -0.444055, -0.249658, 0.860515, 0.0, 0.0, 0.0, 0.0, 1.0],
                [0.930878, 0.31225, 0.189645, -0.0, -0.320102, 0.947313, 0.011483, 0.4, -0.176068, -0.071395, 0.981786, -1e-06, 0.0, 0.0, 0.0, 1.0],
                [0.753558, 0.22426, 0.617947, 0.0, 0.061086, 0.912058, -0.405487, 0.4, -0.654538, 0.343305, 0.673589, -0.0, 0.0, 0.0, 0.0, 1.0],
                [0.65374, 0.142892, 0.743105, -0.0, -0.073684, 0.989363, -0.125422, 0.4, -0.753122, 0.027238, 0.657316, -1e-06, 0.0, 0.0, 0.0, 1.0]
            ]
        },
        {
            "name": "Shoulder_R",
            "time": [0.0, 0.1333, 0.2333, 0.3333, 0.4333, 0.5667, 0.7, 0.8667, 1.0, 1.2, 1.4333, 1.7333, 2.1667, 2.5333, 3.0, 3.3333],
            "transform": [
                [-0.147698, 0.806291, -0.572782, 0.0, 0.854886, -0.187149, -0.483886, 0.4, -0.497349, -0.561132, -0.661645, -0.0, 0.0, 0.0, 0.0, 1.0],
                [-0.118465, 0.878918, -0.462027, -0.0, 0.709211, -0.250772, -0.658888, 0.4, -0.694973, -0.405729, -0.59363, -0.0, 0.0, 0.0, 0.0, 1.0],
                [-0.04708, 0.943354, -0.328429, -0.0, 0.534537, -0.253962, -0.806086, 0.4, -0.843833, -0.213508, -0.492301, 0.0, 0.0, 0.0, 0.0, 1.0],
                [-0.106801, 0.875601, -0.471081, -0.0, 0.543557, -0.345306, -0.765055, 0.4, -0.83255, -0.337768, -0.439059, -0.0, 0.0, 0.0, 0.0, 1.0],
                [-0.147763, 0.874844, -0.461318, 0.0, 0.529124, -0.324146, -0.784192, 0.399999, -0.835581, -0.359969, -0.415004, 0.0, 0.0, 0.0, 0.0, 1.0],
                [-0.154, 0.961191, -0.228899, 0.0, 0.47638, -0.130731, -0.869466, 0.4, -0.865647, -0.242941, -0.43776, -0.0, 0.0, 0.0, 0.0, 1.0],
                [-0.316323, 0.920074, -0.231093, 0.0, 0.39546, -0.093535, -0.913708, 0.4, -0.862295, -0.380415, -0.334265, -0.0, 0.0, 0.0, 0.0, 1.0],
                [-0.284496, 0.824334, -0.489422, 0.0, 0.487128, -0.315399, -0.814389, 0.4, -0.825692, -0.470102, -0.311827, 0.0, 0.0, 0.0, 0.0, 1.0],
                [-0.190311, 0.749422, -0.634151, 0.0, 0.576278, -0.437676, -0.690176, 0.399999, -0.794786, -0.496796, -0.348581, -0.0, 0.0, 0.0, 0.0, 1.0],
                [-0.227223, 0.927785, -0.295946, -0.0, 0.546595, -0.130009, -0.827244, 0.4, -0.805981, -0.349731, -0.477581, -1e-06, 0.0, 0.0, 0.0, 1.0],
                [0.204498, 0.707895, -0.676066, 0.0, 0.62159, -0.62745, -0.468969, 0.400001, -0.756178, -0.324333, -0.568332, -0.0, 0.0, 0.0, 0.0, 1.0],
                [0.122787, 0.76549, -0.631623, 0.0, 0.581067, -0.571397, -0.579541, 0.4, -0.804541, -0.295855, -0.51496, -0.0, 0.0, 0.0, 0.0, 1.0],
                [0.156817, 0.659179, -0.735453, -0.0, 0.598118, -0.655963, -0.460399, 0.400001, -0.785916, -0.36769, -0.497133, 0.0, 0.0, 0.0, 0.0, 1.0],
                [0.280278, 0.556113, -0.782421, -0.0, 0.6999, -0.676224, -0.229917, 0.4, -0.656952, -0.483175, -0.578754, -1e-06, 0.0, 0.0, 0.0, 1.0],
                [0.092085, 0.720324, -0.687498, 0.0, 0.772416, -0.487396, -0.407208, 0.4, -0.628405, -0.493537, -0.601272, -0.0, 0.0, 0.0, 0.0, 1.0],
                [0.288681, 0.831208, -0.475137, -0.0, 0.750249, -0.504698, -0.427091, 0.4, -0.594803, -0.233177, -0.76931, -1e-06, 0.0, 0.0, 0.0, 1.0]
            ]
        },
        {
            "name": "Arm_R",
            "time": [0.0, 0.1333, 0.2333, 0.3333, 0.4333, 0.5667, 0.7, 0.8667, 1.0, 1.2, 1.4333, 1.7333, 2.1667, 2.5333, 3.0, 3.3333],
            "transform": [
                [0.500861, -0.592812, -0.630645, 0.0, 0.815632, 0.079456, 0.573089, 0.39386, -0.289626, -0.801411, 0.523313, -0.0, 0.0, 0.0, 0.0, 1.0],
                [0.598655, -0.662688, -0.449952, -0.0, 0.771017, 0.324464, 0.547957, 0.39386, -0.217131, -0.674957, 0.705186, 0.0, 0.0, 0.0, 0.0, 1.0],
                [0.914494, -0.305551, 0.265217, 0.0, 0.15824, 0.873394, 0.460591, 0.39386, -0.372372, -0.37924, 0.847063, -0.0, 0.0, 0.0, 0.0, 1.0],
                [0.615004, 0.153248, 0.773489, 0.0, -0.454471, 0.870505, 0.188882, 0.393861, -0.644381, -0.467692, 0.60501, 0.0, 0.0, 0.0, 0.0, 1.0],
                [0.484593, 0.16557, 0.858927, -0.0, -0.575963, 0.799423, 0.17085, 0.39386, -0.658358, -0.577503, 0.482757, -0.0, 0.0, 0.0, 0.0, 1.0],
                [0.591285, -0.233869, 0.771808, -1e-06, -0.206101, 0.881428, 0.424979, 0.39386, -0.779683, -0.410354, 0.472974, 0.0, 0.0, 0.0, 0.0, 1.0],
                [-0.009876, -0.196419, 0.980471, 0.0, -0.144139, 0.970556, 0.192982, 0.393861, -0.989509, -0.139418, -0.037897, 1e-06, 0.0, 0.0, 0.0, 1.0],
                [0.317952, 0.017444, 0.947947, 0.0, -0.202759, 0.977951, 0.050012, 0.393861, -0.926173, -0.208106, 0.314478, -0.0, 0.0, 0.0, 0.0, 1.0],
                [0.777775, -0.122605, 0.616469, 0.0, -0.072179, 0.95688, 0.281372, 0.393861, -0.624385, -0.263341, 0.735388, 0.0, 0.0, 0.0, 0.0, 1.0],
                [-0.103515, 0.183509, 0.977553, 1e-06, -0.358136, 0.910032, -0.208758, 0.393861, -0.927914, -0.371706, -0.028481, 0.0, 0.0, 0.0, 0.0, 1.0],
                [0.746963, -0.270859, 0.607192, 0.0, 0.467845, 0.863023, -0.190556, 0.39386, -0.472407, 0.42641, 0.771366, -0.0, 0.0, 0.0, 0.0, 1.0],
                [0.623687, -0.533709, 0.571113, 0.0, 0.313373, 0.840062, 0.442824, 0.393861, -0.716109, -0.097212, 0.691186, 0.0, 0.0, 0.0, 0.0, 1.0],
                [0.663524, -0.4678, 0.583865, -0.0, 0.035184, 0.799054, 0.600229, 0.393861, -0.747327, -0.377724, 0.546651, -0.0, 0.0, 0.0, 0.0, 1.0],
                [0.930864, -0.169767, 0.323531, 1e-06, 0.002629, 0.888585, 0.458705, 0.393861, -0.365357, -0.426142, 0.827598, 1e-06, 0.0, 0.0, 0.0, 1.0],
                [0.662203, -0.692015, 0.287409, -1e-06, 0.449783, 0.67386, 0.586181, 0.39386, -0.599319, -0.258899, 0.757488, -1e-06, 0.0, 0.0, 0.0, 1.0],
                [0.473626, -0.737537, 0.481371, -0.0, 0.664666, 0.657919, 0.354064, 0.393861, -0.577838, 0.152257, 0.801824, -1e-06, 0.0, 0.0, 0.0, 1.0]
            ]
        },
        {
            "name": "Hand_R",
            "time": [0.0, 0.1333, 0.2333, 0.3333, 0.4333, 0.5667, 0.7, 0.8667, 1.0, 1.2, 1.4333, 1.7333, 2.1667, 2.5333, 3.0, 3.3333],
            "transform": [
                [1.0, -0.0, 1e-06, -0.0, 0.0, 0.981972, -0.189028, 0.3, -1e-06, 0.189028, 0.981972, -0.0, 0.0, 0.0, 0.0, 1.0],
                [1.0, -0.0, 1e-06, -0.0, 0.0, 0.994374, -0.105932, 0.3, -1e-06, 0.105933, 0.994373, -0.0, 0.0, 0.0, 0.0, 1.0],
                [1.0, -0.0, 1e-06, 0.0, 0.0, 0.999986, 0.005311, 0.3, -1e-06, -0.005311, 0.999986, -0.0, 0.0, 0.0, 0.0, 1.0],
                [1.0, -0.0, 1e-06, -0.0, 0.0, 0.983258, -0.182221, 0.3, -1e-06, 0.182221, 0.983257, 0.0, 0.0, 0.0, 0.0, 1.0],
                [1.0, 0.0, 1e-06, -0.0, 0.0, 0.873861, -0.486176, 0.3, -1e-06, 0.486176, 0.873861, -0.0, 0.0, 0.0, 0.0, 1.0],
                [1.0, 1e-06, 0.0, 0.0, 0.0, 0.630295, -0.776356, 0.3, -1e-06, 0.776357, 0.630294, -1e-06, 0.0, 0.0, 0.0, 1.0],
                [1.0, 0.0, 1e-06, -0.0, 0.0, 0.807261, -0.590194, 0.3, -1e-06, 0.590193, 0.807262, -0.0, 0.0, 0.0, 0.0, 1.0],
                [1.0, 1e-06, 1e-06, -0.0, 0.0, 0.658094, -0.752936, 0.3, -1e-06, 0.752936, 0.658094, 0.0, 0.0, 0.0, 0.0, 1.0],
                [1.0, 1e-06, 0.0, -0.0, 0.0, 0.403354, -0.915044, 0.3, -1e-06, 0.915045, 0.403353, 0.0, 0.0, 0.0, 0.0, 1.0],
                [1.0, 1e-06, 0.0, -0.0, 0.0, 0.394452, -0.918918, 0.3, -1e-06, 0.918915, 0.394453, 0.0, 0.0, 0.0, 0.0, 1.0],
                [1.0, 1e-06, 0.0, 0.0, 0.0, 0.446227, -0.89492, 0.3, -1e-06, 0.89492, 0.446227, 1e-06, 0.0, 0.0, 0.0, 1.0],
                [1.0, 1e-06, 0.0, 0.0, -0.0, 0.339945, -0.940447, 0.3, -1e-06, 0.940445, 0.339945, -0.0, 0.0, 0.0, 0.0, 1.0],
                [1.0, 1e-06, 0.0, 0.0, 0.0, 0.177777, -0.984071, 0.300001, -1e-06, 0.984071, 0.177777, 0.0, 0.0, 0.0, 0.0, 1.0],
                [1.0, 1e-06, 0.0, 0.0, 0.0, 0.066843, -0.997764, 0.3, -1e-06, 0.997763, 0.066843, -0.0, 0.0, 0.0, 0.0, 1.0],
                [1.0, 1e-06, 0.0, -0.0, 0.0, 0.385553, -0.922686, 0.3, -1e-06, 0.922686, 0.385553, 0.0, 0.0, 0.0, 0.0, 1.0],
                [1.0, 1e-06, 1e-06, -1e-06, 0.0, 0.425642, -0.904893, 0.3, -1e-06, 0.904891, 0.425643, 0.0, 0.0, 0.0, 0.0, 1.0]
            ]
        },
        {
            "name": "Tool_R",
            "time": [0.0, 0.1333, 0.2333, 0.3333, 0.4333, 0.5667, 0.7, 0.8667, 1.0, 1.2, 1.4333, 1.7333, 2.1667, 2.5333, 3.0, 3.3333],
            "transform": [
                [0.037664, 0.151812, 0.987692, 0.0, 0.899748, -0.435194, 0.03258, 0.272858, 0.434785, 0.887444, -0.152983, -0.0, 0.0, 0.0, 0.0, 1.0],
                [0.374334, -0.498142, 0.782131, -0.0, 0.909177, 0.363078, -0.203893, 0.272858, -0.182407, 0.787418, 0.588812, -0.0, 0.0, 0.0, 0.0, 1.0],
                [0.226712, -0.95029, -0.213426, 0.0, 0.971667, 0.205646, 0.116506, 0.272858, -0.066824, -0.233792, 0.969987, 0.0, 0.0, 0.0, 0.0, 1.0],
                [-0.092294, -0.633379, -0.768318, -1e-06, 0.892896, -0.394153, 0.217669, 0.272858, -0.440702, -0.66594, 0.601918, -0.0, 0.0, 0.0, 0.0, 1.0],
                [-0.120157, -0.07311, -0.990059, -0.0, 0.513933, -0.85783, 0.000974, 0.272858, -0.849374, -0.508707, 0.140648, 0.0, 0.0, 0.0, 0.0, 1.0],
                [0.642623, 0.447619, -0.62183, 0.0, 0.415881, -0.885414, -0.20757, 0.272858, -0.64349, -0.125218, -0.755143, 0.0, 0.0, 0.0, 0.0, 1.0],
                [-0.178609, 0.423169, 0.888273, -0.0, 0.935659, -0.206225, 0.286383, 0.272857, 0.304373, 0.882266, -0.35911, 0.0, 0.0, 0.0, 0.0, 1.0],
                [-0.764392, -0.355849, 0.537659, 0.0, 0.379427, 0.425946, 0.821344, 0.272858, -0.521288, 0.831831, -0.190571, 0.0, 0.0, 0.0, 0.0, 1.0],
                [-0.347809, -0.931139, -0.109585, 1e-06, -0.675815, 0.167975, 0.717676, 0.272858, -0.649849, 0.323673, -0.687701, -0.0, 0.0, 0.0, 0.0, 1.0],
                [0.394383, 0.428781, -0.812779, 0.0, 0.081155, -0.897264, -0.433973, 0.272858, -0.915353, 0.105191, -0.388665, 0.0, 0.0, 0.0, 0.0, 1.0],
                [-0.473608, 0.779855, -0.409293, -0.0, 0.859102, 0.306692, -0.409736, 0.272858, -0.194007, -0.545679, -0.815227, 0.0, 0.0, 0.0, 0.0, 1.0],
                [-0.50319, -0.776868, -0.378519, 1e-06, -0.253228, 0.551336, -0.794925, 0.272857, 0.826242, -0.304146, -0.474151, 0.0, 0.0, 0.0, 0.0, 1.0],
                [-0.246585, -0.818467, -0.518949, 0.0, -0.350237, 0.574554, -0.739745, 0.272858, 0.903621, -0.000655, -0.428333, 0.0, 0.0, 0.0, 0.0, 1.0],
                [0.31462, -0.864914, -0.391072, 0.0, -0.239932, 0.326153, -0.914361, 0.272858, 0.918393, 0.381508, -0.104906, -1e-06, 0.0, 0.0, 0.0, 1.0],
                [0.813114, -0.42799, -0.394551, -0.0, -0.215294, 0.408625, -0.886947, 0.272858, 0.540827, 0.806134, 0.240115, 1e-06, 0.0, 0.0, 0.0, 1.0],
                [0.92973, -0.29947, -0.214285, 0.0, -0.181606, 0.133336, -0.974292, 0.272858, 0.320342, 0.944742, 0.069581, 0.0, 0.0, 0.0, 0.0, 1.0]
            ]
        },
        {
            "name": "Elbow_R",
            "time": [0.0, 0.1333, 0.2333, 0.3333, 0.4333, 0.5667, 0.7, 0.8667, 1.0, 1.2, 1.4333, 1.7333, 2.1667, 2.5333, 3.0, 3.3333],
            "transform": [
                [-1.0, 0.0, -0.0, -0.0, 0.0, 0.0, -1.0, 0.3, -0.0, -1.0, -0.0, -0.0, 0.0, 0.0, 0.0, 1.0],
                [-1.0, 0.0, -0.0, -0.0, 0.0, 0.0, -1.0, 0.3, -0.0, -1.0, -0.0, -0.0, 0.0, 0.0, 0.0, 1.0],
                [-1.0, 0.0, 0.0, 0.0, 0.0, -0.0, -1.0, 0.3, -0.0, -1.0, -0.0, -0.0, 0.0, 0.0, 0.0, 1.0],
                [-1.0, 0.0, -0.0, -0.0, 0.0, 0.0, -1.0, 0.3, -0.0, -1.0, -0.0, 0.0, 0.0, 0.0, 0.0, 1.0],
                [-1.0, 0.0, -0.0, -0.0, 0.0, 0.0, -1.0, 0.3, -0.0, -1.0, -0.0, -0.0, 0.0, 0.0, 0.0, 1.0],
                [-1.0, 0.0, -0.0, 0.0, 0.0, 0.0, -1.0, 0.3, -0.0, -1.0, -0.0, -1e-06, 0.0, 0.0, 0.0, 1.0],
                [-1.0, 0.0, -0.0, -0.0, 0.0, 0.0, -1.0, 0.3, -0.0, -1.0, -0.0, -0.0, 0.0, 0.0, 0.0, 1.0],
                [-1.0, 0.0, -0.0, -0.0, 0.0, -0.0, -1.0, 0.3, -0.0, -1.0, -0.0, 0.0, 0.0, 0.0, 0.0, 1.0],
                [-1.0, 0.0, -0.0, -0.0, 0.0, -0.0, -1.0, 0.3, -0.0, -1.0, -0.0, 0.0, 0.0, 0.0, 0.0, 1.0],
                [-1.0, 0.0, -0.0, -0.0, 0.0, -0.0, -1.0, 0.3, -0.0, -1.0, -0.0, 0.0, 0.0, 0.0, 0.0, 1.0],
                [-1.0, 0.0, -0.0, 0.0, 0.0, 0.0, -1.0, 0.3, -0.0, -1.0, -0.0, 1e-06, 0.0, 0.0, 0.0, 1.0],
                [-1.0, 0.0, -0.0, 0.0, 0.0, 0.0, -1.0, 0.3, -0.0, -1.0, -0.0, -0.0, 0.0, 0.0, 0.0, 1.0],
                [-1.0, 0.0, -0.0, 0.0, 0.0, 0.0, -1.0, 0.300001, -0.0, -1.0, 0.0, 0.0, 0.0, 0.0, 0.0, 1.0],
                [-1.0, 0.0, -0.0, 0.0, 0.0, -0.0, -1.0, 0.3, -0.0, -1.0, 0.0, -0.0, 0.0, 0.0, 0.0, 1.0],
                [-1.0, 0.0, -0.0, -0.0, -0.0, 0.0, -1.0, 0.3, -0.0, -1.0, -0.0, 0.0, 0.0, 0.0, 0.0, 1.0],
                [-1.0, 0.0, -0.0, -1e-06, -0.0, 0.0, -1.0, 0.3, -0.0, -1.0, -0.0, 0.0, 0.0, 0.0, 0.0, 1.0]
            ]
        },
        {
            "name": "Shoulder_L",
            "time": [0.0, 0.1333, 0.2333, 0.3333, 0.4333, 0.5667, 0.7, 0.8667, 1.0, 1.2, 1.4333, 1.7333, 2.1667, 2.5333, 3.0, 3.3333],
            "transform": [
                [-0.174577, -0.947424, -0.268151, 0.0, -0.963657, 0.220317, -0.151036, 0.4, 0.20217, 0.232036, -0.951475, -0.0, 0.0, 0.0, 0.0, 1.0],
                [-0.216525, -0.974134, -0.064584, -0.0, -0.895016, 0.224491, -0.385416, 0.4, 0.389942, -0.025648, -0.92049, -0.0, 0.0, 0.0, 0.0, 1.0],
                [-0.132489, -0.972043, -0.19384, -0.0, -0.78072, 0.222828, -0.5838, 0.4, 0.610663, 0.073987, -0.788432, 0.0, 0.0, 0.0, 0.0, 1.0],
                [0.179663, -0.949196, -0.258359, -0.0, -0.839568, -0.011088, -0.543131, 0.4, 0.512658, 0.314491, -0.798929, -0.0, 0.0, 0.0, 0.0, 1.0],
                [0.217136, -0.965286, -0.145172, 0.0, -0.830072, -0.104343, -0.547797, 0.399999, 0.513619, 0.23945, -0.823936, 0.0, 0.0, 0.0, 0.0, 1.0],
                [-0.011339, -0.99966, 0.023443, 0.0, -0.823123, -0.00398, -0.567844, 0.4, 0.567732, -0.025735, -0.822817, -0.0, 0.0, 0.0, 0.0, 1.0],
                [0.010221, -0.933593, 0.358192, 0.0, -0.837786, -0.203546, -0.506631, 0.4, 0.545884, -0.294909, -0.78425, -0.0, 0.0, 0.0, 0.0, 1.0],
                [-0.003837, -0.945799, 0.324731, 0.0, -0.840706, -0.172779, -0.513178, 0.4, 0.541458, -0.274972, -0.794495, 0.0, 0.0, 0.0, 0.0, 1.0],
                [-0.103546, -0.994453, 0.01833, 0.0, -0.843773, 0.078071, -0.530986, 0.399999, 0.526601, -0.070447, -0.847195, -0.0, 0.0, 0.0, 0.0, 1.0],
                [-0.171403, -0.943547, -0.283434, -0.0, -0.843715, 0.289123, -0.452269, 0.4, 0.508677, 0.161616, -0.845659, -1e-06, 0.0, 0.0, 0.0, 1.0],
                [-0.085555, -0.996265, -0.011685, 0.0, -0.886562, 0.081477, -0.455362, 0.400001, 0.454601, -0.028599, -0.890244, -0.0, 0.0, 0.0, 0.0, 1.0],
                [-0.007693, -0.970798, 0.23978, 0.0, -0.845021, -0.121895, -0.520643, 0.4, 0.534653, -0.206625, -0.819428, -0.0, 0.0, 0.0, 0.0, 1.0],
                [-0.195662, -0.890513, 0.410739, -0.0, -0.864648, -0.040951, -0.500695, 0.400001, 0.462685, -0.453112, -0.761985, 0.0, 0.0, 0.0, 0.0, 1.0],
                [-0.046561, -0.719548, 0.692889, -0.0, -0.922601, -0.234908, -0.305952, 0.4, 0.382902, -0.653506, -0.652934, -1e-06, 0.0, 0.0, 0.0, 1.0],
                [0.320153, -0.915445, 0.243847, 0.0, -0.89407, -0.377074, -0.241731, 0.4, 0.313231, -0.140625, -0.939219, -0.0, 0.0, 0.0, 0.0, 1.0],
                [0.259585, -0.916689, 0.303804, -0.0, -0.885227, -0.351602, -0.304518, 0.4, 0.385956, -0.189888, -0.902773, -1e-06, 0.0, 0.0, 0.0, 1.0]
            ]
        },
        {
            "name": "Arm_L",
            "time": [0.0, 0.1333, 0.2333, 0.3333, 0.4333, 0.5667, 0.7, 0.8667, 1.0, 1.2, 1.4333, 1.7333, 2.1667, 2.5333, 3.0, 3.3333],
            "transform": [
                [0.948452, 0.287015, -0.134371, -1e-06, -0.151329, 0.782721, 0.603699, 0.39386, 0.278443, -0.552252, 0.785804, 0.0, 0.0, 0.0, 0.0, 1.0],
                [0.951483, 0.145234, 0.271253, -0.0, -0.285245, 0.746867, 0.600689, 0.39386, -0.115348, -0.648924, 0.752061, 0.0, 0.0, 0.0, 0.0, 1.0],
                [0.885078, 0.351878, -0.304652, -0.0, -0.365546, 0.93071, 0.012967, 0.39386, 0.288103, 0.099889, 0.952371, 0.0, 0.0, 0.0, 0.0, 1.0],
                [0.683852, 0.541369, -0.489153, 0.0, -0.728934, 0.536149, -0.425682, 0.39386, 0.031808, 0.647674, 0.761248, -0.0, 0.0, 0.0, 0.0, 1.0],
                [0.817169, 0.432235, -0.38133, 0.0, -0.571171, 0.696164, -0.434886, 0.39386, 0.077496, 0.573189, 0.815744, -0.0, 0.0, 0.0, 0.0, 1.0],
