{
    "animation": [
        {
            "name": "Root",
            "time": [0.0, 0.1667, 0.3, 0.4667, 0.5667, 0.6333, 0.7, 0.8, 0.8667, 0.9667, 1.1, 1.2333, 1.4, 1.5667, 1.7333, 1.8667, 2.0333],
            "transform": [
                [1.0, 0.0, 0.0, -2.2e-05, 0.0, 0.0, -1.0, 4.1e-05, -0.0, 1.0, 0.0, 0.688677, 0.0, 0.0, 0.0, 1.0],
                [1.0, 0.0, 0.0, 0.043263, 0.0, 0.0, -1.0, -0.029466, -0.0, 1.0, 0.0, 0.69294, 0.0, 0.0, 0.0, 1.0],
                [1.0, 0.0, 0.0, 0.033447, 0.0, 0.0, -1.0, -0.129412, -0.0, 1.0, 0.0, 0.59489, 0.0, 0.0, 0.0, 1.0],
                [1.0, 0.0, 0.0, -0.010111, 0.0, 0.0, -1.0, -0.181804, -0.0, 1.0, 0.0, 0.620468, 0.0, 0.0, 0.0, 1.0],
                [1.0, 0.0, 0.0, -0.009226, 0.0, 0.0, -1.0, -0.196445, -0.0, 1.0, 0.0, 0.620468, 0.0, 0.0, 0.0, 1.0],
                [1.0, 0.0, 0.0, -0.006802, 0.0, 0.0, -1.0, -0.180094, -0.0, 1.0, 0.0, 0.628994, 0.0, 0.0, 0.0, 1.0],
                [1.0, 0.0, 0.0, -0.058407, 0.0, 0.0, -1.0, -0.199301, -0.0, 1.0, 0.0, 0.63752, 0.0, 0.0, 0.0, 1.0],
                [1.0, 0.0, 0.0, -0.039766, 0.0, 0.0, -1.0, -0.197729, -0.0, 1.0, 0.0, 0.628994, 0.0, 0.0, 0.0, 1.0],
                [1.0, 0.0, 0.0, -0.039766, 0.0, 0.0, -1.0, -0.197729, -0.0, 1.0, 0.0, 0.628994, 0.0, 0.0, 0.0, 1.0],
                [1.0, 0.0, 0.0, -0.023278, 0.0, 0.0, -1.0, -0.16261, -0.0, 1.0, 0.0, 0.63752, 0.0, 0.0, 0.0, 1.0],
                [1.0, 0.0, 0.0, 0.067412, 0.0, 0.0, -1.0, -0.05522, -0.0, 1.0, 0.0, 0.688677, 0.0, 0.0, 0.0, 1.0],
                [1.0, 0.0, 0.0, 0.047186, 0.0, 0.0, -1.0, -0.066541, -0.0, 1.0, 0.0, 0.688677, 0.0, 0.0, 0.0, 1.0],
                [1.0, 0.0, 0.0, -0.022807, 0.0, 0.0, -1.0, -0.107083, -0.0, 1.0, 0.0, 0.688677, 0.0, 0.0, 0.0, 1.0],
                [1.0, 0.0, 0.0, -0.011626, 0.0, 0.0, -1.0, -0.109003, -0.0, 1.0, 0.0, 0.688677, 0.0, 0.0, 0.0, 1.0],
                [1.0, 0.0, 0.0, -0.005101, 0.0, 0.0, -1.0, -0.115154, -0.0, 1.0, 0.0, 0.688677, 0.0, 0.0, 0.0, 1.0],
                [1.0, 0.0, 0.0, -0.007341, 0.0, 0.0, -1.0, -0.099887, -0.0, 1.0, 0.0, 0.688677, 0.0, 0.0, 0.0, 1.0],
                [1.0, 0.0, 0.0, -0.007912, 0.0, 0.0, -1.0, -0.085768, -0.0, 1.0, 0.0, 0.670914, 0.0, 0.0, 0.0, 1.0]
            ]
        },
        {
            "name": "Thigh_R",
            "time": [0.0, 0.1667, 0.3, 0.4667, 0.5667, 0.6333, 0.7, 0.8, 0.8667, 0.9667, 1.1, 1.2333, 1.4, 1.5667, 1.7333, 1.8667, 2.0333],
            "transform": [
                [0.589454, 0.231206, 0.774008, 0.050122, 0.264273, -0.960633, 0.085694, -0.01112, 0.76335, 0.154037, -0.627351, 0.113022, 0.0, 0.0, 0.0, 1.0],
                [0.129608, 0.552775, 0.82319, 0.00126, 0.381304, -0.79414, 0.473233, -0.002831, 0.915319, 0.252551, -0.313702, 0.115117, 0.0, 0.0, 0.0, 1.0],
                [-0.147337, 0.712386, 0.686147, -0.001119, 0.398171, -0.592304, 0.700454, -0.002831, 0.905401, 0.376407, -0.196384, 0.125149, 0.0, 0.0, 0.0, 1.0],
                [-0.103667, 0.669385, 0.735647, 0.006437, 0.396741, -0.650411, 0.647736, -0.005462, 0.912058, 0.35901, -0.198147, 0.128558, 0.0, 0.0, 0.0, 1.0],
                [-0.077445, 0.641269, 0.763398, 0.01097, 0.394212, -0.683604, 0.614233, -0.007041, 0.915751, 0.34851, -0.199854, 0.151163, 0.0, 0.0, 0.0, 1.0],
                [-0.060012, 0.621614, 0.781022, 0.013992, 0.391831, -0.70496, 0.591185, -0.008093, 0.918078, 0.341507, -0.201261, 0.152526, 0.0, 0.0, 0.0, 1.0],
                [-0.042649, 0.601264, 0.797911, 0.017014, 0.388896, -0.72566, 0.567606, -0.009146, 0.920294, 0.334513, -0.202881, 0.133331, 0.0, 0.0, 0.0, 1.0],
                [0.000283, 0.547563, 0.836764, 0.02457, 0.379178, -0.774336, 0.506584, -0.011777, 0.925324, 0.31714, -0.207843, 0.13674, 0.0, 0.0, 0.0, 1.0],
                [0.000283, 0.547563, 0.836764, 0.02457, 0.379178, -0.774336, 0.506584, -0.011777, 0.925324, 0.31714, -0.207843, 0.13674, 0.0, 0.0, 0.0, 1.0],
                [0.015181, 0.518587, 0.85489, 0.032301, 0.386871, -0.791444, 0.47323, -0.025435, 0.922009, 0.323548, -0.212642, 0.13595, 0.0, 0.0, 0.0, 1.0],
                [0.264354, 0.498438, 0.825637, 0.042073, 0.305978, -0.85521, 0.418322, -0.002831, 0.914601, 0.142041, -0.378589, 0.119229, 0.0, 0.0, 0.0, 1.0],
                [0.325588, 0.45366, 0.829569, 0.051644, 0.307863, -0.880429, 0.360645, -0.004764, 0.893987, 0.137973, -0.426323, 0.112691, 0.0, 0.0, 0.0, 1.0],
                [0.374085, 0.416513, 0.828599, 0.0593, 0.306426, -0.898802, 0.313461, -0.006311, 0.875308, 0.136644, -0.463859, 0.107461, 0.0, 0.0, 0.0, 1.0],
                [0.433601, 0.368772, 0.82219, 0.068871, 0.300916, -0.919303, 0.253635, -0.008244, 0.849376, 0.137434, -0.50958, 0.100923, 0.0, 0.0, 0.0, 1.0],
                [0.491358, 0.319997, 0.810042, 0.078441, 0.291314, -0.936874, 0.193395, -0.010177, 0.820794, 0.140951, -0.553561, 0.094386, 0.0, 0.0, 0.0, 1.0],
                [0.535935, 0.280546, 0.796284, 0.086097, 0.280758, -0.948718, 0.145289, -0.011724, 0.79621, 0.145698, -0.587216, 0.089155, 0.0, 0.0, 0.0, 1.0],
                [0.589204, 0.231087, 0.774234, 0.095668, 0.264117, -0.960672, 0.085737, -0.013657, 0.763598, 0.153972, -0.627066, 0.082618, 0.0, 0.0, 0.0, 1.0]
            ]
        },
        {
            "name": "Leg_R",
            "time": [0.0, 0.1667, 0.3, 0.4667, 0.5667, 0.6333, 0.7, 0.8, 0.8667, 0.9667, 1.1, 1.2333, 1.4, 1.5667, 1.7333, 1.8667, 2.0333],
            "transform": [
                [1.0, 1e-06, -1e-06, 0.0, -1e-06, 0.932201, 0.361942, 0.37472, 1e-06, -0.361942, 0.9322, 0.0, 0.0, 0.0, 0.0, 1.0],
                [1.0, 1e-06, -1e-06, -0.0, -1e-06, 0.782687, 0.622415, 0.37472, 1e-06, -0.622415, 0.782687, 0.0, 0.0, 0.0, 0.0, 1.0],
                [1.0, 1e-06, -0.0, -0.0, -0.0, 0.458745, 0.888568, 0.37472, 1e-06, -0.888568, 0.458745, 0.0, 0.0, 0.0, 0.0, 1.0],
                [1.0, 1e-06, 0.0, 0.0, -1e-06, 0.569004, 0.822334, 0.37472, 1e-06, -0.822334, 0.569005, -0.0, 0.0, 0.0, 0.0, 1.0],
                [1.0, 1e-06, -0.0, 0.0, -1e-06, 0.613319, 0.789835, 0.37472, 1e-06, -0.789835, 0.613319, 0.0, 0.0, 0.0, 0.0, 1.0],
                [1.0, 1e-06, -0.0, -0.0, -1e-06, 0.634591, 0.772848, 0.37472, 1e-06, -0.772848, 0.634591, -0.0, 0.0, 0.0, 0.0, 1.0],
                [1.0, 1e-06, -0.0, -0.0, -1e-06, 0.657841, 0.753157, 0.37472, 1e-06, -0.753157, 0.657841, 0.0, 0.0, 0.0, 0.0, 1.0],
                [1.0, 1e-06, -0.0, 0.0, -1e-06, 0.691218, 0.722646, 0.37472, 1e-06, -0.722647, 0.691217, -0.0, 0.0, 0.0, 0.0, 1.0],
                [1.0, 1e-06, -0.0, 0.0, -1e-06, 0.691218, 0.722646, 0.37472, 1e-06, -0.722647, 0.691217, -0.0, 0.0, 0.0, 0.0, 1.0],
                [1.0, 1e-06, -1e-06, 0.0, -1e-06, 0.853112, 0.521727, 0.37472, 1e-06, -0.521726, 0.853113, -0.0, 0.0, 0.0, 0.0, 1.0],
                [1.0, 1e-06, -0.0, -0.0, -1e-06, 0.680526, 0.732723, 0.37472, 1e-06, -0.732723, 0.680526, 0.0, 0.0, 0.0, 0.0, 1.0],
                [1.0, 1e-06, -0.0, 0.0, -1e-06, 0.769495, 0.638653, 0.37472, 1e-06, -0.638653, 0.769495, 0.0, 0.0, 0.0, 0.0, 1.0],
                [1.0, 1e-06, -1e-06, -0.0, -1e-06, 0.927119, 0.374767, 0.37472, 1e-06, -0.374767, 0.927119, -0.0, 0.0, 0.0, 0.0, 1.0],
                [1.0, 1e-06, -1e-06, -0.0, -1e-06, 0.939798, 0.341733, 0.37472, 1e-06, -0.341734, 0.939797, -0.0, 0.0, 0.0, 0.0, 1.0],
                [1.0, 1e-06, -1e-06, -0.0, -1e-06, 0.928834, 0.370498, 0.37472, 1e-06, -0.370498, 0.928833, 0.0, 0.0, 0.0, 0.0, 1.0],
                [1.0, 1e-06, -1e-06, 0.0, -1e-06, 0.930209, 0.367032, 0.37472, 1e-06, -0.367032, 0.930208, 0.0, 0.0, 0.0, 0.0, 1.0],
                [1.0, 1e-06, -1e-06, -0.0, -1e-06, 0.932223, 0.361884, 0.37472, 1e-06, -0.361884, 0.932223, 0.0, 0.0, 0.0, 0.0, 1.0]
            ]
        },
        {
            "name": "Knee_R",
            "time": [0.0, 0.1667, 0.3, 0.4667, 0.5667, 0.6333, 0.7, 0.8, 0.8667, 0.9667, 1.1, 1.2333, 1.4, 1.5667, 1.7333, 1.8667, 2.0333],
            "transform": [
                [1.0, 0.0, -0.0, 0.0, -0.0, 1e-06, -1.0, 0.37472, -0.0, 1.0, 1e-06, 0.0, 0.0, 0.0, 0.0, 1.0],
                [1.0, 0.0, -0.0, -0.0, -0.0, 1e-06, -1.0, 0.37472, -0.0, 1.0, 1e-06, 0.0, 0.0, 0.0, 0.0, 1.0],
                [1.0, 0.0, -0.0, -0.0, -0.0, 1e-06, -1.0, 0.37472, -0.0, 1.0, 1e-06, 0.0, 0.0, 0.0, 0.0, 1.0],
                [1.0, 0.0, -0.0, 0.0, -0.0, 1e-06, -1.0, 0.37472, -0.0, 1.0, 0.0, -0.0, 0.0, 0.0, 0.0, 1.0],
                [1.0, 0.0, -0.0, 0.0, -0.0, 1e-06, -1.0, 0.37472, -0.0, 1.0, 1e-06, 0.0, 0.0, 0.0, 0.0, 1.0],
                [1.0, 0.0, -0.0, -0.0, -0.0, 1e-06, -1.0, 0.37472, -0.0, 1.0, 1e-06, -0.0, 0.0, 0.0, 0.0, 1.0],
                [1.0, 0.0, -0.0, -0.0, -0.0, 1e-06, -1.0, 0.37472, -0.0, 1.0, 1e-06, 0.0, 0.0, 0.0, 0.0, 1.0],
                [1.0, 0.0, -0.0, 0.0, -0.0, 1e-06, -1.0, 0.37472, -0.0, 1.0, 1e-06, -0.0, 0.0, 0.0, 0.0, 1.0],
                [1.0, 0.0, -0.0, 0.0, -0.0, 1e-06, -1.0, 0.37472, -0.0, 1.0, 1e-06, -0.0, 0.0, 0.0, 0.0, 1.0],
                [1.0, 0.0, -0.0, 0.0, -0.0, 1e-06, -1.0, 0.37472, -0.0, 1.0, 1e-06, -0.0, 0.0, 0.0, 0.0, 1.0],
                [1.0, 0.0, -0.0, -0.0, -0.0, 1e-06, -1.0, 0.37472, -0.0, 1.0, 1e-06, 0.0, 0.0, 0.0, 0.0, 1.0],
                [1.0, 0.0, -0.0, 0.0, -0.0, 1e-06, -1.0, 0.37472, -0.0, 1.0, 1e-06, 0.0, 0.0, 0.0, 0.0, 1.0],
                [1.0, 0.0, -0.0, -0.0, -0.0, 1e-06, -1.0, 0.37472, -0.0, 1.0, 1e-06, -0.0, 0.0, 0.0, 0.0, 1.0],
                [1.0, 0.0, -0.0, -0.0, -0.0, 1e-06, -1.0, 0.37472, -0.0, 1.0, 1e-06, -0.0, 0.0, 0.0, 0.0, 1.0],
                [1.0, 0.0, -0.0, -0.0, -0.0, 1e-06, -1.0, 0.37472, -0.0, 1.0, 1e-06, 0.0, 0.0, 0.0, 0.0, 1.0],
                [1.0, 0.0, -0.0, 0.0, -0.0, 1e-06, -1.0, 0.37472, -0.0, 1.0, 1e-06, 0.0, 0.0, 0.0, 0.0, 1.0],
                [1.0, 0.0, -0.0, -0.0, -0.0, 1e-06, -1.0, 0.37472, -0.0, 1.0, 1e-06, 0.0, 0.0, 0.0, 0.0, 1.0]
            ]
        },
        {
            "name": "Thigh_L",
            "time": [0.0, 0.1667, 0.3, 0.4667, 0.5667, 0.6333, 0.7, 0.8, 0.8667, 0.9667, 1.1, 1.2333, 1.4, 1.5667, 1.7333, 1.8667, 2.0333],
            "transform": [
                [0.893411, -0.047267, 0.446747, -0.066414, -0.214124, -0.919025, 0.330973, -0.00283, 0.394928, -0.391354, -0.831188, -0.088053, 0.0, 0.0, 0.0, 1.0],
                [0.606154, -0.02589, 0.794926, 0.001107, -0.300648, -0.93277, 0.198874, -0.002831, 0.736334, -0.359541, -0.573186, -0.086359, 0.0, 0.0, 0.0, 1.0],
                [0.325842, 0.295703, 0.897991, -0.000359, -0.504146, -0.749169, 0.42963, -0.002831, 0.79979, -0.592709, -0.095033, -0.088053, 0.0, 0.0, 0.0, 1.0],
                [0.325842, 0.295703, 0.897991, -0.000359, -0.504146, -0.749169, 0.42963, -0.002831, 0.79979, -0.592709, -0.095033, -0.088053, 0.0, 0.0, 0.0, 1.0],
                [0.325842, 0.295703, 0.897991, -0.000359, -0.504146, -0.749169, 0.42963, -0.002831, 0.79979, -0.592709, -0.095033, -0.088053, 0.0, 0.0, 0.0, 1.0],
                [0.325842, 0.295703, 0.897991, -0.000359, -0.504146, -0.749169, 0.42963, -0.002831, 0.79979, -0.592709, -0.095033, -0.088053, 0.0, 0.0, 0.0, 1.0],
                [0.325842, 0.295703, 0.897991, -0.000359, -0.504146, -0.749169, 0.42963, -0.002831, 0.79979, -0.592709, -0.095033, -0.088053, 0.0, 0.0, 0.0, 1.0],
                [0.325842, 0.295703, 0.897991, -0.000359, -0.504146, -0.749169, 0.42963, -0.002831, 0.79979, -0.592709, -0.095033, -0.088053, 0.0, 0.0, 0.0, 1.0],
                [0.325842, 0.295703, 0.897991, -0.000359, -0.504146, -0.749169, 0.42963, -0.002831, 0.79979, -0.592709, -0.095033, -0.088053, 0.0, 0.0, 0.0, 1.0],
                [0.54749, 0.126201, 0.827241, -0.011522, -0.465207, -0.775821, 0.426244, -0.002831, 0.695584, -0.618202, -0.366045, -0.069089, 0.0, 0.0, 0.0, 1.0],
                [0.71578, -0.010163, 0.698252, -0.062644, -0.312566, -0.898805, 0.30733, -0.002831, 0.62447, -0.43823, -0.646523, -0.106917, 0.0, 0.0, 0.0, 1.0],
                [0.752968, -0.017905, 0.657813, -0.062342, -0.295634, -0.902277, 0.31384, -0.006613, 0.587911, -0.430783, -0.68468, -0.102696, 0.0, 0.0, 0.0, 1.0],
                [0.781158, -0.023781, 0.62388, -0.062101, -0.281812, -0.905114, 0.318355, -0.009639, 0.557112, -0.424502, -0.71374, -0.099318, 0.0, 0.0, 0.0, 1.0],
                [0.814293, -0.030697, 0.579642, -0.061798, -0.264255, -0.908719, 0.323107, -0.013422, 0.516814, -0.416276, -0.748076, -0.095097, 0.0, 0.0, 0.0, 1.0],
                [0.844941, -0.037104, 0.533572, -0.061496, -0.246464, -0.912374, 0.326845, -0.017204, 0.47469, -0.40767, -0.780048, -0.090875, 0.0, 0.0, 0.0, 1.0],
                [0.867574, -0.041844, 0.495545, -0.061255, -0.232121, -0.915323, 0.329094, -0.02023, 0.439814, -0.400539, -0.803824, -0.087497, 0.0, 0.0, 0.0, 1.0],
                [0.893411, -0.047267, 0.446747, -0.060953, -0.214124, -0.919025, 0.330973, -0.024013, 0.394928, -0.391354, -0.831188, -0.083276, 0.0, 0.0, 0.0, 1.0]
            ]
        },
        {
            "name": "Leg_L",
            "time": [0.0, 0.1667, 0.3, 0.4667, 0.5667, 0.6333, 0.7, 0.8, 0.8667, 0.9667, 1.1, 1.2333, 1.4, 1.5667, 1.7333, 1.8667, 2.0333],
            "transform": [
                [1.0, -0.0, 0.0, 0.0, 0.0, 0.862422, 0.506188, 0.37472, -0.0, -0.506188, 0.862423, 0.0, 0.0, 0.0, 0.0, 1.0],
                [1.0, -0.0, 0.0, -0.0, -0.0, 0.847772, 0.53036, 0.37472, -0.0, -0.53036, 0.847773, -0.0, 0.0, 0.0, 0.0, 1.0],
                [1.0, 0.0, 0.0, -0.0, -0.0, 0.317883, 0.94813, 0.37472, -0.0, -0.948129, 0.317884, -0.0, 0.0, 0.0, 0.0, 1.0],
                [1.0, -0.0, -0.0, -0.0, 0.0, 0.477941, 0.878392, 0.37472, 0.0, -0.878391, 0.477942, -0.0, 0.0, 0.0, 0.0, 1.0],
                [1.0, -0.0, 0.0, -0.0, -0.0, 0.492348, 0.870398, 0.37472, -0.0, -0.870398, 0.492348, -0.0, 0.0, 0.0, 0.0, 1.0],
                [1.0, -0.0, 0.0, 0.0, -0.0, 0.493307, 0.869856, 0.37472, -0.0, -0.869855, 0.493307, 0.0, 0.0, 0.0, 0.0, 1.0],
                [1.0, 0.0, 0.0, -0.0, -0.0, 0.609489, 0.792794, 0.37472, 0.0, -0.792794, 0.60949, 0.0, 0.0, 0.0, 0.0, 1.0],
                [1.0, -0.0, -0.0, -0.0, 0.0, 0.573245, 0.819384, 0.37472, 0.0, -0.819383, 0.573246, -0.0, 0.0, 0.0, 0.0, 1.0],
                [1.0, -0.0, -0.0, -0.0, 0.0, 0.573245, 0.819384, 0.37472, 0.0, -0.819383, 0.573246, -0.0, 0.0, 0.0, 0.0, 1.0],
                [1.0, -0.0, 0.0, -0.0, 0.0, 0.715335, 0.698781, 0.37472, -0.0, -0.698781, 0.715336, 0.0, 0.0, 0.0, 0.0, 1.0],
                [1.0, -0.0, 0.0, 0.0, 0.0, 0.726281, 0.687397, 0.37472, -0.0, -0.687397, 0.726282, 0.0, 0.0, 0.0, 0.0, 1.0],
                [1.000001, -0.0, -0.0, 0.0, 0.0, 0.779862, 0.625951, 0.37472, -0.0, -0.625951, 0.779862, -0.0, 0.0, 0.0, 0.0, 1.0],
                [1.000001, -0.0, 0.0, 0.0, 0.0, 0.877664, 0.479276, 0.37472, -0.0, -0.479276, 0.877664, 0.0, 0.0, 0.0, 0.0, 1.0],
                [1.0, -0.0, 0.0, -0.0, 0.0, 0.903274, 0.429064, 0.37472, -0.0, -0.429064, 0.903274, -0.0, 0.0, 0.0, 0.0, 1.0],
                [1.000001, -0.0, 0.0, 0.0, 0.0, 0.884098, 0.4673, 0.37472, -0.0, -0.4673, 0.884099, -0.0, 0.0, 0.0, 0.0, 1.0],
                [1.000001, -0.0, 0.0, -0.0, 0.0, 0.86386, 0.503732, 0.37472, -0.0, -0.503732, 0.86386, 0.0, 0.0, 0.0, 0.0, 1.0],
                [1.0, -0.0, 0.0, -0.0, 0.0, 0.862422, 0.506188, 0.37472, -0.0, -0.506188, 0.862423, -0.0, 0.0, 0.0, 0.0, 1.0]
            ]
        },
        {
            "name": "Knee_L",
            "time": [0.0, 0.1667, 0.3, 0.4667, 0.5667, 0.6333, 0.7, 0.8, 0.8667, 0.9667, 1.1, 1.2333, 1.4, 1.5667, 1.7333, 1.8667, 2.0333],
            "transform": [
                [1.0, 0.0, -0.0, 0.0, -0.0, 1e-06, -1.0, 0.37472, -0.0, 1.0, 1e-06, 0.0, 0.0, 0.0, 0.0, 1.0],
                [1.0, 0.0, -0.0, -0.0, -0.0, 1e-06, -1.0, 0.37472, -0.0, 1.0, 1e-06, -0.0, 0.0, 0.0, 0.0, 1.0],
                [1.0, 0.0, -0.0, -0.0, -0.0, 1e-06, -1.0, 0.37472, -0.0, 1.0, 1e-06, -0.0, 0.0, 0.0, 0.0, 1.0],
                [1.0, 0.0, -0.0, -0.0, -0.0, 1e-06, -1.0, 0.37472, -0.0, 1.0, 1e-06, -0.0, 0.0, 0.0, 0.0, 1.0],
                [1.0, 0.0, -0.0, -0.0, -0.0, 1e-06, -1.0, 0.37472, -0.0, 1.0, 1e-06, -0.0, 0.0, 0.0, 0.0, 1.0],
                [1.0, 0.0, -0.0, 0.0, -0.0, 1e-06, -1.0, 0.37472, -0.0, 1.0, 1e-06, 0.0, 0.0, 0.0, 0.0, 1.0],
                [1.0, 0.0, -0.0, -0.0, -0.0, 1e-06, -1.0, 0.37472, -0.0, 1.0, 1e-06, 0.0, 0.0, 0.0, 0.0, 1.0],
                [1.0, 0.0, -0.0, -0.0, -0.0, 1e-06, -1.0, 0.37472, -0.0, 1.0, 1e-06, -0.0, 0.0, 0.0, 0.0, 1.0],
                [1.0, 0.0, -0.0, -0.0, -0.0, 1e-06, -1.0, 0.37472, -0.0, 1.0, 1e-06, -0.0, 0.0, 0.0, 0.0, 1.0],
                [1.0, 0.0, -0.0, -0.0, -0.0, 1e-06, -1.0, 0.37472, -0.0, 1.0, 1e-06, 0.0, 0.0, 0.0, 0.0, 1.0],
                [1.0, 0.0, -0.0, 0.0, -0.0, 1e-06, -1.0, 0.37472, -0.0, 1.0, 1e-06, 0.0, 0.0, 0.0, 0.0, 1.0],
                [1.0, 0.0, -0.0, 0.0, -0.0, 1e-06, -1.0, 0.37472, -0.0, 1.0, 1e-06, -0.0, 0.0, 0.0, 0.0, 1.0],
                [1.0, 0.0, -0.0, 0.0, -0.0, 1e-06, -1.0, 0.37472, -0.0, 1.0, 1e-06, 0.0, 0.0, 0.0, 0.0, 1.0],
                [1.0, 0.0, -0.0, -0.0, -0.0, 1e-06, -1.0, 0.37472, -0.0, 1.0, 1e-06, -0.0, 0.0, 0.0, 0.0, 1.0],
                [1.0, 0.0, -0.0, 0.0, -0.0, 1e-06, -1.0, 0.37472, -0.0, 1.0, 1e-06, -0.0, 0.0, 0.0, 0.0, 1.0],
                [1.0, 0.0, -0.0, -0.0, -0.0, 1e-06, -1.0, 0.37472, -0.0, 1.0, 1e-06, 0.0, 0.0, 0.0, 0.0, 1.0],
                [1.0, 0.0, -0.0, -0.0, -0.0, 1e-06, -1.0, 0.37472, -0.0, 1.0, 1e-06, -0.0, 0.0, 0.0, 0.0, 1.0]
            ]
        },
        {
            "name": "Torso",
            "time": [0.0, 0.1667, 0.3, 0.4667, 0.5667, 0.6333, 0.7, 0.8, 0.8667, 0.9667, 1.1, 1.2333, 1.4, 1.5667, 1.7333, 1.8667, 2.0333],
            "transform": [
                [0.701234, -0.067462, -0.709732, -0.0, 0.007342, 0.996143, -0.087433, 0.05, 0.712893, 0.056101, 0.699025, -0.0, 0.0, 0.0, 0.0, 1.0],
                [0.297625, -0.046826, -0.953534, -0.0, 0.030852, 0.998747, -0.039417, 0.05, 0.954184, -0.017687, 0.298697, 0.0, 0.0, 0.0, 0.0, 1.0],
                [0.026211, 0.021009, -0.999436, -0.0, 0.118097, 0.992713, 0.023964, 0.05, 0.992656, -0.118658, 0.023539, 0.0, 0.0, 0.0, 0.0, 1.0],
                [0.213649, -0.040731, -0.976061, 0.0, 0.144817, 0.989412, -0.009589, 0.05, 0.966117, -0.139302, 0.217285, -0.0, 0.0, 0.0, 0.0, 1.0],
                [0.281892, -0.091096, -0.955112, 0.0, 0.149652, 0.987473, -0.050014, 0.05, 0.947703, -0.128836, 0.291993, -0.0, 0.0, 0.0, 0.0, 1.0],
                [0.320252, -0.130033, -0.938366, -0.0, 0.154022, 0.984502, -0.08386, 0.05, 0.934728, -0.117673, 0.335317, -0.0, 0.0, 0.0, 0.0, 1.0],
                [0.247463, -0.167083, -0.954382, -0.0, 0.145652, 0.98024, -0.133843, 0.05, 0.957887, -0.105886, 0.266909, -0.0, 0.0, 0.0, 0.0, 1.0],
                [0.251372, -0.169529, -0.952928, -0.0, 0.144893, 0.980038, -0.136131, 0.05, 0.956984, -0.103853, 0.270917, -0.0, 0.0, 0.0, 0.0, 1.0],
                [0.251372, -0.169529, -0.952928, -0.0, 0.144893, 0.980038, -0.136131, 0.05, 0.956984, -0.103853, 0.270917, -0.0, 0.0, 0.0, 0.0, 1.0],
                [0.253833, -0.159097, -0.954074, -0.0, 0.130936, 0.982952, -0.129077, 0.05, 0.958345, -0.092158, 0.270337, -0.0, 0.0, 0.0, 0.0, 1.0],
                [0.425544, -0.132134, -0.89524, -0.0, 0.086803, 0.990681, -0.104959, 0.05, 0.900765, -0.033045, 0.433048, -0.0, 0.0, 0.0, 0.0, 1.0],
                [0.568884, -0.104266, -0.815782, -0.0, 0.048851, 0.994464, -0.093037, 0.05, 0.820965, 0.013075, 0.570828, 0.0, 0.0, 0.0, 0.0, 1.0],
                [0.701234, -0.067462, -0.709732, -0.0, 0.007342, 0.996143, -0.087433, 0.05, 0.712893, 0.056101, 0.699025, -0.0, 0.0, 0.0, 0.0, 1.0],
                [0.702544, -0.061762, -0.708955, -0.0, -0.000587, 0.996176, -0.087365, 0.05, 0.71164, 0.061794, 0.699822, 0.0, 0.0, 0.0, 0.0, 1.0],
                [0.675133, -0.064984, -0.734828, -0.0, 0.000645, 0.996164, -0.087502, 0.05, 0.737696, 0.058601, 0.672585, 0.0, 0.0, 0.0, 0.0, 1.0],
                [0.669176, -0.067805, -0.740004, -0.0, 0.004021, 0.996144, -0.087639, 0.05, 0.743093, 0.05567, 0.666869, 0.0, 0.0, 0.0, 0.0, 1.0],
                [0.701234, -0.067462, -0.709732, -0.0, 0.007342, 0.996143, -0.087433, 0.05, 0.712893, 0.056101, 0.699025, 0.0, 0.0, 0.0, 0.0, 1.0]
            ]
        },
        {
            "name": "Chest",
            "time": [0.0, 0.1667, 0.3, 0.4667, 0.5667, 0.6333, 0.7, 0.8, 0.8667, 0.9667, 1.1, 1.2333, 1.4, 1.5667, 1.7333, 1.8667, 2.0333],
            "transform": [
                [0.961219, -0.076485, -0.264968, -0.0, 0.082772, 0.996488, 0.012625, 0.3, 0.263072, -0.034067, 0.964175, 0.0, 0.0, 0.0, 0.0, 1.0],
                [0.965165, -0.096328, -0.243263, -0.0, 0.098342, 0.995145, -0.00388, 0.3, 0.242456, -0.020178, 0.969952, 0.0, 0.0, 0.0, 0.0, 1.0],
                [0.942311, -0.039697, -0.332375, -0.0, 0.115142, 0.970791, 0.210492, 0.3, 0.314311, -0.23662, 0.919359, -0.0, 0.0, 0.0, 0.0, 1.0],
                [0.763245, -0.039523, -0.644899, -0.0, 0.21103, 0.958636, 0.191005, 0.3, 0.610674, -0.281877, 0.740015, 0.0, 0.0, 0.0, 0.0, 1.0],
                [0.854909, -0.019983, -0.518393, -0.0, 0.15268, 0.964694, 0.214605, 0.3, 0.495802, -0.262616, 0.827776, 0.0, 0.0, 0.0, 0.0, 1.0],
                [0.937772, 0.0046, -0.347222, -0.0, 0.082233, 0.968529, 0.234925, 0.3, 0.337375, -0.248859, 0.90788, -0.0, 0.0, 0.0, 0.0, 1.0],
                [0.946836, 0.024854, -0.320754, 0.0, 0.04858, 0.974534, 0.218915, 0.3, 0.318027, -0.222859, 0.921517, 0.0, 0.0, 0.0, 0.0, 1.0],
                [0.970098, 0.065284, -0.233769, -0.0, -0.007688, 0.970929, 0.239244, 0.3, 0.242591, -0.230292, 0.942398, 0.0, 0.0, 0.0, 0.0, 1.0],
                [0.970098, 0.065284, -0.233769, -0.0, -0.007688, 0.970929, 0.239244, 0.3, 0.242591, -0.230292, 0.942398, 0.0, 0.0, 0.0, 0.0, 1.0],
                [0.968222, 0.049863, -0.245072, 0.0, -0.0103, 0.987041, 0.160135, 0.3, 0.249881, -0.152522, 0.956189, -0.0, 0.0, 0.0, 0.0, 1.0],
                [0.970863, -0.000495, -0.239634, -0.0, 0.0244, 0.995004, 0.096801, 0.3, 0.238389, -0.099827, 0.966025, 0.0, 0.0, 0.0, 0.0, 1.0],
                [0.973374, -0.03694, -0.226226, 0.0, 0.052836, 0.99651, 0.064618, 0.3, 0.22305, -0.074851, 0.971929, 0.0, 0.0, 0.0, 0.0, 1.0],
                [0.972852, -0.08276, -0.216126, -0.0, 0.090195, 0.995616, 0.024752, 0.3, 0.21313, -0.043573, 0.976051, 0.0, 0.0, 0.0, 0.0, 1.0],
                [0.969166, -0.123389, -0.213292, -0.0, 0.120165, 0.992357, -0.028066, 0.3, 0.215125, 0.001571, 0.976585, -0.0, 0.0, 0.0, 0.0, 1.0],
                [0.967206, -0.091544, -0.236925, -0.0, 0.088858, 0.9958, -0.022014, 0.3, 0.237946, 0.000239, 0.971278, -0.0, 0.0, 0.0, 0.0, 1.0],
                [0.963706, -0.064303, -0.259106, -0.0, 0.066459, 0.997789, -0.000437, 0.3, 0.258561, -0.016799, 0.965848, 0.0, 0.0, 0.0, 0.0, 1.0],
                [0.961219, -0.076485, -0.264967, -0.0, 0.082772, 0.996488, 0.012625, 0.3, 0.263071, -0.034067, 0.964174, -0.0, 0.0, 0.0, 0.0, 1.0]
            ]
        },
        {
            "name": "Head",
            "time": [0.0, 0.1667, 0.3, 0.4667, 0.5667, 0.6333, 0.7, 0.8, 0.8667, 0.9667, 1.1, 1.2333, 1.4, 1.5667, 1.7333, 1.8667, 2.0333],
            "transform": [
                [0.548037, 0.020692, 0.836198, -0.0, -0.120727, 0.991183, 0.054597, 0.4, -0.827696, -0.130873, 0.545703, 0.0, 0.0, 0.0, 0.0, 1.0],
                [0.701449, 0.032447, 0.71198, 0.0, -0.190001, 0.971325, 0.142925, 0.4, -0.686927, -0.235531, 0.6875, 0.0, 0.0, 0.0, 0.0, 1.0],
                [0.38063, 0.158405, 0.911059, 0.0, 0.020473, 0.983534, -0.17956, 0.4, -0.9245, 0.086999, 0.37112, -0.0, 0.0, 0.0, 0.0, 1.0],
                [0.422963, 0.130461, 0.896706, -0.0, -0.075675, 0.99121, -0.108516, 0.4, -0.902982, -0.02196, 0.429118, 0.0, 0.0, 0.0, 0.0, 1.0],
                [0.478916, 0.13104, 0.868025, -0.0, -0.090922, 0.990883, -0.099422, 0.4, -0.87314, -0.031308, 0.486464, 0.0, 0.0, 0.0, 0.0, 1.0],
                [0.51387, 0.155065, 0.843737, 0.0, -0.099978, 0.987651, -0.120623, 0.4, -0.852023, -0.022371, 0.523027, -0.0, 0.0, 0.0, 0.0, 1.0],
                [0.304758, 0.223992, 0.925716, 0.0, -0.099544, 0.974119, -0.202933, 0.4, -0.947213, -0.030304, 0.319168, -0.0, 0.0, 0.0, 0.0, 1.0],
                [0.332341, 0.240377, 0.912014, 0.0, -0.035092, 0.969459, -0.24273, 0.4, -0.942506, 0.048664, 0.330626, -0.0, 0.0, 0.0, 0.0, 1.0],
                [0.332341, 0.240377, 0.912014, 0.0, -0.035092, 0.969459, -0.24273, 0.4, -0.942506, 0.048664, 0.330626, -0.0, 0.0, 0.0, 0.0, 1.0],
                [0.343508, 0.19634, 0.918397, -0.0, -0.004387, 0.978227, -0.20749, 0.4, -0.939139, 0.067246, 0.33689, 0.0, 0.0, 0.0, 0.0, 1.0],
                [0.494839, 0.112412, 0.861683, -0.0, -0.067962, 0.993567, -0.090588, 0.4, -0.866323, -0.013735, 0.499295, 0.0, 0.0, 0.0, 0.0, 1.0],
                [0.586757, 0.082227, 0.805578, 0.0, -0.122739, 0.992368, -0.011894, 0.4, -0.800407, -0.091897, 0.592371, -0.0, 0.0, 0.0, 0.0, 1.0],
                [0.634051, 0.080173, 0.769124, -0.0, -0.178655, 0.98289, 0.044824, 0.4, -0.752371, -0.165828, 0.637526, 0.0, 0.0, 0.0, 0.0, 1.0],
                [0.602729, 0.103829, 0.791162, -0.0, -0.232964, 0.971198, 0.050023, 0.4, -0.763182, -0.214463, 0.609557, -0.0, 0.0, 0.0, 0.0, 1.0],
                [0.52504, 0.082871, 0.847033, -0.0, -0.201069, 0.979153, 0.028837, 0.4, -0.826986, -0.185452, 0.530757, 0.0, 0.0, 0.0, 0.0, 1.0],
                [0.495065, 0.04891, 0.867478, -0.0, -0.154108, 0.987527, 0.03227, 0.4, -0.85508, -0.149661, 0.496428, -0.0, 0.0, 0.0, 0.0, 1.0],
                [0.548037, 0.020692, 0.836198, 0.0, -0.120727, 0.991183, 0.054597, 0.4, -0.827696, -0.130873, 0.545703, -0.0, 0.0, 0.0, 0.0, 1.0]
            ]
        },
        {
            "name": "Shoulder_R",
            "time": [0.0, 0.1667, 0.3, 0.4667, 0.5667, 0.6333, 0.7, 0.8, 0.8667, 0.9667, 1.1, 1.2333, 1.4, 1.5667, 1.7333, 1.8667, 2.0333],
            "transform": [
                [0.293104, 0.909208, -0.295687, -0.0, 0.747399, -0.410761, -0.522179, 0.4, -0.596226, -0.067944, -0.799936, 0.0, 0.0, 0.0, 0.0, 1.0],
                [0.390612, 0.887467, -0.244589, 0.0, 0.675995, -0.456882, -0.578178, 0.4, -0.624863, 0.060503, -0.778387, 0.0, 0.0, 0.0, 0.0, 1.0],
                [0.335764, 0.874897, -0.349023, 0.0, 0.692744, -0.480427, -0.537862, 0.4, -0.638254, -0.061189, -0.76739, -0.0, 0.0, 0.0, 0.0, 1.0],
                [0.351206, 0.879093, -0.322258, -0.0, 0.715097, -0.474019, -0.513753, 0.4, -0.604393, -0.050012, -0.795115, 0.0, 0.0, 0.0, 0.0, 1.0],
                [0.283193, 0.883677, -0.372715, -0.0, 0.747318, -0.446895, -0.491732, 0.4, -0.601097, -0.139281, -0.786945, 0.0, 0.0, 0.0, 0.0, 1.0],
                [0.215642, 0.878955, -0.425367, 0.0, 0.774239, -0.419353, -0.474023, 0.4, -0.595023, -0.227116, -0.770951, -0.0, 0.0, 0.0, 0.0, 1.0],
                [0.23128, 0.878846, -0.417298, 0.0, 0.814234, -0.409613, -0.411388, 0.4, -0.532478, -0.244632, -0.810322, -0.0, 0.0, 0.0, 0.0, 1.0],
                [0.193949, 0.887585, -0.417823, 0.0, 0.85515, -0.361676, -0.37136, 0.4, -0.480731, -0.285277, -0.829165, -0.0, 0.0, 0.0, 0.0, 1.0],
                [0.193949, 0.887585, -0.417823, 0.0, 0.85515, -0.361676, -0.37136, 0.4, -0.480731, -0.285277, -0.829165, -0.0, 0.0, 0.0, 0.0, 1.0],
                [0.081072, 0.839984, -0.53652, -0.0, 0.839525, -0.347696, -0.4175, 0.4, -0.53724, -0.416574, -0.733375, 0.0, 0.0, 0.0, 0.0, 1.0],
                [0.239838, 0.884693, -0.399745, -0.0, 0.80132, -0.412857, -0.432938, 0.4, -0.548055, -0.216488, -0.807941, 0.0, 0.0, 0.0, 0.0, 1.0],
                [0.251538, 0.893423, -0.372187, 0.0, 0.776903, -0.415719, -0.472863, 0.4, -0.577192, -0.17021, -0.798672, -0.0, 0.0, 0.0, 0.0, 1.0],
                [0.172056, 0.887903, -0.426644, -0.0, 0.750945, -0.398529, -0.526552, 0.4, -0.637557, -0.22979, -0.735335, 0.0, 0.0, 0.0, 0.0, 1.0],
                [0.169799, 0.858875, -0.48322, -0.0, 0.763561, -0.42465, -0.486463, 0.4, -0.62301, -0.286367, -0.727909, -0.0, 0.0, 0.0, 0.0, 1.0],
                [0.167171, 0.843169, -0.510998, -0.0, 0.761915, -0.439423, -0.475809, 0.4, -0.625732, -0.309795, -0.715881, 0.0, 0.0, 0.0, 0.0, 1.0],
                [0.203827, 0.866152, -0.456327, -0.0, 0.753744, -0.436291, -0.491447, 0.4, -0.624759, -0.243784, -0.741785, -0.0, 0.0, 0.0, 0.0, 1.0],
                [0.293104, 0.909208, -0.295687, 0.0, 0.747399, -0.410761, -0.522179, 0.4, -0.596226, -0.067944, -0.799936, -0.0, 0.0, 0.0, 0.0, 1.0]
            ]
        },
        {
            "name": "Arm_R",
            "time": [0.0, 0.1667, 0.3, 0.4667, 0.5667, 0.6333, 0.7, 0.8, 0.8667, 0.9667, 1.1, 1.2333, 1.4, 1.5667, 1.7333, 1.8667, 2.0333],
            "transform": [
                [0.386235, -0.818537, 0.425228, 0.0, 0.755358, 0.545257, 0.363494, 0.39386, -0.529392, 0.180805, 0.828887, 0.0, 0.0, 0.0, 0.0, 1.0],
                [0.587141, -0.771594, 0.244764, 0.0, 0.778979, 0.620792, 0.088369, 0.39386, -0.220132, 0.138781, 0.965547, 0.0, 0.0, 0.0, 0.0, 1.0],
                [0.593544, -0.757911, 0.270694, 0.0, 0.728228, 0.648971, 0.220275, 0.39386, -0.342621, 0.066384, 0.937125, -0.0, 0.0, 0.0, 0.0, 1.0],
                [0.703556, -0.676611, 0.217269, -0.0, 0.672045, 0.732872, 0.106082, 0.39386, -0.231007, 0.07138, 0.97033, 0.0, 0.0, 0.0, 0.0, 1.0],
                [0.605593, -0.735391, 0.304068, -0.0, 0.683768, 0.676338, 0.273913, 0.393861, -0.407086, 0.042032, 0.912422, -0.0, 0.0, 0.0, 0.0, 1.0],
                [0.495779, -0.790267, 0.360113, 0.0, 0.667806, 0.612006, 0.423655, 0.39386, -0.555192, 0.030447, 0.831165, -0.0, 0.0, 0.0, 0.0, 1.0],
                [0.648514, -0.699314, 0.300649, -0.0, 0.677398, 0.710356, 0.191118, 0.393861, -0.347219, 0.079716, 0.934391, 0.0, 0.0, 0.0, 0.0, 1.0],
                [0.645259, -0.735716, 0.205819, -0.0, 0.68423, 0.676379, 0.272655, 0.39386, -0.339808, -0.035105, 0.93984, -0.0, 0.0, 0.0, 0.0, 1.0],
                [0.645259, -0.735716, 0.205819, -0.0, 0.68423, 0.676379, 0.272655, 0.39386, -0.339808, -0.035105, 0.93984, -0.0, 0.0, 0.0, 0.0, 1.0],
                [0.520537, -0.805852, 0.28221, 0.0, 0.713033, 0.592088, 0.375521, 0.393861, -0.469707, 0.005752, 0.882804, -0.0, 0.0, 0.0, 0.0, 1.0],
                [0.448733, -0.814182, 0.368437, 0.0, 0.746074, 0.568254, 0.347074, 0.393861, -0.491947, 0.119138, 0.862435, 0.0, 0.0, 0.0, 0.0, 1.0],
                [0.354178, -0.834759, 0.421585, -0.0, 0.740837, 0.525564, 0.418261, 0.393861, -0.570718, 0.164186, 0.804565, -0.0, 0.0, 0.0, 0.0, 1.0],
                [0.225408, -0.867547, 0.443343, 0.0, 0.701661, 0.460259, 0.543905, 0.393861, -0.675916, 0.188476, 0.71247, 0.0, 0.0, 0.0, 0.0, 1.0],
                [0.313655, -0.892951, 0.322892, -0.0, 0.708551, 0.446481, 0.546452, 0.393861, -0.63212, 0.057388, 0.772742, -0.0, 0.0, 0.0, 0.0, 1.0],
                [0.414269, -0.864019, 0.286097, 0.0, 0.706077, 0.503439, 0.497999, 0.39386, -0.574314, -0.004299, 0.818624, 0.0, 0.0, 0.0, 0.0, 1.0],
                [0.413975, -0.837428, 0.356845, 0.0, 0.699228, 0.543538, 0.464379, 0.39386, -0.582843, 0.057274, 0.810564, 0.0, 0.0, 0.0, 0.0, 1.0],
                [0.386235, -0.818537, 0.425228, -0.0, 0.755358, 0.545257, 0.363494, 0.393861, -0.529393, 0.180805, 0.828887, -0.0, 0.0, 0.0, 0.0, 1.0]
            ]
        },
        {
            "name": "Hand_R",
            "time": [0.0, 0.1667, 0.3, 0.4667, 0.5667, 0.6333, 0.7, 0.8, 0.8667, 0.9667, 1.1, 1.2333, 1.4, 1.5667, 1.7333, 1.8667, 2.0333],
            "transform": [
                [1.0, 0.0, 1e-06, 0.0, 1e-06, 0.766168, -0.64264, 0.3, -1e-06, 0.642639, 0.766169, 0.0, 0.0, 0.0, 0.0, 1.0],
                [1.000001, 0.0, 1e-06, 0.0, 1e-06, 0.556965, -0.830535, 0.3, -1e-06, 0.830536, 0.556965, -0.0, 0.0, 0.0, 0.0, 1.0],
                [1.0, 1e-06, 1e-06, -0.0, 1e-06, 0.258915, -0.9659, 0.3, -1e-06, 0.965899, 0.258915, 0.0, 0.0, 0.0, 0.0, 1.0],
                [1.000001, 1e-06, 1e-06, 0.0, 1e-06, 0.29792, -0.954591, 0.3, -1e-06, 0.95459, 0.297921, 0.0, 0.0, 0.0, 0.0, 1.0],
                [1.0, 0.0, 1e-06, 0.0, 1e-06, 0.371218, -0.928546, 0.3, -1e-06, 0.928545, 0.371218, -0.0, 0.0, 0.0, 0.0, 1.0],
                [1.0, 1e-06, 1e-06, -0.0, 1e-06, 0.422283, -0.906464, 0.3, -1e-06, 0.906464, 0.422283, -0.0, 0.0, 0.0, 0.0, 1.0],
                [1.0, 0.0, 2e-06, 0.0, 1e-06, 0.46697, -0.884274, 0.3, -1e-06, 0.884273, 0.46697, -0.0, 0.0, 0.0, 0.0, 1.0],
                [1.0, 0.0, 1e-06, -0.0, 1e-06, 0.443332, -0.896358, 0.3, -1e-06, 0.896357, 0.443333, -0.0, 0.0, 0.0, 0.0, 1.0],
                [1.0, 0.0, 1e-06, -0.0, 1e-06, 0.443332, -0.896358, 0.3, -1e-06, 0.896357, 0.443333, -0.0, 0.0, 0.0, 0.0, 1.0],
                [1.0, 0.0, 1e-06, 0.0, 1e-06, 0.419511, -0.907751, 0.3, -1e-06, 0.907749, 0.419512, -0.0, 0.0, 0.0, 0.0, 1.0],
                [1.0, 0.0, 1e-06, -0.0, 1e-06, 0.637139, -0.770749, 0.3, -1e-06, 0.770748, 0.637139, 0.0, 0.0, 0.0, 0.0, 1.0],
                [1.0, 0.0, 1e-06, 0.0, 1e-06, 0.730509, -0.682903, 0.3, -1e-06, 0.682902, 0.73051, -0.0, 0.0, 0.0, 0.0, 1.0],
                [1.0, 0.0, 1e-06, 0.0, 1e-06, 0.766168, -0.64264, 0.3, -1e-06, 0.64264, 0.766168, 0.0, 0.0, 0.0, 0.0, 1.0],
                [1.0, 0.0, 1e-06, 0.0, 1e-06, 0.724607, -0.689162, 0.3, -1e-06, 0.689162, 0.724607, -0.0, 0.0, 0.0, 0.0, 1.0],
                [1.0, 0.0, 1e-06, -0.0, 1e-06, 0.680576, -0.732677, 0.3, -1e-06, 0.732677, 0.680577, 0.0, 0.0, 0.0, 0.0, 1.0],
                [1.0, 0.0, 1e-06, 0.0, 1e-06, 0.713952, -0.700195, 0.3, -1e-06, 0.700195, 0.713951, -0.0, 0.0, 0.0, 0.0, 1.0],
                [1.0, 0.0, 1e-06, -0.0, 1e-06, 0.766168, -0.64264, 0.3, -1e-06, 0.642639, 0.766169, -0.0, 0.0, 0.0, 0.0, 1.0]
            ]
        },
        {
            "name": "Tool_R",
            "time": [0.0, 0.1667, 0.3, 0.4667, 0.5667, 0.6333, 0.7, 0.8, 0.8667, 0.9667, 1.1, 1.2333, 1.4, 1.5667, 1.7333, 1.8667, 2.0333],
            "transform": [
                [0.954653, 0.123253, -0.270918, 0.0, -0.262879, -0.078919, -0.961032, 0.272858, -0.139754, 0.989232, -0.042874, 0.0, 0.0, 0.0, 0.0, 1.0],
                [0.954872, 0.122126, -0.270655, -0.0, -0.262579, -0.079524, -0.961063, 0.272858, -0.138818, 0.989324, -0.0438, -0.0, 0.0, 0.0, 0.0, 1.0],
                [0.95509, 0.120998, -0.270391, 0.0, -0.262279, -0.080129, -0.961096, 0.272858, -0.137881, 0.989413, -0.044726, -0.0, 0.0, 0.0, 0.0, 1.0],
                [0.955307, 0.119872, -0.270127, -0.0, -0.26198, -0.080734, -0.961127, 0.272858, -0.136945, 0.989501, -0.045651, 0.0, 0.0, 0.0, 0.0, 1.0],
                [0.958252, 0.122496, -0.258272, -0.0, -0.252638, -0.060962, -0.96507, 0.272858, -0.133888, 0.990595, -0.027432, 0.0, 0.0, 0.0, 0.0, 1.0],
                [0.961037, 0.125326, -0.246302, 0.0, -0.243197, -0.040893, -0.968542, 0.272858, -0.131383, 0.991273, -0.008816, -0.0, 0.0, 0.0, 0.0, 1.0],
                [0.963595, 0.12296, -0.237346, -0.0, -0.23343, -0.04667, -0.970681, 0.272858, -0.130359, 0.991313, -0.01625, -0.0, 0.0, 0.0, 0.0, 1.0],
                [0.963217, 0.112298, -0.244056, 0.0, -0.234302, -0.0945, -0.966995, 0.272858, -0.131582, 0.989171, -0.064608, 0.0, 0.0, 0.0, 0.0, 1.0],
                [0.963217, 0.112298, -0.244056, 0.0, -0.234302, -0.0945, -0.966995, 0.272858, -0.131582, 0.989171, -0.064608, 0.0, 0.0, 0.0, 0.0, 1.0],
                [0.97776, 0.12973, -0.164797, 0.0, -0.167446, 0.008956, -0.985259, 0.272858, -0.126271, 0.991508, 0.030415, -0.0, 0.0, 0.0, 0.0, 1.0],
                [0.967805, 0.133372, -0.21343, -0.0, -0.20812, -0.05367, -0.976055, 0.272858, -0.141555, 0.989611, -0.024152, 0.0, 0.0, 0.0, 0.0, 1.0],
                [0.959796, 0.125682, -0.250919, -0.0, -0.241659, -0.085556, -0.966017, 0.272858, -0.142799, 0.988374, -0.051663, 0.0, 0.0, 0.0, 0.0, 1.0],
                [0.955116, 0.120862, -0.270359, -0.0, -0.262242, -0.080203, -0.9611, 0.272858, -0.137768, 0.989424, -0.044838, 0.0, 0.0, 0.0, 0.0, 1.0],
                [0.954538, 0.120934, -0.272359, 0.0, -0.264266, -0.080118, -0.960553, 0.272858, -0.137909, 0.989422, -0.044448, -0.0, 0.0, 0.0, 0.0, 1.0],
                [0.954843, 0.12201, -0.27081, 0.0, -0.262732, -0.079583, -0.961018, 0.272858, -0.138729, 0.989332, -0.043866, 0.0, 0.0, 0.0, 0.0, 1.0],
                [0.954748, 0.122632, -0.270864, 0.0, -0.262805, -0.07925, -0.961024, 0.272858, -0.139242, 0.989285, -0.043369, -0.0, 0.0, 0.0, 0.0, 1.0],
                [0.954653, 0.123254, -0.270918, 0.0, -0.262879, -0.078919, -0.961032, 0.272858, -0.139755, 0.989232, -0.042874, -0.0, 0.0, 0.0, 0.0, 1.0]
            ]
        },
        {
            "name": "Elbow_R",
            "time": [0.0, 0.1667, 0.3, 0.4667, 0.5667, 0.6333, 0.7, 0.8, 0.8667, 0.9667, 1.1, 1.2333, 1.4, 1.5667, 1.7333, 1.8667, 2.0333],
            "transform": [
                [-1.0, 0.0, -0.0, 0.0, 0.0, -0.0, -1.0, 0.3, -0.0, -1.0, 0.0, 0.0, 0.0, 0.0, 0.0, 1.0],
                [-1.0, 0.0, -0.0, 0.0, 0.0, -0.0, -1.0, 0.3, -0.0, -1.0, 0.0, -0.0, 0.0, 0.0, 0.0, 1.0],
                [-1.0, 0.0, -0.0, -0.0, 0.0, -0.0, -1.0, 0.3, -0.0, -1.0, 0.0, 0.0, 0.0, 0.0, 0.0, 1.0],
                [-1.0, 0.0, 0.0, 0.0, 0.0, -0.0, -1.0, 0.3, -0.0, -1.0, 0.0, 0.0, 0.0, 0.0, 0.0, 1.0],
                [-1.0, 0.0, 0.0, 0.0, -0.0, -0.0, -1.0, 0.3, -0.0, -1.0, 0.0, -0.0, 0.0, 0.0, 0.0, 1.0],
                [-1.0, 0.0, 0.0, -0.0, -0.0, -0.0, -1.0, 0.3, -0.0, -1.0, 0.0, -0.0, 0.0, 0.0, 0.0, 1.0],
                [-1.0, 0.0, 0.0, 0.0, -0.0, -0.0, -1.0, 0.3, -0.0, -1.0, 0.0, -0.0, 0.0, 0.0, 0.0, 1.0],
                [-1.0, 0.0, 0.0, -0.0, 0.0, -0.0, -1.0, 0.3, -0.0, -1.0, 0.0, -0.0, 0.0, 0.0, 0.0, 1.0],
                [-1.0, 0.0, 0.0, -0.0, 0.0, -0.0, -1.0, 0.3, -0.0, -1.0, 0.0, -0.0, 0.0, 0.0, 0.0, 1.0],
                [-1.0, 0.0, -0.0, 0.0, -0.0, -0.0, -1.0, 0.3, -0.0, -1.0, 0.0, -0.0, 0.0, 0.0, 0.0, 1.0],
                [-1.0, 0.0, -0.0, -0.0, -0.0, -0.0, -1.0, 0.3, -0.0, -1.0, 0.0, 0.0, 0.0, 0.0, 0.0, 1.0],
                [-1.0, 0.0, -0.0, 0.0, 0.0, -0.0, -1.0, 0.3, -0.0, -1.0, 0.0, -0.0, 0.0, 0.0, 0.0, 1.0],
                [-1.0, 0.0, -0.0, 0.0, 0.0, -0.0, -1.0, 0.3, -0.0, -1.0, 0.0, 0.0, 0.0, 0.0, 0.0, 1.0],
                [-1.0, 0.0, 0.0, 0.0, 0.0, -0.0, -1.0, 0.3, -0.0, -1.0, 0.0, -0.0, 0.0, 0.0, 0.0, 1.0],
                [-1.0, 0.0, -0.0, -0.0, 0.0, -0.0, -1.0, 0.3, -0.0, -1.0, 0.0, 0.0, 0.0, 0.0, 0.0, 1.0],
                [-1.0, 0.0, -0.0, 0.0, 0.0, -0.0, -1.0, 0.3, -0.0, -1.0, 0.0, -0.0, 0.0, 0.0, 0.0, 1.0],
                [-1.0, 0.0, 0.0, -0.0, 0.0, -0.0, -1.0, 0.3, -0.0, -1.0, 0.0, -0.0, 0.0, 0.0, 0.0, 1.0]
            ]
        },
        {
            "name": "Shoulder_L",
            "time": [0.0, 0.1667, 0.3, 0.4667, 0.5667, 0.6333, 0.7, 0.8, 0.8667, 0.9667, 1.1, 1.2333, 1.4, 1.5667, 1.7333, 1.8667, 2.0333],
            "transform": [
                [0.326667, -0.942251, 0.073836, -0.0, -0.863645, -0.329322, -0.381663, 0.4, 0.38394, 0.060908, -0.921346, 0.0, 0.0, 0.0, 0.0, 1.0],
                [-0.026933, -0.883132, 0.46835, 0.0, -0.870982, -0.209198, -0.444554, 0.4, 0.49058, -0.419897, -0.763555, 0.0, 0.0, 0.0, 0.0, 1.0],
                [-0.088234, -0.929112, 0.359116, 0.0, -0.898532, -0.081375, -0.431301, 0.4, 0.429952, -0.360733, -0.827654, -0.0, 0.0, 0.0, 0.0, 1.0],
                [-0.099855, -0.899481, 0.425397, -0.0, -0.914589, -0.085405, -0.395267, 0.4, 0.391868, -0.428532, -0.814124, 0.0, 0.0, 0.0, 0.0, 1.0],
                [-0.037381, -0.962934, 0.267134, -0.0, -0.927496, -0.06607, -0.367952, 0.4, 0.371964, -0.26152, -0.890645, 0.0, 0.0, 0.0, 0.0, 1.0],
                [0.022275, -0.995318, 0.094056, 0.0, -0.936704, -0.053659, -0.345988, 0.4, 0.349416, -0.080396, -0.933511, -0.0, 0.0, 0.0, 0.0, 1.0],
                [0.224764, -0.962532, 0.1517, 0.0, -0.930641, -0.258188, -0.259326, 0.4, 0.288778, -0.082891, -0.953799, -0.0, 0.0, 0.0, 0.0, 1.0],
                [0.420508, -0.887294, 0.189427, 0.0, -0.878048, -0.450565, -0.161326, 0.4, 0.228494, -0.098487, -0.968549, -0.0, 0.0, 0.0, 0.0, 1.0],
                [0.420508, -0.887294, 0.189427, 0.0, -0.878048, -0.450565, -0.161326, 0.4, 0.228494, -0.098487, -0.968549, -0.0, 0.0, 0.0, 0.0, 1.0],
                [0.348563, -0.935438, 0.058818, -0.0, -0.90259, -0.351914, -0.247973, 0.4, 0.252664, 0.033345, -0.966978, 0.0, 0.0, 0.0, 0.0, 1.0],
