{
    "animation": [
        {
            "name": "Root",
            "time": [0.0, 0.1667, 0.3333, 0.5, 0.6667, 0.8333, 1.0, 1.1667, 1.3333, 1.5, 1.6667, 1.8333, 2.0, 2.1667, 2.3333, 2.5, 2.6667, 2.8333, 3.0, 3.0333, 3.0667, 3.1, 3.1333, 3.1667, 3.2, 3.2333, 3.2667, 3.3, 3.3333, 3.3667, 3.4, 3.4333, 3.4667, 3.5, 3.5333, 3.5667, 3.6, 3.6333, 3.6667, 3.7, 3.7333, 3.7667, 3.8, 3.8333, 3.8667, 3.9, 3.9333, 3.9667],
            "transform": [
                [1.0, 0.0, 0.0, -2.2e-05, 0.0, 0.0, -1.0, 4.1e-05, -0.0, 1.0, 0.0, 0.68583, 0.0, 0.0, 0.0, 1.0],
                [1.0, 0.0, 0.0, -0.034975, 0.0, 0.0, -1.0, -0.006337, -0.0, 1.0, 0.0, 0.68583, 0.0, 0.0, 0.0, 1.0],
                [1.0, 0.0, 0.0, -0.008644, 0.0, 0.0, -1.0, -0.039193, -0.0, 1.0, 0.0, 0.614779, 0.0, 0.0, 0.0, 1.0],
                [1.0, 0.0, 0.0, 0.074606, 0.0, 0.0, -1.0, -0.071888, -0.0, 1.0, 0.0, 0.68583, 0.0, 0.0, 0.0, 1.0],
                [1.0, 0.0, 0.0, 0.135391, 0.0, 0.0, -1.0, -0.076484, -0.0, 1.0, 0.0, 0.68583, 0.0, 0.0, 0.0, 1.0],
                [1.0, 0.0, 0.0, 0.022563, 0.0, 0.0, -1.0, -0.059333, -0.0, 1.0, 0.0, 0.643199, 0.0, 0.0, 0.0, 1.0],
                [1.0, 0.0, 0.0, -0.204171, 0.0, 0.0, -1.0, -0.10917, -0.0, 1.0, 0.0, 0.549412, 0.0, 0.0, 0.0, 1.0],
                [1.0, 0.0, 0.0, -0.194518, 0.0, 0.0, -1.0, -0.104799, -0.0, 1.0, 0.0, 0.443072, 0.0, 0.0, 0.0, 1.0],
                [1.0, 0.0, 0.0, -0.232414, 0.0, 0.0, -1.0, 0.144688, -0.0, 1.0, 0.0, 0.460834, 0.0, 0.0, 0.0, 1.0],
                [1.0, 0.0, 0.0, -0.393975, 0.0, 0.0, -1.0, 0.410755, -0.0, 1.0, 0.0, 0.466755, 0.0, 0.0, 0.0, 1.0],
                [1.0, 0.0, 0.0, -0.724097, 0.0, 0.0, -1.0, 0.251327, -0.0, 1.0, 0.0, 0.525965, 0.0, 0.0, 0.0, 1.0],
                [1.0, 0.0, 0.0, -0.584522, 0.0, 0.0, -1.0, -0.044094, -0.0, 1.0, 0.0, 0.549648, 0.0, 0.0, 0.0, 1.0],
                [1.0, 0.0, 0.0, -0.379993, 0.0, 0.0, -1.0, -0.082936, -0.0, 1.0, 0.0, 0.591095, 0.0, 0.0, 0.0, 1.0],
                [1.0, 0.0, 0.0, -0.267124, 0.0, 0.0, -1.0, -0.073234, -0.0, 1.0, 0.0, 0.597016, 0.0, 0.0, 0.0, 1.0],
                [1.0, 0.0, 0.0, -0.20608, 0.0, 0.0, -1.0, -0.055576, -0.0, 1.0, 0.0, 0.6207, 0.0, 0.0, 0.0, 1.0],
                [1.0, 0.0, 0.0, -0.158241, 0.0, 0.0, -1.0, -0.032885, -0.0, 1.0, 0.0, 0.656225, 0.0, 0.0, 0.0, 1.0],
                [1.0, 0.0, 0.0, -0.083754, 0.0, 0.0, -1.0, -0.006484, -0.0, 1.0, 0.0, 0.68583, 0.0, 0.0, 0.0, 1.0],
                [1.0, 0.0, 0.0, -0.000772, 0.0, 0.0, -1.0, 0.008033, -0.0, 1.0, 0.0, 0.68583, 0.0, 0.0, 0.0, 1.0],
                [1.0, 0.0, 0.0, 0.050968, 0.0, 0.0, -1.0, 0.018222, -0.0, 1.0, 0.0, 0.68583, 0.0, 0.0, 0.0, 1.0],
                [1.0, 0.0, 0.0, 0.057842, 0.0, 0.0, -1.0, 0.02162, -0.0, 1.0, 0.0, 0.68583, 0.0, 0.0, 0.0, 1.0],
                [1.0, 0.0, 0.0, 0.063676, 0.0, 0.0, -1.0, 0.025826, -0.0, 1.0, 0.0, 0.68583, 0.0, 0.0, 0.0, 1.0],
                [1.0, 0.0, 0.0, 0.068447, 0.0, 0.0, -1.0, 0.030794, -0.0, 1.0, 0.0, 0.68583, 0.0, 0.0, 0.0, 1.0],
                [1.0, 0.0, 0.0, 0.072209, 0.0, 0.0, -1.0, 0.036806, -0.0, 1.0, 0.0, 0.68583, 0.0, 0.0, 0.0, 1.0],
                [1.0, 0.0, 0.0, 0.074991, 0.0, 0.0, -1.0, 0.043887, -0.0, 1.0, 0.0, 0.68583, 0.0, 0.0, 0.0, 1.0],
                [1.0, 0.0, 0.0, 0.076765, 0.0, 0.0, -1.0, 0.052013, -0.0, 1.0, 0.0, 0.68583, 0.0, 0.0, 0.0, 1.0],
                [1.0, 0.0, 0.0, 0.0775, 0.0, 0.0, -1.0, 0.061385, -0.0, 1.0, 0.0, 0.68583, 0.0, 0.0, 0.0, 1.0],
                [1.0, 0.0, 0.0, 0.077138, 0.0, 0.0, -1.0, 0.072109, -0.0, 1.0, 0.0, 0.68583, 0.0, 0.0, 0.0, 1.0],
                [1.0, 0.0, 0.0, 0.075737, 0.0, 0.0, -1.0, 0.084079, -0.0, 1.0, 0.0, 0.68583, 0.0, 0.0, 0.0, 1.0],
                [1.0, 0.0, 0.0, 0.073443, 0.0, 0.0, -1.0, 0.097184, -0.0, 1.0, 0.0, 0.68583, 0.0, 0.0, 0.0, 1.0],
                [1.0, 0.0, 0.0, 0.070268, 0.0, 0.0, -1.0, 0.111503, -0.0, 1.0, 0.0, 0.68583, 0.0, 0.0, 0.0, 1.0],
                [1.0, 0.0, 0.0, 0.066201, 0.0, 0.0, -1.0, 0.126956, -0.0, 1.0, 0.0, 0.68583, 0.0, 0.0, 0.0, 1.0],
                [1.0, 0.0, 0.0, 0.061344, 0.0, 0.0, -1.0, 0.143188, -0.0, 1.0, 0.0, 0.68583, 0.0, 0.0, 0.0, 1.0],
                [1.0, 0.0, 0.0, 0.055463, 0.0, 0.0, -1.0, 0.160258, -0.0, 1.0, 0.0, 0.68583, 0.0, 0.0, 0.0, 1.0],
                [1.0, 0.0, 0.0, 0.048793, 0.0, 0.0, -1.0, 0.178107, -0.0, 1.0, 0.0, 0.68583, 0.0, 0.0, 0.0, 1.0],
                [1.0, 0.0, 0.0, 0.042144, 0.0, 0.0, -1.0, 0.196209, -0.0, 1.0, 0.0, 0.68583, 0.0, 0.0, 0.0, 1.0],
                [1.0, 0.0, 0.0, 0.035584, 0.0, 0.0, -1.0, 0.215136, -0.0, 1.0, 0.0, 0.68583, 0.0, 0.0, 0.0, 1.0],
                [1.0, 0.0, 0.0, 0.029044, 0.0, 0.0, -1.0, 0.234316, -0.0, 1.0, 0.0, 0.68583, 0.0, 0.0, 0.0, 1.0],
                [1.0, 0.0, 0.0, 0.023131, 0.0, 0.0, -1.0, 0.251506, -0.0, 1.0, 0.0, 0.68583, 0.0, 0.0, 0.0, 1.0],
                [1.0, 0.0, 0.0, 0.018059, 0.0, 0.0, -1.0, 0.265746, -0.0, 1.0, 0.0, 0.68583, 0.0, 0.0, 0.0, 1.0],
                [1.0, 0.0, 0.0, 0.013614, 0.0, 0.0, -1.0, 0.277995, -0.0, 1.0, 0.0, 0.68583, 0.0, 0.0, 0.0, 1.0],
                [1.0, 0.0, 0.0, 0.00976, 0.0, 0.0, -1.0, 0.288882, -0.0, 1.0, 0.0, 0.68583, 0.0, 0.0, 0.0, 1.0],
                [1.0, 0.0, 0.0, 0.006603, 0.0, 0.0, -1.0, 0.298288, -0.0, 1.0, 0.0, 0.68583, 0.0, 0.0, 0.0, 1.0],
                [1.0, 0.0, 0.0, 0.004036, 0.0, 0.0, -1.0, 0.306331, -0.0, 1.0, 0.0, 0.68583, 0.0, 0.0, 0.0, 1.0],
                [1.0, 0.0, 0.0, 0.001712, 0.0, 0.0, -1.0, 0.313989, -0.0, 1.0, 0.0, 0.68583, 0.0, 0.0, 0.0, 1.0],
                [1.0, 0.0, 0.0, -0.000422, 0.0, 0.0, -1.0, 0.321671, -0.0, 1.0, 0.0, 0.68583, 0.0, 0.0, 0.0, 1.0],
                [1.0, 0.0, 0.0, -0.002314, 0.0, 0.0, -1.0, 0.328967, -0.0, 1.0, 0.0, 0.68583, 0.0, 0.0, 0.0, 1.0],
                [1.0, 0.0, 0.0, -0.004154, 0.0, 0.0, -1.0, 0.335631, -0.0, 1.0, 0.0, 0.68583, 0.0, 0.0, 0.0, 1.0],
                [1.0, 0.0, 0.0, -0.006076, 0.0, 0.0, -1.0, 0.341586, -0.0, 1.0, 0.0, 0.68583, 0.0, 0.0, 0.0, 1.0]
            ]
        },
        {
            "name": "Thigh_R",
            "time": [0.0, 0.1667, 0.3333, 0.5, 0.6667, 0.8333, 1.0, 1.1667, 1.3333, 1.5, 1.6667, 1.8333, 2.0, 2.1667, 2.3333, 2.5, 2.6667, 2.8333, 3.0, 3.0333, 3.0667, 3.1, 3.1333, 3.1667, 3.2, 3.2333, 3.2667, 3.3, 3.3333, 3.3667, 3.4, 3.4333, 3.4667, 3.5, 3.5333, 3.5667, 3.6, 3.6333, 3.6667, 3.7, 3.7333, 3.7667, 3.8, 3.8333, 3.8667, 3.9, 3.9333, 3.9667],
            "transform": [
                [0.589239, 0.231014, 0.774229, 0.124994, 0.263975, -0.96071, 0.085754, -0.002831, 0.763619, 0.153848, -0.627069, -1.2e-05, 0.0, 0.0, 0.0, 1.0],
                [0.650295, 0.382282, 0.656488, 0.124994, 0.285298, -0.923801, 0.255336, -0.002831, 0.704074, 0.021252, -0.709808, -1.2e-05, 0.0, 0.0, 0.0, 1.0],
                [0.933295, 0.281278, 0.223257, 0.124994, 0.231912, -0.946754, 0.223323, -0.002831, 0.274186, -0.15665, -0.948832, -1.2e-05, 0.0, 0.0, 0.0, 1.0],
                [0.805418, 0.214453, 0.552549, 0.124994, 0.219054, -0.973945, 0.058702, -0.002831, 0.550742, 0.073759, -0.83141, -1.2e-05, 0.0, 0.0, 0.0, 1.0],
                [0.267179, 0.357758, 0.894776, 0.124994, 0.241864, -0.923705, 0.297105, -0.002831, 0.932801, 0.137034, -0.333324, -1.2e-05, 0.0, 0.0, 0.0, 1.0],
                [-0.036804, 0.626384, 0.778645, 0.124994, 0.246922, -0.749313, 0.614459, -0.002831, 0.968336, 0.214879, -0.12709, -1.2e-05, 0.0, 0.0, 0.0, 1.0],
                [0.204948, 0.84897, 0.487079, 0.124994, 0.322281, -0.528426, 0.78543, -0.002831, 0.924192, -0.003996, -0.381907, -1.2e-05, 0.0, 0.0, 0.0, 1.0],
                [0.797801, 0.59472, 0.099107, 0.124994, 0.474622, -0.72086, 0.505068, -0.002831, 0.371816, -0.355905, -0.85737, -1.2e-05, 0.0, 0.0, 0.0, 1.0],
                [0.541254, -0.2628, -0.798737, 0.124994, 0.561693, -0.593884, 0.576023, -0.002831, -0.625736, -0.760419, -0.17383, -1.2e-05, 0.0, 0.0, 0.0, 1.0],
                [-0.676619, -0.726497, 0.119952, 0.124994, 0.399309, -0.225155, 0.888739, -0.002831, -0.618658, 0.649236, 0.442441, -1.2e-05, 0.0, 0.0, 0.0, 1.0],
                [-0.490685, 0.675802, 0.550018, 0.124994, 0.348297, -0.426485, 0.834745, -0.002831, 0.798697, 0.601167, -0.02611, -1.2e-05, 0.0, 0.0, 0.0, 1.0],
                [0.541323, 0.808017, 0.232546, 0.124994, 0.487267, -0.526865, 0.696408, -0.002831, 0.68523, -0.263669, -0.678925, -1.2e-05, 0.0, 0.0, 0.0, 1.0],
                [0.809964, 0.577269, -0.103531, 0.124994, 0.517943, -0.621264, 0.588018, -0.002831, 0.275124, -0.529897, -0.802194, -1.2e-05, 0.0, 0.0, 0.0, 1.0],
                [0.894767, 0.412827, -0.170192, 0.124994, 0.427514, -0.681945, 0.593449, -0.002831, 0.12893, -0.603759, -0.786672, -1.2e-05, 0.0, 0.0, 0.0, 1.0],
                [0.925783, 0.361395, -0.11099, 0.124994, 0.354901, -0.729622, 0.584548, -0.002831, 0.130272, -0.580555, -0.803732, -1.2e-05, 0.0, 0.0, 0.0, 1.0],
                [0.939983, 0.340867, -0.015528, 0.124994, 0.301406, -0.808109, 0.506076, -0.002831, 0.159956, -0.480383, -0.862349, -1.2e-05, 0.0, 0.0, 0.0, 1.0],
                [0.951963, 0.289453, 0.099913, 0.124994, 0.225783, -0.883919, 0.409524, -0.002831, 0.206853, -0.367293, -0.906812, -1.2e-05, 0.0, 0.0, 0.0, 1.0],
                [0.951964, 0.228546, 0.20379, 0.124994, 0.147728, -0.925738, 0.348117, -0.002831, 0.268216, -0.301289, -0.915032, -1.2e-05, 0.0, 0.0, 0.0, 1.0],
                [0.923001, 0.210906, 0.321849, 0.124994, 0.099417, -0.938721, 0.33003, -0.002831, 0.371732, -0.27262, -0.887408, -1.2e-05, 0.0, 0.0, 0.0, 1.0],
                [0.915657, 0.209718, 0.342914, 0.124994, 0.093817, -0.941046, 0.325009, -0.002831, 0.390858, -0.265425, -0.881351, -1.2e-05, 0.0, 0.0, 0.0, 1.0],
                [0.911501, 0.205532, 0.356262, 0.124994, 0.089281, -0.94441, 0.316415, -0.002831, 0.401491, -0.256605, -0.879181, -1.2e-05, 0.0, 0.0, 0.0, 1.0],
                [0.909256, 0.200001, 0.365037, 0.124994, 0.085778, -0.948206, 0.305854, -0.002831, 0.407302, -0.246787, -0.879319, -1.2e-05, 0.0, 0.0, 0.0, 1.0],
                [0.90584, 0.196308, 0.37539, 0.124994, 0.083881, -0.95172, 0.295285, -0.002831, 0.415234, -0.235993, -0.878572, -1.2e-05, 0.0, 0.0, 0.0, 1.0],
                [0.901106, 0.194425, 0.387566, 0.124994, 0.083458, -0.954892, 0.284983, -0.002831, 0.425491, -0.224454, -0.876685, -1.2e-05, 0.0, 0.0, 0.0, 1.0],
                [0.895691, 0.193862, 0.400193, 0.124994, 0.084563, -0.9578, 0.274716, -0.002831, 0.436562, -0.212219, -0.874286, -1.2e-05, 0.0, 0.0, 0.0, 1.0],
                [0.888889, 0.195458, 0.414334, 0.124994, 0.08736, -0.96014, 0.265519, -0.002831, 0.449716, -0.199821, -0.870533, -1.2e-05, 0.0, 0.0, 0.0, 1.0],
                [0.879838, 0.204262, 0.42914, 0.124994, 0.096227, -0.960794, 0.260031, -0.002831, 0.465429, -0.18749, -0.864999, -1.2e-05, 0.0, 0.0, 0.0, 1.0],
                [0.870241, 0.212757, 0.444314, 0.124994, 0.104879, -0.961268, 0.25488, -0.002831, 0.481332, -0.175207, -0.858849, -1.2e-05, 0.0, 0.0, 0.0, 1.0],
                [0.860058, 0.220503, 0.460086, 0.124994, 0.113366, -0.961832, 0.249052, -0.002831, 0.497442, -0.16204, -0.852229, -1.2e-05, 0.0, 0.0, 0.0, 1.0],
                [0.849979, 0.227782, 0.475026, 0.124994, 0.122226, -0.962355, 0.242762, -0.002831, 0.512441, -0.148282, -0.845823, -1.2e-05, 0.0, 0.0, 0.0, 1.0],
                [0.839598, 0.23448, 0.489993, 0.124994, 0.131128, -0.962847, 0.236073, -0.002831, 0.527143, -0.133954, -0.839152, -1.2e-05, 0.0, 0.0, 0.0, 1.0],
                [0.829868, 0.239715, 0.50384, 0.124994, 0.140074, -0.963594, 0.227742, -0.002831, 0.54009, -0.118421, -0.833234, -1.2e-05, 0.0, 0.0, 0.0, 1.0],
                [0.819224, 0.248108, 0.517024, 0.124994, 0.153825, -0.963597, 0.218673, -0.002831, 0.552458, -0.099611, -0.827567, -1.2e-05, 0.0, 0.0, 0.0, 1.0],
                [0.808982, 0.255826, 0.529246, 0.124994, 0.168644, -0.963492, 0.20795, -0.002831, 0.563123, -0.078973, -0.822591, -1.2e-05, 0.0, 0.0, 0.0, 1.0],
                [0.798558, 0.261965, 0.541922, 0.124994, 0.183564, -0.963426, 0.195228, -0.002831, 0.573244, -0.056423, -0.817439, -1.2e-05, 0.0, 0.0, 0.0, 1.0],
                [0.788361, 0.265808, 0.554827, 0.124994, 0.198758, -0.963528, 0.179193, -0.002831, 0.582221, -0.030992, -0.812439, -1.2e-05, 0.0, 0.0, 0.0, 1.0],
                [0.76619, 0.270716, 0.582808, 0.124994, 0.216792, -0.962657, 0.162151, -0.002831, 0.604941, 0.00211, -0.796267, -1.2e-05, 0.0, 0.0, 0.0, 1.0],
                [0.754875, 0.269821, 0.597796, 0.124994, 0.225161, -0.962676, 0.150188, -0.002831, 0.616007, 0.021227, -0.787454, -1.2e-05, 0.0, 0.0, 0.0, 1.0],
                [0.744829, 0.270994, 0.609748, 0.124994, 0.233433, -0.961896, 0.142355, -0.002831, 0.625091, 0.036306, -0.779707, -1.2e-05, 0.0, 0.0, 0.0, 1.0],
                [0.735375, 0.271526, 0.620884, 0.124994, 0.240033, -0.961184, 0.136052, -0.002831, 0.633725, 0.048984, -0.772006, -1.2e-05, 0.0, 0.0, 0.0, 1.0],
                [0.724501, 0.271327, 0.633624, 0.124994, 0.245631, -0.960545, 0.13046, -0.002831, 0.644021, 0.06112, -0.762562, -1.2e-05, 0.0, 0.0, 0.0, 1.0],
                [0.710441, 0.269261, 0.650209, 0.124994, 0.250034, -0.960207, 0.12444, -0.002831, 0.657842, 0.074168, -0.749495, -1.2e-05, 0.0, 0.0, 0.0, 1.0],
                [0.692518, 0.264998, 0.670965, 0.124994, 0.253551, -0.960157, 0.117519, -0.002831, 0.675374, 0.08874, -0.732117, -1.2e-05, 0.0, 0.0, 0.0, 1.0],
                [0.673897, 0.258478, 0.692136, 0.124994, 0.256415, -0.960401, 0.109004, -0.002831, 0.692902, 0.104017, -0.713489, -1.2e-05, 0.0, 0.0, 0.0, 1.0],
                [0.654767, 0.251869, 0.712631, 0.124994, 0.261073, -0.960179, 0.099487, -0.002831, 0.70931, 0.120908, -0.694449, -1.2e-05, 0.0, 0.0, 0.0, 1.0],
                [0.637811, 0.244276, 0.730429, 0.124994, 0.265463, -0.959981, 0.089243, -0.002831, 0.722998, 0.136982, -0.677133, -1.2e-05, 0.0, 0.0, 0.0, 1.0],
                [0.622944, 0.237324, 0.745398, 0.124994, 0.270515, -0.959436, 0.079396, -0.002831, 0.734004, 0.152182, -0.661874, -1.2e-05, 0.0, 0.0, 0.0, 1.0],
                [0.610292, 0.230549, 0.757886, 0.124994, 0.275651, -0.958729, 0.069676, -0.002831, 0.742671, 0.16639, -0.648656, -1.2e-05, 0.0, 0.0, 0.0, 1.0]
            ]
        },
        {
            "name": "Leg_R",
            "time": [0.0, 0.1667, 0.3333, 0.5, 0.6667, 0.8333, 1.0, 1.1667, 1.3333, 1.5, 1.6667, 1.8333, 2.0, 2.1667, 2.3333, 2.5, 2.6667, 2.8333, 3.0, 3.0333, 3.0667, 3.1, 3.1333, 3.1667, 3.2, 3.2333, 3.2667, 3.3, 3.3333, 3.3667, 3.4, 3.4333, 3.4667, 3.5, 3.5333, 3.5667, 3.6, 3.6333, 3.6667, 3.7, 3.7333, 3.7667, 3.8, 3.8333, 3.8667, 3.9, 3.9333, 3.9667],
            "transform": [
                [1.0, 0.0, -0.0, -0.0, -0.0, 0.932201, 0.361941, 0.37472, 0.0, -0.361941, 0.932201, -0.0, 0.0, 0.0, 0.0, 1.0],
                [1.0, 0.0, 0.0, 0.0, -0.0, 0.751245, 0.660024, 0.37472, 0.0, -0.660024, 0.751245, -0.0, 0.0, 0.0, 0.0, 1.0],
                [1.0, 0.0, 0.0, 0.0, -0.0, 0.48923, 0.872154, 0.37472, 0.0, -0.872155, 0.48923, -0.0, 0.0, 0.0, 0.0, 1.0],
                [1.0, 0.0, -0.0, -0.0, -0.0, 0.815767, 0.57838, 0.37472, 0.0, -0.57838, 0.815767, 0.0, 0.0, 0.0, 0.0, 1.0],
                [1.0, 0.0, 0.0, 0.0, -0.0, 0.752663, 0.658406, 0.37472, 0.0, -0.658405, 0.752663, -0.0, 0.0, 0.0, 0.0, 1.0],
                [1.0, 0.0, 0.0, 0.0, -0.0, 0.528423, 0.848981, 0.37472, 0.0, -0.848981, 0.528423, 0.0, 0.0, 0.0, 0.0, 1.0],
                [1.0, 0.0, 0.0, -0.0, -0.0, 0.273554, 0.961856, 0.37472, 0.0, -0.961857, 0.273554, -0.0, 0.0, 0.0, 0.0, 1.0],
                [1.0, 0.0, 0.0, -0.0, -0.0, 0.06701, 0.997752, 0.37472, 0.0, -0.997752, 0.06701, 0.0, 0.0, 0.0, 0.0, 1.0],
                [1.0, 0.0, 0.0, -0.0, -0.0, -0.115658, 0.99329, 0.37472, 0.0, -0.993289, -0.115658, 0.0, 0.0, 0.0, 0.0, 1.0],
                [1.0, 0.0, 0.0, 0.0, -0.0, -0.066967, 0.997755, 0.37472, 0.0, -0.997755, -0.066967, 0.0, 0.0, 0.0, 0.0, 1.0],
                [1.0, 0.0, 0.0, 0.0, -0.0, 0.343586, 0.939121, 0.37472, 0.0, -0.939121, 0.343586, 0.0, 0.0, 0.0, 0.0, 1.0],
                [1.0, 0.0, -0.0, -0.0, -0.0, 0.677936, 0.735121, 0.37472, 0.0, -0.735121, 0.677936, -0.0, 0.0, 0.0, 0.0, 1.0],
                [0.999999, 0.0, 0.0, 0.0, -0.0, 0.411857, 0.911249, 0.37472, 0.0, -0.911248, 0.411857, 0.0, 0.0, 0.0, 0.0, 1.0],
                [1.0, 0.0, 0.0, 0.0, -0.0, 0.269355, 0.963041, 0.37472, 0.0, -0.963041, 0.269355, -0.0, 0.0, 0.0, 0.0, 1.0],
                [1.0, 0.0, 0.0, -0.0, -0.0, 0.297124, 0.954839, 0.37472, 0.0, -0.954839, 0.297124, 0.0, 0.0, 0.0, 0.0, 1.0],
                [1.0, 0.0, 0.0, -0.0, -0.0, 0.425677, 0.904875, 0.37472, 0.0, -0.904875, 0.425677, 0.0, 0.0, 0.0, 0.0, 1.0],
                [1.0, 0.0, 0.0, 0.0, -0.0, 0.57059, 0.821235, 0.37472, 0.0, -0.821234, 0.570591, 0.0, 0.0, 0.0, 0.0, 1.0],
                [1.0, 0.0, 0.0, 0.0, -0.0, 0.656224, 0.754567, 0.37472, 0.0, -0.754566, 0.656224, -0.0, 0.0, 0.0, 0.0, 1.0],
                [1.0, 0.0, -0.0, -0.0, -0.0, 0.698514, 0.715597, 0.37472, 0.0, -0.715596, 0.698514, 0.0, 0.0, 0.0, 0.0, 1.0],
                [1.0, 0.0, 0.0, 0.0, -0.0, 0.706891, 0.707323, 0.37472, 0.0, -0.707322, 0.706891, 0.0, 0.0, 0.0, 0.0, 1.0],
                [1.0, 0.0, 0.0, -0.0, -0.0, 0.717174, 0.696894, 0.37472, 0.0, -0.696894, 0.717175, 0.0, 0.0, 0.0, 0.0, 1.0],
                [1.0, 0.0, -0.0, -0.0, -0.0, 0.728354, 0.685201, 0.37472, 0.0, -0.6852, 0.728355, -0.0, 0.0, 0.0, 0.0, 1.0],
                [1.0, 0.0, 0.0, 0.0, -0.0, 0.739044, 0.673657, 0.37472, 0.0, -0.673657, 0.739044, -0.0, 0.0, 0.0, 0.0, 1.0],
                [1.0, 0.0, -0.0, 0.0, -0.0, 0.749303, 0.662227, 0.37472, 0.0, -0.662226, 0.749304, 0.0, 0.0, 0.0, 0.0, 1.0],
                [1.0, 0.0, -0.0, -0.0, -0.0, 0.758976, 0.651119, 0.37472, 0.0, -0.651118, 0.758976, 0.0, 0.0, 0.0, 0.0, 1.0],
                [1.0, 0.0, -0.0, 0.0, -0.0, 0.766836, 0.641844, 0.37472, 0.0, -0.641843, 0.766836, 0.0, 0.0, 0.0, 0.0, 1.0],
                [1.0, 0.0, -0.0, -0.0, -0.0, 0.771975, 0.635652, 0.37472, 0.0, -0.635652, 0.771976, -0.0, 0.0, 0.0, 0.0, 1.0],
                [1.0, 0.0, 0.0, 0.0, -0.0, 0.775384, 0.63149, 0.37472, 0.0, -0.63149, 0.775384, 0.0, 0.0, 0.0, 0.0, 1.0],
                [1.0, 0.0, -0.0, 0.0, -0.0, 0.778442, 0.627717, 0.37472, 0.0, -0.627717, 0.778442, 0.0, 0.0, 0.0, 0.0, 1.0],
                [1.0, 0.0, -0.0, -0.0, -0.0, 0.781196, 0.624286, 0.37472, 0.0, -0.624286, 0.781196, -0.0, 0.0, 0.0, 0.0, 1.0],
                [1.0, 0.0, -0.0, 0.0, -0.0, 0.783852, 0.620947, 0.37472, 0.0, -0.620947, 0.783852, 0.0, 0.0, 0.0, 0.0, 1.0],
                [1.0, 0.0, -0.0, -0.0, -0.0, 0.788284, 0.615312, 0.37472, 0.0, -0.615311, 0.788284, 0.0, 0.0, 0.0, 0.0, 1.0],
                [1.0, 0.0, -0.0, -0.0, -0.0, 0.794904, 0.606735, 0.37472, 0.0, -0.606735, 0.794904, -0.0, 0.0, 0.0, 0.0, 1.0],
                [1.0, 0.0, -0.0, -0.0, -0.0, 0.803414, 0.59542, 0.37472, 0.0, -0.59542, 0.803415, -0.0, 0.0, 0.0, 0.0, 1.0],
                [1.0, 0.0, -0.0, 0.0, -0.0, 0.814245, 0.580521, 0.37472, 0.0, -0.580521, 0.814245, -0.0, 0.0, 0.0, 0.0, 1.0],
                [1.0, 0.0, -0.0, 0.0, -0.0, 0.828006, 0.560719, 0.37472, 0.0, -0.560719, 0.828006, -0.0, 0.0, 0.0, 0.0, 1.0],
                [1.0, 0.0, -0.0, 0.0, -0.0, 0.846219, 0.532835, 0.37472, 0.0, -0.532835, 0.846219, 0.0, 0.0, 0.0, 0.0, 1.0],
                [1.0, 0.0, -0.0, -0.0, -0.0, 0.854236, 0.519886, 0.37472, 0.0, -0.519886, 0.854236, -0.0, 0.0, 0.0, 0.0, 1.0],
                [1.0, 0.0, 0.0, 0.0, -0.0, 0.860204, 0.50995, 0.37472, 0.0, -0.509949, 0.860204, -0.0, 0.0, 0.0, 0.0, 1.0],
                [1.0, 0.0, -0.0, -0.0, -0.0, 0.865605, 0.500727, 0.37472, 0.0, -0.500727, 0.865606, 0.0, 0.0, 0.0, 0.0, 1.0],
                [1.0, 0.0, -0.0, -0.0, -0.0, 0.87121, 0.49091, 0.37472, 0.0, -0.49091, 0.87121, 0.0, 0.0, 0.0, 0.0, 1.0],
                [1.0, 0.0, -0.0, 0.0, -0.0, 0.878085, 0.478503, 0.37472, 0.0, -0.478503, 0.878086, 0.0, 0.0, 0.0, 0.0, 1.0],
                [1.0, 1e-06, -0.0, -0.0, -0.0, 0.886495, 0.462739, 0.37472, 0.0, -0.462738, 0.886496, 0.0, 0.0, 0.0, 0.0, 1.0],
                [1.0, 1e-06, -0.0, -0.0, -0.0, 0.89561, 0.44484, 0.37472, 0.0, -0.444839, 0.895611, -0.0, 0.0, 0.0, 0.0, 1.0],
                [1.0, 0.0, -0.0, -0.0, -0.0, 0.904957, 0.425502, 0.37472, 0.0, -0.425502, 0.904958, -0.0, 0.0, 0.0, 0.0, 1.0],
                [1.0, 0.0, -0.0, 0.0, -0.0, 0.914194, 0.405275, 0.37472, 0.0, -0.405274, 0.914195, -0.0, 0.0, 0.0, 0.0, 1.0],
                [1.0, 0.0, -0.0, -0.0, -0.0, 0.922888, 0.385068, 0.37472, 0.0, -0.385068, 0.922889, 0.0, 0.0, 0.0, 0.0, 1.0],
                [1.0, 0.0, -0.0, -0.0, -0.0, 0.932761, 0.360494, 0.37472, 0.0, -0.360493, 0.932762, -0.0, 0.0, 0.0, 0.0, 1.0]
            ]
        },
        {
            "name": "Knee_R",
            "time": [0.0, 0.1667, 0.3333, 0.5, 0.6667, 0.8333, 1.0, 1.1667, 1.3333, 1.5, 1.6667, 1.8333, 2.0, 2.1667, 2.3333, 2.5, 2.6667, 2.8333, 3.0, 3.3333, 3.6667, 3.9667],
            "transform": [
                [1.0, 0.0, -0.0, -0.0, -0.0, 1e-06, -1.0, 0.37472, -0.0, 1.0, 1e-06, -0.0, 0.0, 0.0, 0.0, 1.0],
                [1.0, 0.0, -0.0, 0.0, -0.0, 1e-06, -1.0, 0.37472, -0.0, 1.0, 1e-06, -0.0, 0.0, 0.0, 0.0, 1.0],
                [1.0, 0.0, -0.0, 0.0, -0.0, 1e-06, -1.0, 0.37472, -0.0, 1.0, 1e-06, -0.0, 0.0, 0.0, 0.0, 1.0],
                [1.0, 0.0, -0.0, -0.0, -0.0, 1e-06, -1.0, 0.37472, -0.0, 1.0, 1e-06, 0.0, 0.0, 0.0, 0.0, 1.0],
                [1.0, 0.0, -0.0, 0.0, -0.0, 1e-06, -1.0, 0.37472, -0.0, 1.0, 1e-06, -0.0, 0.0, 0.0, 0.0, 1.0],
                [1.0, 0.0, -0.0, 0.0, -0.0, 1e-06, -1.0, 0.37472, -0.0, 1.0, 1e-06, 0.0, 0.0, 0.0, 0.0, 1.0],
                [1.0, 0.0, -0.0, -0.0, -0.0, 1e-06, -1.0, 0.37472, -0.0, 1.0, 1e-06, -0.0, 0.0, 0.0, 0.0, 1.0],
                [1.0, 0.0, -0.0, -0.0, -0.0, 1e-06, -1.0, 0.37472, -0.0, 1.0, 1e-06, 0.0, 0.0, 0.0, 0.0, 1.0],
                [1.0, 0.0, -0.0, -0.0, -0.0, 1e-06, -1.0, 0.37472, -0.0, 1.0, 1e-06, 0.0, 0.0, 0.0, 0.0, 1.0],
                [1.0, 0.0, -0.0, 0.0, -0.0, 1e-06, -1.0, 0.37472, -0.0, 1.0, 1e-06, 0.0, 0.0, 0.0, 0.0, 1.0],
                [1.0, 0.0, -0.0, 0.0, -0.0, 1e-06, -1.0, 0.37472, -0.0, 1.0, 1e-06, 0.0, 0.0, 0.0, 0.0, 1.0],
                [1.0, 0.0, -0.0, -0.0, -0.0, 1e-06, -1.0, 0.37472, -0.0, 1.0, 1e-06, -0.0, 0.0, 0.0, 0.0, 1.0],
                [1.0, 0.0, -0.0, 0.0, -0.0, 1e-06, -1.0, 0.37472, -0.0, 1.0, 1e-06, 0.0, 0.0, 0.0, 0.0, 1.0],
                [1.0, 0.0, -0.0, 0.0, -0.0, 1e-06, -1.0, 0.37472, -0.0, 1.0, 1e-06, -0.0, 0.0, 0.0, 0.0, 1.0],
                [1.0, 0.0, -0.0, -0.0, -0.0, 1e-06, -1.0, 0.37472, -0.0, 1.0, 1e-06, 0.0, 0.0, 0.0, 0.0, 1.0],
                [1.0, 0.0, -0.0, -0.0, -0.0, 1e-06, -1.0, 0.37472, -0.0, 1.0, 1e-06, 0.0, 0.0, 0.0, 0.0, 1.0],
                [1.0, 0.0, -0.0, 0.0, -0.0, 1e-06, -1.0, 0.37472, -0.0, 1.0, 1e-06, 0.0, 0.0, 0.0, 0.0, 1.0],
                [1.0, 0.0, -0.0, 0.0, -0.0, 1e-06, -1.0, 0.37472, -0.0, 1.0, 1e-06, -0.0, 0.0, 0.0, 0.0, 1.0],
                [1.0, 0.0, -0.0, -0.0, -0.0, 1e-06, -1.0, 0.37472, -0.0, 1.0, 1e-06, 0.0, 0.0, 0.0, 0.0, 1.0],
                [1.0, 0.0, -0.0, 0.0, -0.0, 1e-06, -1.0, 0.37472, -0.0, 1.0, 1e-06, 0.0, 0.0, 0.0, 0.0, 1.0],
                [1.0, 0.0, -0.0, 0.0, -0.0, 1e-06, -1.0, 0.37472, -0.0, 1.0, 1e-06, -0.0, 0.0, 0.0, 0.0, 1.0],
                [1.0, 0.0, -0.0, -0.0, -0.0, 1e-06, -1.0, 0.37472, -0.0, 1.0, 1e-06, -0.0, 0.0, 0.0, 0.0, 1.0]
            ]
        },
        {
            "name": "Thigh_L",
            "time": [0.0, 0.1667, 0.3333, 0.5, 0.6667, 0.8333, 1.0, 1.1667, 1.3333, 1.5, 1.6667, 1.8333, 2.0, 2.1667, 2.3333, 2.5, 2.6667, 2.8333, 3.0, 3.0333, 3.0667, 3.1, 3.1333, 3.1667, 3.2, 3.2333, 3.2667, 3.3, 3.3333, 3.3667, 3.4, 3.4333, 3.4667, 3.5, 3.5333, 3.5667, 3.6, 3.6333, 3.6667, 3.7, 3.7333, 3.7667, 3.8, 3.8333, 3.8667, 3.9, 3.9333, 3.9667],
            "transform": [
                [0.893311, -0.046855, 0.446991, -0.125006, -0.213769, -0.919145, 0.33087, -0.002831, 0.395347, -0.391122, -0.831098, -1.2e-05, 0.0, 0.0, 0.0, 1.0],
                [0.915222, 0.000296, 0.40295, -0.125006, -0.229708, -0.821215, 0.522341, -0.002831, 0.331064, -0.570619, -0.751526, -1.2e-05, 0.0, 0.0, 0.0, 1.0],
                [0.980358, -0.183678, 0.071844, -0.125006, -0.175815, -0.648805, 0.740365, -0.002831, -0.089376, -0.738454, -0.668354, -1.2e-05, 0.0, 0.0, 0.0, 1.0],
                [0.944589, -0.280611, 0.170322, -0.125006, -0.328249, -0.810788, 0.484639, -0.002831, 0.0021, -0.513693, -0.857971, -1.2e-05, 0.0, 0.0, 0.0, 1.0],
                [0.654079, -0.394969, 0.64512, -0.125006, -0.526446, -0.850104, 0.013287, -0.002831, 0.543172, -0.348312, -0.763966, -1.2e-05, 0.0, 0.0, 0.0, 1.0],
                [0.517505, -0.127126, 0.846184, -0.125006, -0.499965, -0.847462, 0.178448, -0.002831, 0.694424, -0.515409, -0.502124, -1.2e-05, 0.0, 0.0, 0.0, 1.0],
                [0.899094, 0.117885, 0.421585, -0.125006, -0.319363, -0.482028, 0.815878, -0.002831, 0.299396, -0.868189, -0.39574, -1.2e-05, 0.0, 0.0, 0.0, 1.0],
                [0.862591, -0.470332, -0.186347, -0.125006, 0.110324, -0.184598, 0.976602, -0.002831, -0.493727, -0.862966, -0.107345, -1.2e-05, 0.0, 0.0, 0.0, 1.0],
                [0.386606, -0.856569, -0.341798, -0.125006, 0.23694, -0.265923, 0.934422, -0.002831, -0.891289, -0.442238, 0.100148, -1.2e-05, 0.0, 0.0, 0.0, 1.0],
                [-0.862566, -0.501417, 0.067528, -0.125006, 0.383951, -0.561808, 0.732771, -0.002831, -0.329486, 0.657991, 0.677116, -1.2e-05, 0.0, 0.0, 0.0, 1.0],
                [-0.100079, 0.696771, 0.710278, -0.125006, 0.009819, -0.713135, 0.700958, -0.002831, 0.994931, 0.077126, 0.064528, -1.2e-05, 0.0, 0.0, 0.0, 1.0],
                [0.970373, -0.014706, 0.241166, -0.125006, -0.217536, -0.487541, 0.845566, -0.002831, 0.105143, -0.872976, -0.476296, -1.2e-05, 0.0, 0.0, 0.0, 1.0],
                [0.885002, -0.465474, 0.010306, -0.125006, -0.258635, -0.473093, 0.842194, -0.002831, -0.387144, -0.748009, -0.539076, -1.2e-05, 0.0, 0.0, 0.0, 1.0],
                [0.792159, -0.603202, -0.092907, -0.125006, -0.292621, -0.508971, 0.809519, -0.002831, -0.53559, -0.614081, -0.579696, -1.2e-05, 0.0, 0.0, 0.0, 1.0],
                [0.802422, -0.585384, -0.11595, -0.125006, -0.335336, -0.603034, 0.723809, -0.002831, -0.493628, -0.541917, -0.680189, -1.2e-05, 0.0, 0.0, 0.0, 1.0],
                [0.827039, -0.550391, -0.114352, -0.125006, -0.376342, -0.693213, 0.614672, -0.002831, -0.41758, -0.465323, -0.78045, -1.2e-05, 0.0, 0.0, 0.0, 1.0],
                [0.820901, -0.555967, -0.130467, -0.125006, -0.414861, -0.737581, 0.532788, -0.002831, -0.392442, -0.383241, -0.836131, -1.2e-05, 0.0, 0.0, 0.0, 1.0],
                [0.82571, -0.556558, -0.091902, -0.125006, -0.410382, -0.704463, 0.579066, -0.002831, -0.387026, -0.440426, -0.810084, -1.2e-05, 0.0, 0.0, 0.0, 1.0],
                [0.869296, -0.491865, -0.048922, -0.125006, -0.344725, -0.674213, 0.653147, -0.002831, -0.354245, -0.550913, -0.755649, -1.2e-05, 0.0, 0.0, 0.0, 1.0],
                [0.879858, -0.471571, -0.058912, -0.125006, -0.316681, -0.674214, 0.667194, -0.002831, -0.354348, -0.568379, -0.742551, -1.2e-05, 0.0, 0.0, 0.0, 1.0],
                [0.887202, -0.455041, -0.076228, -0.125006, -0.290902, -0.679933, 0.673102, -0.002831, -0.358119, -0.575002, -0.73561, -1.2e-05, 0.0, 0.0, 0.0, 1.0],
                [0.896635, -0.433891, -0.088232, -0.125006, -0.264338, -0.684425, 0.679475, -0.002831, -0.355207, -0.585918, -0.728374, -1.2e-05, 0.0, 0.0, 0.0, 1.0],
                [0.909339, -0.407174, -0.085515, -0.125006, -0.245592, -0.691217, 0.679635, -0.002831, -0.335839, -0.597016, -0.728549, -1.2e-05, 0.0, 0.0, 0.0, 1.0],
                [0.926812, -0.370497, -0.061249, -0.125006, -0.237655, -0.704971, 0.668233, -0.002831, -0.290757, -0.60477, -0.741427, -1.2e-05, 0.0, 0.0, 0.0, 1.0],
                [0.946292, -0.323081, -0.012254, -0.125006, -0.237925, -0.721535, 0.650214, -0.002831, -0.218914, -0.612377, -0.759652, -1.2e-05, 0.0, 0.0, 0.0, 1.0],
                [0.960858, -0.272228, 0.051419, -0.125006, -0.242991, -0.738969, 0.628394, -0.002831, -0.133069, -0.616291, -0.776194, -1.2e-05, 0.0, 0.0, 0.0, 1.0],
                [0.966983, -0.224744, 0.120146, -0.125006, -0.2511, -0.759737, 0.59979, -0.002831, -0.04352, -0.610155, -0.791086, -1.2e-05, 0.0, 0.0, 0.0, 1.0],
                [0.965595, -0.186845, 0.180877, -0.125006, -0.257761, -0.779789, 0.570515, -0.002831, 0.034448, -0.597509, -0.801122, -1.2e-05, 0.0, 0.0, 0.0, 1.0],
                [0.961705, -0.162004, 0.221086, -0.125006, -0.259597, -0.797185, 0.545073, -0.002831, 0.087943, -0.581592, -0.808712, -1.2e-05, 0.0, 0.0, 0.0, 1.0],
                [0.961247, -0.151319, 0.230451, -0.125006, -0.254174, -0.810171, 0.528222, -0.002831, 0.106775, -0.566326, -0.817235, -1.2e-05, 0.0, 0.0, 0.0, 1.0],
                [0.964765, -0.15047, 0.215842, -0.125006, -0.243747, -0.82002, 0.517835, -0.002831, 0.099077, -0.5522, -0.827804, -1.2e-05, 0.0, 0.0, 0.0, 1.0],
                [0.970017, -0.15494, 0.187245, -0.125006, -0.230672, -0.829556, 0.508554, -0.002831, 0.076535, -0.536498, -0.840424, -1.2e-05, 0.0, 0.0, 0.0, 1.0],
                [0.974765, -0.159834, 0.155845, -0.125006, -0.217231, -0.839977, 0.497241, -0.002831, 0.05143, -0.518547, -0.853501, -1.2e-05, 0.0, 0.0, 0.0, 1.0],
                [0.977819, -0.159745, 0.135465, -0.125006, -0.20598, -0.850653, 0.483696, -0.002831, 0.037966, -0.50087, -0.864689, -1.2e-05, 0.0, 0.0, 0.0, 1.0],
                [0.974888, -0.144807, 0.169186, -0.125006, -0.210708, -0.845681, 0.490332, -0.002831, 0.072074, -0.513667, -0.854957, -1.2e-05, 0.0, 0.0, 0.0, 1.0],
                [0.97174, -0.129139, 0.1976, -0.125006, -0.212126, -0.84496, 0.490962, -0.002831, 0.103561, -0.519003, -0.848475, -1.2e-05, 0.0, 0.0, 0.0, 1.0],
                [0.9679, -0.115639, 0.223154, -0.125006, -0.213523, -0.846686, 0.48737, -0.002831, 0.132583, -0.519373, -0.844199, -1.2e-05, 0.0, 0.0, 0.0, 1.0],
                [0.963436, -0.10009, 0.248541, -0.125006, -0.212154, -0.851528, 0.479467, -0.002831, 0.16365, -0.514665, -0.841628, -1.2e-05, 0.0, 0.0, 0.0, 1.0],
                [0.957703, -0.085842, 0.274658, -0.125006, -0.211272, -0.857778, 0.468593, -0.002831, 0.195371, -0.5068, -0.839633, -1.2e-05, 0.0, 0.0, 0.0, 1.0],
                [0.950985, -0.072996, 0.300498, -0.125006, -0.210393, -0.864893, 0.455735, -0.002831, 0.226632, -0.496619, -0.837858, -1.2e-05, 0.0, 0.0, 0.0, 1.0],
                [0.943334, -0.062047, 0.325993, -0.125006, -0.210149, -0.871975, 0.442149, -0.002831, 0.256824, -0.485601, -0.835603, -1.2e-05, 0.0, 0.0, 0.0, 1.0],
                [0.934521, -0.052773, 0.351975, -0.125006, -0.210723, -0.879019, 0.427693, -0.002831, 0.286822, -0.473857, -0.832582, -1.2e-05, 0.0, 0.0, 0.0, 1.0],
                [0.924622, -0.045187, 0.378198, -0.125006, -0.212059, -0.885885, 0.412598, -0.002831, 0.316396, -0.461697, -0.828691, -1.2e-05, 0.0, 0.0, 0.0, 1.0],
                [0.915201, -0.039624, 0.401044, -0.125006, -0.213313, -0.891944, 0.398665, -0.002831, 0.341913, -0.450406, -0.824761, -1.2e-05, 0.0, 0.0, 0.0, 1.0],
                [0.907072, -0.033429, 0.419646, -0.125006, -0.211439, -0.898163, 0.385482, -0.002831, 0.364024, -0.438389, -0.821767, -1.2e-05, 0.0, 0.0, 0.0, 1.0],
                [0.899988, -0.028915, 0.434954, -0.125006, -0.209522, -0.903675, 0.37346, -0.002831, 0.382259, -0.427242, -0.819355, -1.2e-05, 0.0, 0.0, 0.0, 1.0],
                [0.893134, -0.024627, 0.449117, -0.125006, -0.207258, -0.908712, 0.362336, -0.002831, 0.399195, -0.416697, -0.816705, -1.2e-05, 0.0, 0.0, 0.0, 1.0],
                [0.886919, -0.020699, 0.461461, -0.125006, -0.204673, -0.913187, 0.352418, -0.002831, 0.414106, -0.407014, -0.814159, -1.2e-05, 0.0, 0.0, 0.0, 1.0]
            ]
        },
        {
            "name": "Leg_L",
            "time": [0.0, 0.1667, 0.3333, 0.5, 0.6667, 0.8333, 1.0, 1.1667, 1.3333, 1.5, 1.6667, 1.8333, 2.0, 2.1667, 2.3333, 2.5, 2.6667, 2.8333, 3.0, 3.0333, 3.0667, 3.1, 3.1333, 3.1667, 3.2, 3.2333, 3.2667, 3.3, 3.3333, 3.3667, 3.4, 3.4333, 3.4667, 3.5, 3.5333, 3.5667, 3.6, 3.6333, 3.6667, 3.7, 3.7333, 3.7667, 3.8, 3.8333, 3.8667, 3.9, 3.9333, 3.9667],
            "transform": [
                [1.0, 0.0, 0.0, 0.0, -0.0, 0.862422, 0.506189, 0.37472, -0.0, -0.506189, 0.862423, 0.0, 0.0, 0.0, 0.0, 1.0],
                [1.0, 0.0, 0.0, 0.0, -0.0, 0.684807, 0.728724, 0.37472, -0.0, -0.728725, 0.684807, 0.0, 0.0, 0.0, 0.0, 1.0],
                [1.0, 0.0, 0.0, 0.0, -0.0, 0.596545, 0.802579, 0.37472, -0.0, -0.802579, 0.596545, 0.0, 0.0, 0.0, 0.0, 1.0],
                [1.0, 0.0, 0.0, -0.0, -0.0, 0.868751, 0.495248, 0.37472, -0.0, -0.495248, 0.868751, 0.0, 0.0, 0.0, 0.0, 1.0],
                [1.0, 0.0, 0.0, -0.0, -0.0, 0.972116, 0.2345, 0.37472, -0.0, -0.2345, 0.972116, -0.0, 0.0, 0.0, 0.0, 1.0],
                [1.0, 0.0, 0.0, -0.0, -0.0, 0.698466, 0.715643, 0.37472, -0.0, -0.715643, 0.698466, -0.0, 0.0, 0.0, 0.0, 1.0],
                [1.0, -0.0, 0.0, 0.0, -0.0, 0.140781, 0.990041, 0.37472, -0.0, -0.99004, 0.140781, 0.0, 0.0, 0.0, 0.0, 1.0],
                [1.0, -0.0, 0.0, -0.0, -0.0, -0.025908, 0.999665, 0.37472, -0.0, -0.999664, -0.025908, 0.0, 0.0, 0.0, 0.0, 1.0],
                [1.0, -0.0, 0.0, -0.0, -0.0, -0.20566, 0.978624, 0.37472, -0.0, -0.978623, -0.20566, 0.0, 0.0, 0.0, 0.0, 1.0],
                [1.0, -0.0, 0.0, -0.0, -0.0, -0.18302, 0.983109, 0.37472, -0.0, -0.983109, -0.18302, -0.0, 0.0, 0.0, 0.0, 1.0],
                [1.0, -0.0, 1e-06, 0.0, -1e-06, -0.300925, 0.953649, 0.37472, 0.0, -0.953648, -0.300925, 0.0, 0.0, 0.0, 0.0, 1.0],
                [1.0, -0.0, 0.0, -0.0, -0.0, -0.188471, 0.982079, 0.37472, -0.0, -0.982078, -0.188471, 0.0, 0.0, 0.0, 0.0, 1.0],
                [1.0, -0.0, 0.0, -0.0, -0.0, 0.07931, 0.99685, 0.37472, -0.0, -0.99685, 0.07931, -0.0, 0.0, 0.0, 0.0, 1.0],
                [1.0, -0.0, 0.0, -0.0, -0.0, 0.324497, 0.945887, 0.37472, -0.0, -0.945886, 0.324497, 0.0, 0.0, 0.0, 0.0, 1.0],
                [1.0, 0.0, 0.0, 0.0, -0.0, 0.528958, 0.848649, 0.37472, -0.0, -0.848648, 0.528959, -0.0, 0.0, 0.0, 0.0, 1.0],
                [1.0, 0.0, 0.0, 0.0, -0.0, 0.697613, 0.716475, 0.37472, -0.0, -0.716474, 0.697613, -0.0, 0.0, 0.0, 0.0, 1.0],
                [1.0, 0.0, 0.0, -0.0, -0.0, 0.834214, 0.551441, 0.37472, -0.0, -0.55144, 0.834215, -0.0, 0.0, 0.0, 0.0, 1.0],
                [1.0, 0.0, 0.0, 0.0, -0.0, 0.841272, 0.540612, 0.37472, -0.0, -0.540612, 0.841272, -0.0, 0.0, 0.0, 0.0, 1.0],
                [1.0, 0.0, 0.0, -0.0, -0.0, 0.776487, 0.630133, 0.37472, -0.0, -0.630133, 0.776487, 0.0, 0.0, 0.0, 0.0, 1.0],
                [1.0, 0.0, 0.0, 0.0, -0.0, 0.766877, 0.641793, 0.37472, -0.0, -0.641793, 0.766878, -0.0, 0.0, 0.0, 0.0, 1.0],
                [1.0, 0.0, 0.0, 0.0, -0.0, 0.76796, 0.640498, 0.37472, -0.0, -0.640498, 0.76796, -0.0, 0.0, 0.0, 0.0, 1.0],
                [1.0, 0.0, 0.0, 0.0, -0.0, 0.770655, 0.637253, 0.37472, -0.0, -0.637253, 0.770655, 0.0, 0.0, 0.0, 0.0, 1.0],
                [1.0, 0.0, 0.0, 0.0, -0.0, 0.77567, 0.631138, 0.37472, -0.0, -0.631138, 0.775671, 0.0, 0.0, 0.0, 0.0, 1.0],
                [1.0, 0.0, 0.0, 0.0, -0.0, 0.78737, 0.616481, 0.37472, -0.0, -0.61648, 0.78737, 0.0, 0.0, 0.0, 0.0, 1.0],
                [1.0, 0.0, 0.0, -0.0, -0.0, 0.803223, 0.595678, 0.37472, -0.0, -0.595678, 0.803223, 0.0, 0.0, 0.0, 0.0, 1.0],
                [1.0, 0.0, 0.0, 0.0, -0.0, 0.822085, 0.569364, 0.37472, -0.0, -0.569364, 0.822086, 0.0, 0.0, 0.0, 0.0, 1.0],
                [1.0, 0.0, 0.0, 0.0, -0.0, 0.846388, 0.532566, 0.37472, -0.0, -0.532565, 0.846389, 0.0, 0.0, 0.0, 0.0, 1.0],
                [1.0, 0.0, 0.0, 0.0, -0.0, 0.870621, 0.491954, 0.37472, -0.0, -0.491953, 0.870622, -0.0, 0.0, 0.0, 0.0, 1.0],
                [1.0, 0.0, 0.0, -0.0, -0.0, 0.891101, 0.453806, 0.37472, -0.0, -0.453806, 0.8911, -0.0, 0.0, 0.0, 0.0, 1.0],
                [1.0, 0.0, 0.0, -0.0, -0.0, 0.904077, 0.427369, 0.37472, -0.0, -0.427369, 0.904077, 0.0, 0.0, 0.0, 0.0, 1.0],
                [1.0, 0.0, 0.0, -0.0, -0.0, 0.910774, 0.412906, 0.37472, -0.0, -0.412906, 0.910774, -0.0, 0.0, 0.0, 0.0, 1.0],
                [1.0, 0.0, 0.0, 0.0, -0.0, 0.915755, 0.401736, 0.37472, -0.0, -0.401736, 0.915756, 0.0, 0.0, 0.0, 0.0, 1.0],
                [1.0, 0.0, 0.0, 0.0, -0.0, 0.921007, 0.389545, 0.37472, -0.0, -0.389545, 0.921008, 0.0, 0.0, 0.0, 0.0, 1.0],
                [1.0, 0.0, 0.0, -0.0, -0.0, 0.925996, 0.377532, 0.37472, -0.0, -0.377531, 0.925997, 0.0, 0.0, 0.0, 0.0, 1.0],
                [1.0, 0.0, 0.0, 0.0, -0.0, 0.900407, 0.435048, 0.37472, -0.0, -0.435048, 0.900407, -0.0, 0.0, 0.0, 0.0, 1.0],
                [1.0, 0.0, 0.0, 0.0, -0.0, 0.877543, 0.479498, 0.37472, -0.0, -0.479498, 0.877543, -0.0, 0.0, 0.0, 0.0, 1.0],
                [1.0, 0.0, 0.0, 0.0, -0.0, 0.857806, 0.513973, 0.37472, -0.0, -0.513973, 0.857806, -0.0, 0.0, 0.0, 0.0, 1.0],
                [1.0, 0.0, 0.0, 0.0, -0.0, 0.842713, 0.538364, 0.37472, -0.0, -0.538363, 0.842713, -0.0, 0.0, 0.0, 0.0, 1.0],
                [1.0, 0.0, 0.0, 0.0, -0.0, 0.832699, 0.553725, 0.37472, -0.0, -0.553725, 0.832699, -0.0, 0.0, 0.0, 0.0, 1.0],
                [1.0, 0.0, 0.0, 0.0, -0.0, 0.826463, 0.56299, 0.37472, -0.0, -0.56299, 0.826464, 0.0, 0.0, 0.0, 0.0, 1.0],
                [1.0, 0.0, 0.0, 0.0, -0.0, 0.822594, 0.568629, 0.37472, -0.0, -0.568628, 0.822595, -0.0, 0.0, 0.0, 0.0, 1.0],
                [1.0, 0.0, 0.0, 0.0, -0.0, 0.821028, 0.570888, 0.37472, -0.0, -0.570888, 0.821028, -0.0, 0.0, 0.0, 0.0, 1.0],
                [1.0, 0.0, 0.0, 0.0, -0.0, 0.821393, 0.570363, 0.37472, -0.0, -0.570362, 0.821393, -0.0, 0.0, 0.0, 0.0, 1.0],
                [1.0, 0.0, 0.0, 0.0, -0.0, 0.822376, 0.568944, 0.37472, -0.0, -0.568944, 0.822376, 0.0, 0.0, 0.0, 0.0, 1.0],
                [1.0, 0.0, 0.0, 0.0, -0.0, 0.823466, 0.567366, 0.37472, -0.0, -0.567365, 0.823466, -0.0, 0.0, 0.0, 0.0, 1.0],
                [1.0, 0.0, 0.0, -0.0, -0.0, 0.82495, 0.565206, 0.37472, -0.0, -0.565206, 0.82495, 0.0, 0.0, 0.0, 0.0, 1.0],
                [1.0, 0.0, 0.0, 0.0, -0.0, 0.826571, 0.562832, 0.37472, -0.0, -0.562832, 0.826571, -0.0, 0.0, 0.0, 0.0, 1.0],
                [1.0, 0.0, 0.0, 0.0, -0.0, 0.82815, 0.560507, 0.37472, -0.0, -0.560507, 0.82815, -0.0, 0.0, 0.0, 0.0, 1.0]
            ]
        },
        {
            "name": "Knee_L",
            "time": [0.0, 0.1667, 0.3333, 0.5, 0.6667, 0.8333, 1.0, 1.1667, 1.3333, 1.5, 1.6667, 1.8333, 2.0, 2.1667, 2.3333, 2.5, 2.6667, 2.8333, 3.0, 3.3333, 3.6667, 3.9667],
            "transform": [
                [1.0, 0.0, -0.0, 0.0, -0.0, 1e-06, -1.0, 0.37472, -0.0, 1.0, 1e-06, 0.0, 0.0, 0.0, 0.0, 1.0],
                [1.0, 0.0, -0.0, 0.0, -0.0, 1e-06, -1.0, 0.37472, -0.0, 1.0, 1e-06, 0.0, 0.0, 0.0, 0.0, 1.0],
                [1.0, 0.0, -0.0, 0.0, -0.0, 1e-06, -1.0, 0.37472, -0.0, 1.0, 1e-06, 0.0, 0.0, 0.0, 0.0, 1.0],
                [1.0, 0.0, -0.0, -0.0, -0.0, 1e-06, -1.0, 0.37472, -0.0, 1.0, 1e-06, 0.0, 0.0, 0.0, 0.0, 1.0],
                [1.0, 0.0, -0.0, -0.0, -0.0, 1e-06, -1.0, 0.37472, -0.0, 1.0, 1e-06, -0.0, 0.0, 0.0, 0.0, 1.0],
                [1.0, 0.0, -0.0, -0.0, -0.0, 1e-06, -1.0, 0.37472, -0.0, 1.0, 1e-06, -0.0, 0.0, 0.0, 0.0, 1.0],
                [1.0, 0.0, -0.0, 0.0, -0.0, 1e-06, -1.0, 0.37472, -0.0, 1.0, 1e-06, 0.0, 0.0, 0.0, 0.0, 1.0],
                [1.0, 0.0, -0.0, -0.0, -0.0, 1e-06, -1.0, 0.37472, -0.0, 1.0, 1e-06, 0.0, 0.0, 0.0, 0.0, 1.0],
                [1.0, 0.0, -0.0, -0.0, -0.0, 1e-06, -1.0, 0.37472, -0.0, 1.0, 1e-06, 0.0, 0.0, 0.0, 0.0, 1.0],
                [1.0, 0.0, -0.0, -0.0, -0.0, 1e-06, -1.0, 0.37472, -0.0, 1.0, 1e-06, -0.0, 0.0, 0.0, 0.0, 1.0],
                [1.0, 0.0, -0.0, 0.0, -0.0, 1e-06, -1.0, 0.37472, -0.0, 1.0, 1e-06, 0.0, 0.0, 0.0, 0.0, 1.0],
                [1.0, 0.0, -0.0, -0.0, -0.0, 1e-06, -1.0, 0.37472, -0.0, 1.0, 1e-06, 0.0, 0.0, 0.0, 0.0, 1.0],
                [1.0, 0.0, -0.0, -0.0, -0.0, 1e-06, -1.0, 0.37472, -0.0, 1.0, 1e-06, -0.0, 0.0, 0.0, 0.0, 1.0],
                [1.0, 0.0, -0.0, -0.0, -0.0, 1e-06, -1.0, 0.37472, -0.0, 1.0, 1e-06, 0.0, 0.0, 0.0, 0.0, 1.0],
