{
    "animation": [
        {
            "name": "Root",
            "time": [0.0, 0.0333, 0.0667, 0.1, 0.1333, 0.1667, 0.2, 0.2333, 0.2667, 0.3, 0.3333, 0.3667, 0.4, 0.4333, 0.4667, 0.5, 0.5333, 0.5667, 0.6, 0.6333, 0.6667, 0.7, 0.7333, 0.7667, 0.8, 0.8333, 0.8667, 0.9, 0.9333, 0.9667, 1.0, 1.0333, 1.0667, 1.1, 1.1333, 1.1667, 1.2, 1.2333, 1.2667, 1.3, 1.3333, 1.3667, 1.4, 1.4333, 1.4667, 1.5, 1.5333, 1.5667, 1.6, 1.6333, 1.6667, 1.7, 1.7333, 1.7667, 1.8, 1.8333, 1.8667, 1.9, 1.9333, 1.9667, 2.0, 2.0333, 2.0667, 2.1, 2.1333, 2.1667, 2.2, 2.2333, 2.2667, 2.3, 2.3333, 2.3667, 2.4, 2.4333, 2.4667, 2.5, 2.5333, 2.5667, 2.6, 2.6333, 2.6667, 2.7, 2.7333, 2.7667, 2.8, 2.8333, 2.8667, 2.9, 2.9333, 2.9667, 3.0, 3.0333, 3.0667, 3.1, 3.1333, 3.1667, 3.2, 3.2333, 3.2667, 3.3, 3.3333, 3.3667],
            "transform": [
                [1.0, -0.0, 0.0, -2.2e-05, 0.0, -0.0, -1.0, 4.1e-05, 0.0, 1.0, -0.0, 0.606477, 0.0, 0.0, 0.0, 1.0],
                [1.0, -0.0, 0.0, 5.4e-05, 0.0, -0.0, -1.0, -0.003819, 0.0, 1.0, -0.0, 0.606477, 0.0, 0.0, 0.0, 1.0],
                [1.0, -0.0, 0.0, 0.000161, 0.0, -0.0, -1.0, -0.007628, 0.0, 1.0, -0.0, 0.606477, 0.0, 0.0, 0.0, 1.0],
                [1.0, -0.0, 0.0, 0.000292, 0.0, -0.0, -1.0, -0.011398, 0.0, 1.0, -0.0, 0.606477, 0.0, 0.0, 0.0, 1.0],
                [1.0, -0.0, 0.0, 0.00044, 0.0, -0.0, -1.0, -0.01514, 0.0, 1.0, -0.0, 0.606477, 0.0, 0.0, 0.0, 1.0],
                [1.0, -0.0, 0.0, 0.000597, 0.0, -0.0, -1.0, -0.018867, 0.0, 1.0, -0.0, 0.606477, 0.0, 0.0, 0.0, 1.0],
                [1.0, -0.0, 0.0, 0.000757, 0.0, -0.0, -1.0, -0.02259, 0.0, 1.0, -0.0, 0.606477, 0.0, 0.0, 0.0, 1.0],
                [1.0, -0.0, 0.0, 0.000912, 0.0, -0.0, -1.0, -0.02632, 0.0, 1.0, -0.0, 0.606477, 0.0, 0.0, 0.0, 1.0],
                [1.0, -0.0, 0.0, 0.001055, 0.0, -0.0, -1.0, -0.03007, 0.0, 1.0, -0.0, 0.606477, 0.0, 0.0, 0.0, 1.0],
                [1.0, -0.0, 0.0, 0.001179, 0.0, -0.0, -1.0, -0.033852, 0.0, 1.0, -0.0, 0.606477, 0.0, 0.0, 0.0, 1.0],
                [1.0, -0.0, 0.0, 0.001276, 0.0, -0.0, -1.0, -0.037677, 0.0, 1.0, -0.0, 0.606477, 0.0, 0.0, 0.0, 1.0],
                [1.0, -0.0, 0.0, 0.00134, 0.0, -0.0, -1.0, -0.041556, 0.0, 1.0, -0.0, 0.606477, 0.0, 0.0, 0.0, 1.0],
                [1.0, -0.0, 0.0, 0.001363, 0.0, -0.0, -1.0, -0.045503, 0.0, 1.0, -0.0, 0.606477, 0.0, 0.0, 0.0, 1.0],
                [1.0, -0.0, 0.0, 0.001338, 0.0, -0.0, -1.0, -0.049528, 0.0, 1.0, -0.0, 0.606477, 0.0, 0.0, 0.0, 1.0],
                [1.0, -0.0, 0.0, 0.001258, 0.0, -0.0, -1.0, -0.053643, 0.0, 1.0, -0.0, 0.606477, 0.0, 0.0, 0.0, 1.0],
                [1.0, -0.0, 0.0, 0.001116, 0.0, -0.0, -1.0, -0.05786, 0.0, 1.0, -0.0, 0.606477, 0.0, 0.0, 0.0, 1.0],
                [1.0, -0.0, 0.0, 0.000904, 0.0, -0.0, -1.0, -0.06219, 0.0, 1.0, -0.0, 0.606477, 0.0, 0.0, 0.0, 1.0],
                [1.0, -0.0, 0.0, 0.000264, 0.0, -0.0, -1.0, -0.067232, 0.0, 1.0, -0.0, 0.606477, 0.0, 0.0, 0.0, 1.0],
                [1.0, -0.0, 0.0, -0.000963, 0.0, -0.0, -1.0, -0.073249, 0.0, 1.0, -0.0, 0.606477, 0.0, 0.0, 0.0, 1.0],
                [1.0, -0.0, 0.0, -0.002488, 0.0, -0.0, -1.0, -0.079756, 0.0, 1.0, -0.0, 0.606477, 0.0, 0.0, 0.0, 1.0],
                [1.0, -0.0, 0.0, -0.004019, 0.0, -0.0, -1.0, -0.086267, 0.0, 1.0, -0.0, 0.606477, 0.0, 0.0, 0.0, 1.0],
                [1.0, -0.0, 0.0, -0.005267, 0.0, -0.0, -1.0, -0.092296, 0.0, 1.0, -0.0, 0.606477, 0.0, 0.0, 0.0, 1.0],
                [1.0, -0.0, 0.0, -0.005941, 0.0, -0.0, -1.0, -0.097357, 0.0, 1.0, -0.0, 0.606477, 0.0, 0.0, 0.0, 1.0],
                [1.0, -0.0, 0.0, -0.00575, 0.0, -0.0, -1.0, -0.100965, 0.0, 1.0, -0.0, 0.606477, 0.0, 0.0, 0.0, 1.0],
                [1.0, -0.0, 0.0, -0.004955, 0.0, -0.0, -1.0, -0.103894, 0.0, 1.0, -0.0, 0.606477, 0.0, 0.0, 0.0, 1.0],
                [1.0, -0.0, 0.0, -0.004018, 0.0, -0.0, -1.0, -0.107178, 0.0, 1.0, -0.0, 0.606477, 0.0, 0.0, 0.0, 1.0],
                [1.0, -0.0, 0.0, -0.002954, 0.0, -0.0, -1.0, -0.110723, 0.0, 1.0, -0.0, 0.606477, 0.0, 0.0, 0.0, 1.0],
                [1.0, -0.0, 0.0, -0.001776, 0.0, -0.0, -1.0, -0.114433, 0.0, 1.0, -0.0, 0.606477, 0.0, 0.0, 0.0, 1.0],
                [1.0, -0.0, 0.0, -0.000498, 0.0, -0.0, -1.0, -0.118211, 0.0, 1.0, -0.0, 0.606477, 0.0, 0.0, 0.0, 1.0],
                [1.0, -0.0, 0.0, 0.000866, 0.0, -0.0, -1.0, -0.121963, 0.0, 1.0, -0.0, 0.606477, 0.0, 0.0, 0.0, 1.0],
                [1.0, -0.0, 0.0, 0.002302, 0.0, -0.0, -1.0, -0.125594, 0.0, 1.0, -0.0, 0.606477, 0.0, 0.0, 0.0, 1.0],
                [1.0, -0.0, 0.0, 0.003797, 0.0, -0.0, -1.0, -0.129007, 0.0, 1.0, -0.0, 0.606477, 0.0, 0.0, 0.0, 1.0],
                [1.0, -0.0, 0.0, 0.005336, 0.0, -0.0, -1.0, -0.132107, 0.0, 1.0, -0.0, 0.606477, 0.0, 0.0, 0.0, 1.0],
                [1.0, -0.0, 0.0, 0.006905, 0.0, -0.0, -1.0, -0.134798, 0.0, 1.0, -0.0, 0.606477, 0.0, 0.0, 0.0, 1.0],
                [1.0, -0.0, 0.0, 0.008492, 0.0, -0.0, -1.0, -0.136986, 0.0, 1.0, -0.0, 0.606477, 0.0, 0.0, 0.0, 1.0],
                [1.0, -0.0, 0.0, 0.010081, 0.0, -0.0, -1.0, -0.138574, 0.0, 1.0, -0.0, 0.606477, 0.0, 0.0, 0.0, 1.0],
                [1.0, -0.0, 0.0, 0.011659, 0.0, -0.0, -1.0, -0.139468, 0.0, 1.0, -0.0, 0.606477, 0.0, 0.0, 0.0, 1.0],
                [1.0, -0.0, 0.0, 0.013213, 0.0, -0.0, -1.0, -0.13957, 0.0, 1.0, -0.0, 0.606477, 0.0, 0.0, 0.0, 1.0],
                [1.0, -0.0, 0.0, 0.014727, 0.0, -0.0, -1.0, -0.138787, 0.0, 1.0, -0.0, 0.606477, 0.0, 0.0, 0.0, 1.0],
                [1.0, -0.0, 0.0, 0.016189, 0.0, -0.0, -1.0, -0.137022, 0.0, 1.0, -0.0, 0.606477, 0.0, 0.0, 0.0, 1.0],
                [1.0, -0.0, 0.0, 0.017585, 0.0, -0.0, -1.0, -0.13418, 0.0, 1.0, -0.0, 0.606477, 0.0, 0.0, 0.0, 1.0],
                [1.0, -0.0, 0.0, 0.018901, 0.0, -0.0, -1.0, -0.130165, 0.0, 1.0, -0.0, 0.606477, 0.0, 0.0, 0.0, 1.0],
                [1.0, -0.0, 0.0, 0.020411, 0.0, -0.0, -1.0, -0.124184, 0.0, 1.0, -0.0, 0.606477, 0.0, 0.0, 0.0, 1.0],
                [1.0, -0.0, 0.0, 0.022331, 0.0, -0.0, -1.0, -0.115749, 0.0, 1.0, -0.0, 0.606477, 0.0, 0.0, 0.0, 1.0],
                [1.0, -0.0, 0.0, 0.024553, 0.0, -0.0, -1.0, -0.105224, 0.0, 1.0, -0.0, 0.606477, 0.0, 0.0, 0.0, 1.0],
                [1.0, -0.0, 0.0, 0.026972, 0.0, -0.0, -1.0, -0.092971, 0.0, 1.0, -0.0, 0.606477, 0.0, 0.0, 0.0, 1.0],
                [1.0, -0.0, 0.0, 0.029481, 0.0, -0.0, -1.0, -0.079354, 0.0, 1.0, -0.0, 0.606477, 0.0, 0.0, 0.0, 1.0],
                [1.0, -0.0, 0.0, 0.031975, 0.0, -0.0, -1.0, -0.064736, 0.0, 1.0, -0.0, 0.606477, 0.0, 0.0, 0.0, 1.0],
                [1.0, -0.0, 0.0, 0.034346, 0.0, -0.0, -1.0, -0.049481, 0.0, 1.0, -0.0, 0.606477, 0.0, 0.0, 0.0, 1.0],
                [1.0, -0.0, 0.0, 0.03649, 0.0, -0.0, -1.0, -0.033951, 0.0, 1.0, -0.0, 0.606477, 0.0, 0.0, 0.0, 1.0],
                [1.0, -0.0, 0.0, 0.038299, 0.0, -0.0, -1.0, -0.018511, 0.0, 1.0, -0.0, 0.606477, 0.0, 0.0, 0.0, 1.0],
                [1.0, -0.0, 0.0, 0.039667, 0.0, -0.0, -1.0, -0.003523, 0.0, 1.0, -0.0, 0.606477, 0.0, 0.0, 0.0, 1.0],
                [1.0, -0.0, 0.0, 0.040489, 0.0, -0.0, -1.0, 0.01065, 0.0, 1.0, -0.0, 0.606477, 0.0, 0.0, 0.0, 1.0],
                [1.0, -0.0, 0.0, 0.040658, 0.0, -0.0, -1.0, 0.023644, 0.0, 1.0, -0.0, 0.606477, 0.0, 0.0, 0.0, 1.0],
                [1.0, -0.0, 0.0, 0.040068, 0.0, -0.0, -1.0, 0.035096, 0.0, 1.0, -0.0, 0.606477, 0.0, 0.0, 0.0, 1.0],
                [1.0, -0.0, 0.0, 0.038613, 0.0, -0.0, -1.0, 0.044643, 0.0, 1.0, -0.0, 0.606477, 0.0, 0.0, 0.0, 1.0],
                [1.0, -0.0, 0.0, 0.036186, 0.0, -0.0, -1.0, 0.051921, 0.0, 1.0, -0.0, 0.606477, 0.0, 0.0, 0.0, 1.0],
                [1.0, -0.0, 0.0, 0.032894, 0.0, -0.0, -1.0, 0.057812, 0.0, 1.0, -0.0, 0.606477, 0.0, 0.0, 0.0, 1.0],
                [1.0, -0.0, 0.0, 0.028951, 0.0, -0.0, -1.0, 0.06344, 0.0, 1.0, -0.0, 0.606477, 0.0, 0.0, 0.0, 1.0],
                [1.0, -0.0, 0.0, 0.02442, 0.0, -0.0, -1.0, 0.068803, 0.0, 1.0, -0.0, 0.606477, 0.0, 0.0, 0.0, 1.0],
                [1.0, -0.0, 0.0, 0.019361, 0.0, -0.0, -1.0, 0.073901, 0.0, 1.0, -0.0, 0.606477, 0.0, 0.0, 0.0, 1.0],
                [1.0, -0.0, 0.0, 0.013836, 0.0, -0.0, -1.0, 0.078732, 0.0, 1.0, -0.0, 0.606477, 0.0, 0.0, 0.0, 1.0],
                [1.0, -0.0, 0.0, 0.007904, 0.0, -0.0, -1.0, 0.083296, 0.0, 1.0, -0.0, 0.606477, 0.0, 0.0, 0.0, 1.0],
                [1.0, -0.0, 0.0, 0.001629, 0.0, -0.0, -1.0, 0.087591, 0.0, 1.0, -0.0, 0.606477, 0.0, 0.0, 0.0, 1.0],
                [1.0, -0.0, 0.0, -0.004931, 0.0, -0.0, -1.0, 0.091616, 0.0, 1.0, -0.0, 0.606477, 0.0, 0.0, 0.0, 1.0],
                [1.0, -0.0, 0.0, -0.011713, 0.0, -0.0, -1.0, 0.095371, 0.0, 1.0, -0.0, 0.606477, 0.0, 0.0, 0.0, 1.0],
                [1.0, -0.0, 0.0, -0.018656, 0.0, -0.0, -1.0, 0.098854, 0.0, 1.0, -0.0, 0.606477, 0.0, 0.0, 0.0, 1.0],
                [1.0, -0.0, 0.0, -0.025701, 0.0, -0.0, -1.0, 0.102064, 0.0, 1.0, -0.0, 0.606477, 0.0, 0.0, 0.0, 1.0],
                [1.0, -0.0, 0.0, -0.032785, 0.0, -0.0, -1.0, 0.105, 0.0, 1.0, -0.0, 0.606477, 0.0, 0.0, 0.0, 1.0],
                [1.0, -0.0, 0.0, -0.039847, 0.0, -0.0, -1.0, 0.107661, 0.0, 1.0, -0.0, 0.606477, 0.0, 0.0, 0.0, 1.0],
                [1.0, -0.0, 0.0, -0.046827, 0.0, -0.0, -1.0, 0.110046, 0.0, 1.0, -0.0, 0.606477, 0.0, 0.0, 0.0, 1.0],
                [1.0, -0.0, 0.0, -0.053664, 0.0, -0.0, -1.0, 0.112154, 0.0, 1.0, -0.0, 0.606477, 0.0, 0.0, 0.0, 1.0],
                [1.0, -0.0, 0.0, -0.060296, 0.0, -0.0, -1.0, 0.113984, 0.0, 1.0, -0.0, 0.606477, 0.0, 0.0, 0.0, 1.0],
                [1.0, -0.0, 0.0, -0.066663, 0.0, -0.0, -1.0, 0.115535, 0.0, 1.0, -0.0, 0.606477, 0.0, 0.0, 0.0, 1.0],
                [1.0, -0.0, 0.0, -0.072703, 0.0, -0.0, -1.0, 0.116806, 0.0, 1.0, -0.0, 0.606477, 0.0, 0.0, 0.0, 1.0],
                [1.0, -0.0, 0.0, -0.078356, 0.0, -0.0, -1.0, 0.117796, 0.0, 1.0, -0.0, 0.606477, 0.0, 0.0, 0.0, 1.0],
                [1.0, -0.0, 0.0, -0.08356, 0.0, -0.0, -1.0, 0.118503, 0.0, 1.0, -0.0, 0.606477, 0.0, 0.0, 0.0, 1.0],
                [1.0, -0.0, 0.0, -0.088255, 0.0, -0.0, -1.0, 0.118927, 0.0, 1.0, -0.0, 0.606477, 0.0, 0.0, 0.0, 1.0],
                [1.0, -0.0, 0.0, -0.092379, 0.0, -0.0, -1.0, 0.118924, 0.0, 1.0, -0.0, 0.606477, 0.0, 0.0, 0.0, 1.0],
                [1.0, -0.0, 0.0, -0.095872, 0.0, -0.0, -1.0, 0.118921, 0.0, 1.0, -0.0, 0.606477, 0.0, 0.0, 0.0, 1.0],
                [1.0, -0.0, 0.0, -0.098672, 0.0, -0.0, -1.0, 0.118489, 0.0, 1.0, -0.0, 0.606477, 0.0, 0.0, 0.0, 1.0],
                [1.0, -0.0, 0.0, -0.100719, 0.0, -0.0, -1.0, 0.117769, 0.0, 1.0, -0.0, 0.606477, 0.0, 0.0, 0.0, 1.0],
                [1.0, -0.0, 0.0, -0.101951, 0.0, -0.0, -1.0, 0.116761, 0.0, 1.0, -0.0, 0.606477, 0.0, 0.0, 0.0, 1.0],
                [1.0, -0.0, 0.0, -0.102123, 0.0, -0.0, -1.0, 0.115096, 0.0, 1.0, -0.0, 0.606477, 0.0, 0.0, 0.0, 1.0],
                [1.0, -0.0, 0.0, -0.101099, 0.0, -0.0, -1.0, 0.112464, 0.0, 1.0, -0.0, 0.606477, 0.0, 0.0, 0.0, 1.0],
                [1.0, -0.0, 0.0, -0.098982, 0.0, -0.0, -1.0, 0.108948, 0.0, 1.0, -0.0, 0.606477, 0.0, 0.0, 0.0, 1.0],
                [1.0, -0.0, 0.0, -0.095873, 0.0, -0.0, -1.0, 0.104629, 0.0, 1.0, -0.0, 0.606477, 0.0, 0.0, 0.0, 1.0],
                [1.0, -0.0, 0.0, -0.091875, 0.0, -0.0, -1.0, 0.099592, 0.0, 1.0, -0.0, 0.606477, 0.0, 0.0, 0.0, 1.0],
                [1.0, -0.0, 0.0, -0.087092, 0.0, -0.0, -1.0, 0.093919, 0.0, 1.0, -0.0, 0.606477, 0.0, 0.0, 0.0, 1.0],
                [1.0, -0.0, 0.0, -0.081624, 0.0, -0.0, -1.0, 0.087693, 0.0, 1.0, -0.0, 0.606477, 0.0, 0.0, 0.0, 1.0],
                [1.0, -0.0, 0.0, -0.075576, 0.0, -0.0, -1.0, 0.080997, 0.0, 1.0, -0.0, 0.606477, 0.0, 0.0, 0.0, 1.0],
                [1.0, -0.0, 0.0, -0.069049, 0.0, -0.0, -1.0, 0.073914, 0.0, 1.0, -0.0, 0.606477, 0.0, 0.0, 0.0, 1.0],
                [1.0, -0.0, 0.0, -0.062147, 0.0, -0.0, -1.0, 0.066526, 0.0, 1.0, -0.0, 0.606477, 0.0, 0.0, 0.0, 1.0],
                [1.0, -0.0, 0.0, -0.05497, 0.0, -0.0, -1.0, 0.058918, 0.0, 1.0, -0.0, 0.606477, 0.0, 0.0, 0.0, 1.0],
                [1.0, -0.0, 0.0, -0.047623, 0.0, -0.0, -1.0, 0.051171, 0.0, 1.0, -0.0, 0.606477, 0.0, 0.0, 0.0, 1.0],
                [1.0, -0.0, 0.0, -0.040208, 0.0, -0.0, -1.0, 0.043369, 0.0, 1.0, -0.0, 0.606477, 0.0, 0.0, 0.0, 1.0],
                [1.0, -0.0, 0.0, -0.032827, 0.0, -0.0, -1.0, 0.035595, 0.0, 1.0, -0.0, 0.606477, 0.0, 0.0, 0.0, 1.0],
                [1.0, -0.0, 0.0, -0.025582, 0.0, -0.0, -1.0, 0.027931, 0.0, 1.0, -0.0, 0.606477, 0.0, 0.0, 0.0, 1.0],
                [1.0, -0.0, 0.0, -0.018577, 0.0, -0.0, -1.0, 0.020461, 0.0, 1.0, -0.0, 0.606477, 0.0, 0.0, 0.0, 1.0],
                [1.0, -0.0, 0.0, -0.011913, 0.0, -0.0, -1.0, 0.013267, 0.0, 1.0, -0.0, 0.606477, 0.0, 0.0, 0.0, 1.0],
                [1.0, -0.0, 0.0, -0.005694, 0.0, -0.0, -1.0, 0.006433, 0.0, 1.0, -0.0, 0.606477, 0.0, 0.0, 0.0, 1.0],
                [1.0, -0.0, 0.0, -2.2e-05, 0.0, -0.0, -1.0, 4.1e-05, 0.0, 1.0, -0.0, 0.606477, 0.0, 0.0, 0.0, 1.0]
            ]
        },
        {
            "name": "Thigh_R",
            "time": [0.0, 0.0333, 0.0667, 0.1, 0.1333, 0.1667, 0.2, 0.2333, 0.2667, 0.3, 0.3333, 0.3667, 0.4, 0.4333, 0.4667, 0.5, 0.5333, 0.5667, 0.6, 0.6333, 0.6667, 0.7, 0.7333, 0.7667, 0.8, 0.8333, 0.8667, 0.9, 0.9333, 0.9667, 1.0, 1.0333, 1.0667, 1.1, 1.1333, 1.1667, 1.2, 1.2333, 1.2667, 1.3, 1.3333, 1.3667, 1.4, 1.4333, 1.4667, 1.5, 1.5333, 1.5667, 1.6, 1.6333, 1.6667, 1.7, 1.7333, 1.7667, 1.8, 1.8333, 1.8667, 1.9, 1.9333, 1.9667, 2.0, 2.0333, 2.0667, 2.1, 2.1333, 2.1667, 2.2, 2.2333, 2.2667, 2.3, 2.3333, 2.3667, 2.4, 2.4333, 2.4667, 2.5, 2.5333, 2.5667, 2.6, 2.6333, 2.6667, 2.7, 2.7333, 2.7667, 2.8, 2.8333, 2.8667, 2.9, 2.9333, 2.9667, 3.0, 3.0333, 3.0667, 3.1, 3.1333, 3.1667, 3.2, 3.2333, 3.2667, 3.3, 3.3333, 3.3667],
            "transform": [
                [0.589239, 0.231153, 0.774187, 0.124994, 0.264143, -0.96066, 0.08579, -0.002831, 0.763561, 0.153946, -0.627116, -1.2e-05, 0.0, 0.0, 0.0, 1.0],
                [0.589956, 0.238163, 0.771511, 0.124994, 0.263683, -0.959949, 0.094701, -0.002831, 0.763166, 0.147565, -0.629128, -1.2e-05, 0.0, 0.0, 0.0, 1.0],
                [0.59228, 0.24597, 0.76727, 0.124994, 0.263235, -0.959081, 0.104262, -0.002831, 0.761519, 0.140221, -0.632793, -1.2e-05, 0.0, 0.0, 0.0, 1.0],
                [0.594427, 0.253669, 0.763092, 0.124994, 0.262557, -0.95816, 0.11399, -0.002831, 0.760079, 0.132597, -0.636159, -1.2e-05, 0.0, 0.0, 0.0, 1.0],
                [0.595673, 0.261164, 0.759583, 0.124994, 0.261609, -0.957182, 0.123947, -0.002831, 0.75943, 0.124882, -0.638491, -1.2e-05, 0.0, 0.0, 0.0, 1.0],
                [0.595326, 0.267914, 0.757502, 0.124994, 0.260242, -0.956245, 0.13368, -0.002831, 0.760171, 0.117551, -0.639, -1.2e-05, 0.0, 0.0, 0.0, 1.0],
                [0.598245, 0.275139, 0.752597, 0.124994, 0.259142, -0.955164, 0.1432, -0.002831, 0.758253, 0.109361, -0.642723, -1.2e-05, 0.0, 0.0, 0.0, 1.0],
                [0.600286, 0.281687, 0.748538, 0.124994, 0.25773, -0.954127, 0.152368, -0.002831, 0.75712, 0.101457, -0.645349, -1.2e-05, 0.0, 0.0, 0.0, 1.0],
                [0.603094, 0.287866, 0.743916, 0.124994, 0.256208, -0.953102, 0.161105, -0.002831, 0.755404, 0.093436, -0.648563, -1.2e-05, 0.0, 0.0, 0.0, 1.0],
                [0.606797, 0.29359, 0.738649, 0.124994, 0.254715, -0.952101, 0.169183, -0.002831, 0.752939, 0.085486, -0.652514, -1.2e-05, 0.0, 0.0, 0.0, 1.0],
                [0.611689, 0.298915, 0.732452, 0.124994, 0.253064, -0.951152, 0.176827, -0.002831, 0.74953, 0.077195, -0.657454, -1.2e-05, 0.0, 0.0, 0.0, 1.0],
                [0.617812, 0.303934, 0.725212, 0.124994, 0.251276, -0.950232, 0.184175, -0.002831, 0.745096, 0.068443, -0.663436, -1.2e-05, 0.0, 0.0, 0.0, 1.0],
                [0.625445, 0.308564, 0.716664, 0.124994, 0.249262, -0.949369, 0.191222, -0.002831, 0.739383, 0.059038, -0.670691, -1.2e-05, 0.0, 0.0, 0.0, 1.0],
                [0.621045, 0.318762, 0.716026, 0.124994, 0.248528, -0.946508, 0.205807, -0.002831, 0.743328, 0.050138, -0.667045, -1.2e-05, 0.0, 0.0, 0.0, 1.0],
                [0.59808, 0.338981, 0.726218, 0.124994, 0.250115, -0.939834, 0.232709, -0.002831, 0.761408, 0.04246, -0.646881, -1.2e-05, 0.0, 0.0, 0.0, 1.0],
                [0.567968, 0.375461, 0.732421, 0.124994, 0.251466, -0.926496, 0.279946, -0.002831, 0.783694, 0.025179, -0.620636, -1.2e-05, 0.0, 0.0, 0.0, 1.0],
                [0.543252, 0.400155, 0.738074, 0.124994, 0.250325, -0.916326, 0.312546, -0.002831, 0.801383, 0.014968, -0.597964, -1.2e-05, 0.0, 0.0, 0.0, 1.0],
                [0.522801, 0.411651, 0.746473, 0.124994, 0.246292, -0.911271, 0.330037, -0.002831, 0.8161, 0.011307, -0.5778, -1.2e-05, 0.0, 0.0, 0.0, 1.0],
                [0.505169, 0.417103, 0.755533, 0.124994, 0.238284, -0.908832, 0.342411, -0.002831, 0.829472, 0.007057, -0.558503, -1.2e-05, 0.0, 0.0, 0.0, 1.0],
                [0.486233, 0.422729, 0.764773, 0.124994, 0.231571, -0.906242, 0.353696, -0.002831, 0.842586, 0.005121, -0.538537, -1.2e-05, 0.0, 0.0, 0.0, 1.0],
                [0.467535, 0.430281, 0.772185, 0.124994, 0.225591, -0.902691, 0.366413, -0.002831, 0.854704, 0.002888, -0.519107, -1.2e-05, 0.0, 0.0, 0.0, 1.0],
                [0.448426, 0.436316, 0.780091, 0.124994, 0.221932, -0.899781, 0.375686, -0.002831, 0.865829, 0.00466, -0.500318, -1.2e-05, 0.0, 0.0, 0.0, 1.0],
                [0.431865, 0.438826, 0.787987, 0.124994, 0.215935, -0.898557, 0.382057, -0.002831, 0.875708, 0.005157, -0.482814, -1.2e-05, 0.0, 0.0, 0.0, 1.0],
                [0.421182, 0.442724, 0.791582, 0.124994, 0.211548, -0.896651, 0.388928, -0.002831, 0.88196, 0.003649, -0.47131, -1.2e-05, 0.0, 0.0, 0.0, 1.0],
                [0.412677, 0.448961, 0.792548, 0.124994, 0.208117, -0.893551, 0.397811, -0.002831, 0.886783, 0.000776, -0.462185, -1.2e-05, 0.0, 0.0, 0.0, 1.0],
                [0.404338, 0.456917, 0.792299, 0.124994, 0.204695, -0.889504, 0.408513, -0.002831, 0.891409, -0.002997, -0.453189, -1.2e-05, 0.0, 0.0, 0.0, 1.0],
                [0.392811, 0.466287, 0.792639, 0.124994, 0.201348, -0.884616, 0.420611, -0.002831, 0.897306, -0.005624, -0.441373, -1.2e-05, 0.0, 0.0, 0.0, 1.0],
                [0.385107, 0.475839, 0.79074, 0.124994, 0.197803, -0.879472, 0.4329, -0.002831, 0.901424, -0.010301, -0.432814, -1.2e-05, 0.0, 0.0, 0.0, 1.0],
                [0.379362, 0.484573, 0.788209, 0.124994, 0.1943, -0.874616, 0.444179, -0.002831, 0.904617, -0.015355, -0.425949, -1.2e-05, 0.0, 0.0, 0.0, 1.0],
                [0.377403, 0.491569, 0.78481, 0.124994, 0.190456, -0.870567, 0.453696, -0.002831, 0.906253, -0.021754, -0.422176, -1.2e-05, 0.0, 0.0, 0.0, 1.0],
                [0.380247, 0.498727, 0.778899, 0.124994, 0.189483, -0.866301, 0.462188, -0.002831, 0.905267, -0.028157, -0.423909, -1.2e-05, 0.0, 0.0, 0.0, 1.0],
                [0.388219, 0.504207, 0.771402, 0.124994, 0.187415, -0.862758, 0.469601, -0.002831, 0.902309, -0.037736, -0.429435, -1.2e-05, 0.0, 0.0, 0.0, 1.0],
                [0.399905, 0.507669, 0.763117, 0.124994, 0.184633, -0.860144, 0.475461, -0.002831, 0.897767, -0.049242, -0.437709, -1.2e-05, 0.0, 0.0, 0.0, 1.0],
                [0.414486, 0.509236, 0.754241, 0.124994, 0.181771, -0.858411, 0.479677, -0.002831, 0.891717, -0.06172, -0.448364, -1.2e-05, 0.0, 0.0, 0.0, 1.0],
                [0.43118, 0.50901, 0.744978, 0.124994, 0.179238, -0.857541, 0.48218, -0.002831, 0.884283, -0.074377, -0.460989, -1.2e-05, 0.0, 0.0, 0.0, 1.0],
                [0.449132, 0.507431, 0.735388, 0.124994, 0.177504, -0.857342, 0.483173, -0.002831, 0.875655, -0.086474, -0.475131, -1.2e-05, 0.0, 0.0, 0.0, 1.0],
                [0.468221, 0.503593, 0.726061, 0.124994, 0.175606, -0.858339, 0.482096, -0.002831, 0.865986, -0.098227, -0.490326, -1.2e-05, 0.0, 0.0, 0.0, 1.0],
                [0.485182, 0.498783, 0.718202, 0.124994, 0.174599, -0.860074, 0.479362, -0.002831, 0.856804, -0.107181, -0.50438, -1.2e-05, 0.0, 0.0, 0.0, 1.0],
                [0.502083, 0.493402, 0.710259, 0.124994, 0.175347, -0.862301, 0.47507, -0.002831, 0.846856, -0.113982, -0.519463, -1.2e-05, 0.0, 0.0, 0.0, 1.0],
                [0.520163, 0.485945, 0.702344, 0.124994, 0.175843, -0.86567, 0.468716, -0.002831, 0.835769, -0.120306, -0.53574, -1.2e-05, 0.0, 0.0, 0.0, 1.0],
                [0.534769, 0.477797, 0.696945, 0.124994, 0.177061, -0.869839, 0.460466, -0.002831, 0.826239, -0.122841, -0.549762, -1.2e-05, 0.0, 0.0, 0.0, 1.0],
                [0.544817, 0.468754, 0.695301, 0.124994, 0.178209, -0.874949, 0.45023, -0.002831, 0.8194, -0.121384, -0.560223, -1.2e-05, 0.0, 0.0, 0.0, 1.0],
                [0.555285, 0.456198, 0.695372, 0.124994, 0.181226, -0.882406, 0.434184, -0.002831, 0.811674, -0.115076, -0.572662, -1.2e-05, 0.0, 0.0, 0.0, 1.0],
                [0.566004, 0.437254, 0.69889, 0.124994, 0.184761, -0.89347, 0.40936, -0.002831, 0.803431, -0.102571, -0.586496, -1.2e-05, 0.0, 0.0, 0.0, 1.0],
                [0.576526, 0.413342, 0.704817, 0.124994, 0.189329, -0.906708, 0.376875, -0.002831, 0.794841, -0.083836, -0.600998, -1.2e-05, 0.0, 0.0, 0.0, 1.0],
                [0.586149, 0.385, 0.712884, 0.124994, 0.194174, -0.920994, 0.337738, -0.002831, 0.786591, -0.059541, -0.614597, -1.2e-05, 0.0, 0.0, 0.0, 1.0],
                [0.595077, 0.352793, 0.722095, 0.124994, 0.19899, -0.9352, 0.292923, -0.002831, 0.778644, -0.030622, -0.626718, -1.2e-05, 0.0, 0.0, 0.0, 1.0],
                [0.602575, 0.333887, 0.724861, 0.124994, 0.205807, -0.942567, 0.26308, -0.002831, 0.771069, -0.009343, -0.636684, -1.2e-05, 0.0, 0.0, 0.0, 1.0],
                [0.608212, 0.325823, 0.723821, 0.124994, 0.214126, -0.945414, 0.245646, -0.002831, 0.764348, 0.005584, -0.64478, -1.2e-05, 0.0, 0.0, 0.0, 1.0],
                [0.611571, 0.320585, 0.72333, 0.124994, 0.222609, -0.94702, 0.231512, -0.002831, 0.759227, 0.019434, -0.650535, -1.2e-05, 0.0, 0.0, 0.0, 1.0],
                [0.611377, 0.319498, 0.723974, 0.124994, 0.232632, -0.947012, 0.221475, -0.002831, 0.756372, 0.033015, -0.653307, -1.2e-05, 0.0, 0.0, 0.0, 1.0],
                [0.60645, 0.320129, 0.72783, 0.124994, 0.241769, -0.94627, 0.214759, -0.002831, 0.757473, 0.045727, -0.651263, -1.2e-05, 0.0, 0.0, 0.0, 1.0],
                [0.588225, 0.327832, 0.739268, 0.124994, 0.255707, -0.942644, 0.214558, -0.002831, 0.767206, 0.062828, -0.638316, -1.2e-05, 0.0, 0.0, 0.0, 1.0],
                [0.554997, 0.336731, 0.760651, 0.124994, 0.269639, -0.937858, 0.218442, -0.002831, 0.786939, 0.083867, -0.611305, -1.2e-05, 0.0, 0.0, 0.0, 1.0],
                [0.512072, 0.343613, 0.787218, 0.124994, 0.282008, -0.932949, 0.223782, -0.002831, 0.811328, 0.10741, -0.574639, -1.2e-05, 0.0, 0.0, 0.0, 1.0],
                [0.469094, 0.351235, 0.810299, 0.124994, 0.296413, -0.926906, 0.230182, -0.002831, 0.831919, 0.132207, -0.538917, -1.2e-05, 0.0, 0.0, 0.0, 1.0],
                [0.439066, 0.356101, 0.824871, 0.124994, 0.307098, -0.922285, 0.234692, -0.002831, 0.844341, 0.150271, -0.514302, -1.2e-05, 0.0, 0.0, 0.0, 1.0],
                [0.417427, 0.360464, 0.834159, 0.124994, 0.316472, -0.918157, 0.238396, -0.002831, 0.851822, 0.164475, -0.49734, -1.2e-05, 0.0, 0.0, 0.0, 1.0],
                [0.394674, 0.364681, 0.843351, 0.124994, 0.325213, -0.913889, 0.242989, -0.002831, 0.859342, 0.178367, -0.479287, -1.2e-05, 0.0, 0.0, 0.0, 1.0],
                [0.372475, 0.369095, 0.851488, 0.124994, 0.333865, -0.909374, 0.248141, -0.002831, 0.865908, 0.191856, -0.461947, -1.2e-05, 0.0, 0.0, 0.0, 1.0],
                [0.351485, 0.383543, 0.854022, 0.124994, 0.341832, -0.901822, 0.264325, -0.002831, 0.871556, 0.199027, -0.448084, -1.2e-05, 0.0, 0.0, 0.0, 1.0],
                [0.332633, 0.399917, 0.854062, 0.124994, 0.349072, -0.893519, 0.28244, -0.002831, 0.876073, 0.204181, -0.436813, -1.2e-05, 0.0, 0.0, 0.0, 1.0],
                [0.316524, 0.414248, 0.853352, 0.124994, 0.356059, -0.885711, 0.297888, -0.002831, 0.879223, 0.209556, -0.427846, -1.2e-05, 0.0, 0.0, 0.0, 1.0],
                [0.304041, 0.425641, 0.852284, 0.124994, 0.362257, -0.879088, 0.309797, -0.002831, 0.881095, 0.214555, -0.421471, -1.2e-05, 0.0, 0.0, 0.0, 1.0],
                [0.295925, 0.433635, 0.851111, 0.124994, 0.367637, -0.874086, 0.317516, -0.002831, 0.881629, 0.21894, -0.418084, -1.2e-05, 0.0, 0.0, 0.0, 1.0],
                [0.292724, 0.438047, 0.849958, 0.124994, 0.372699, -0.870861, 0.320463, -0.002831, 0.880572, 0.222971, -0.418181, -1.2e-05, 0.0, 0.0, 0.0, 1.0],
                [0.293776, 0.439587, 0.848799, 0.124994, 0.376871, -0.869317, 0.319775, -0.002831, 0.878443, 0.225946, -0.421053, -1.2e-05, 0.0, 0.0, 0.0, 1.0],
                [0.296837, 0.440659, 0.847176, 0.124994, 0.381384, -0.868042, 0.317882, -0.002831, 0.875462, 0.228741, -0.425728, -1.2e-05, 0.0, 0.0, 0.0, 1.0],
                [0.302484, 0.440572, 0.845222, 0.124994, 0.385206, -0.867624, 0.314395, -0.002831, 0.871848, 0.230486, -0.432154, -1.2e-05, 0.0, 0.0, 0.0, 1.0],
                [0.311546, 0.440038, 0.842203, 0.124994, 0.389365, -0.867607, 0.309278, -0.002831, 0.866795, 0.23157, -0.441635, -1.2e-05, 0.0, 0.0, 0.0, 1.0],
                [0.320748, 0.43815, 0.839729, 0.124994, 0.392684, -0.868303, 0.303067, -0.002831, 0.861928, 0.232541, -0.450561, -1.2e-05, 0.0, 0.0, 0.0, 1.0],
                [0.331031, 0.435598, 0.837062, 0.124994, 0.396154, -0.869269, 0.295692, -0.002831, 0.856434, 0.233723, -0.460319, -1.2e-05, 0.0, 0.0, 0.0, 1.0],
                [0.342715, 0.431843, 0.834301, 0.124994, 0.398793, -0.870971, 0.287007, -0.002831, 0.850594, 0.234352, -0.470711, -1.2e-05, 0.0, 0.0, 0.0, 1.0],
                [0.35505, 0.427451, 0.8314, 0.124994, 0.401485, -0.872871, 0.277318, -0.002831, 0.844244, 0.235333, -0.481528, -1.2e-05, 0.0, 0.0, 0.0, 1.0],
                [0.36612, 0.422179, 0.82929, 0.124994, 0.404251, -0.874841, 0.266897, -0.002831, 0.838174, 0.237525, -0.490964, -1.2e-05, 0.0, 0.0, 0.0, 1.0],
                [0.379514, 0.416437, 0.826166, 0.124994, 0.407001, -0.877073, 0.255134, -0.002831, 0.830854, 0.239424, -0.502352, -1.2e-05, 0.0, 0.0, 0.0, 1.0],
                [0.393592, 0.415089, 0.820236, 0.124994, 0.407783, -0.8785, 0.2489, -0.002831, 0.823892, 0.236514, -0.515037, -1.2e-05, 0.0, 0.0, 0.0, 1.0],
                [0.407653, 0.413912, 0.813938, 0.124994, 0.408218, -0.879942, 0.243025, -0.002831, 0.816809, 0.233195, -0.527677, -1.2e-05, 0.0, 0.0, 0.0, 1.0],
                [0.421254, 0.412457, 0.807728, 0.124994, 0.408529, -0.881431, 0.237033, -0.002831, 0.809722, 0.23013, -0.539807, -1.2e-05, 0.0, 0.0, 0.0, 1.0],
                [0.43421, 0.41062, 0.801781, 0.124994, 0.408316, -0.883093, 0.231137, -0.002831, 0.802956, 0.227019, -0.551111, -1.2e-05, 0.0, 0.0, 0.0, 1.0],
                [0.445953, 0.408472, 0.796415, 0.124994, 0.4079, -0.884771, 0.225385, -0.002831, 0.796708, 0.224347, -0.561182, -1.2e-05, 0.0, 0.0, 0.0, 1.0],
                [0.456691, 0.406205, 0.791474, 0.124994, 0.407181, -0.886455, 0.220003, -0.002831, 0.790972, 0.2218, -0.570235, -1.2e-05, 0.0, 0.0, 0.0, 1.0],
                [0.466193, 0.403717, 0.787196, 0.124994, 0.406272, -0.888127, 0.214878, -0.002831, 0.78588, 0.219642, -0.578057, -1.2e-05, 0.0, 0.0, 0.0, 1.0],
                [0.468853, 0.402741, 0.786115, 0.124994, 0.399267, -0.890516, 0.218099, -0.002831, 0.787885, 0.211614, -0.578322, -1.2e-05, 0.0, 0.0, 0.0, 1.0],
                [0.46154, 0.409034, 0.787192, 0.124994, 0.389813, -0.89061, 0.234219, -0.002831, 0.796885, 0.198757, -0.5705, -1.2e-05, 0.0, 0.0, 0.0, 1.0],
                [0.451435, 0.399798, 0.797727, 0.124994, 0.379924, -0.895043, 0.233571, -0.002831, 0.807381, 0.197634, -0.555947, -1.2e-05, 0.0, 0.0, 0.0, 1.0],
                [0.450182, 0.398009, 0.799328, 0.124994, 0.372779, -0.897199, 0.236792, -0.002831, 0.811401, 0.191374, -0.552272, -1.2e-05, 0.0, 0.0, 0.0, 1.0],
                [0.456617, 0.393773, 0.797774, 0.124994, 0.365672, -0.900536, 0.235199, -0.002831, 0.811039, 0.184328, -0.555192, -1.2e-05, 0.0, 0.0, 0.0, 1.0],
                [0.463814, 0.389322, 0.795805, 0.124994, 0.359091, -0.903786, 0.232861, -0.002831, 0.809895, 0.177762, -0.558991, -1.2e-05, 0.0, 0.0, 0.0, 1.0],
                [0.471239, 0.381247, 0.795352, 0.124994, 0.353921, -0.907706, 0.225408, -0.002831, 0.807882, 0.175271, -0.562678, -1.2e-05, 0.0, 0.0, 0.0, 1.0],
                [0.479237, 0.372227, 0.794846, 0.124994, 0.34931, -0.911691, 0.216337, -0.002831, 0.80518, 0.173971, -0.566939, -1.2e-05, 0.0, 0.0, 0.0, 1.0],
                [0.488726, 0.360928, 0.794278, 0.124994, 0.342298, -0.916741, 0.205958, -0.002831, 0.802483, 0.171223, -0.571581, -1.2e-05, 0.0, 0.0, 0.0, 1.0],
                [0.498551, 0.349215, 0.793408, 0.124994, 0.3354, -0.921689, 0.194924, -0.002831, 0.799345, 0.16893, -0.576636, -1.2e-05, 0.0, 0.0, 0.0, 1.0],
                [0.50901, 0.336576, 0.792228, 0.124994, 0.327741, -0.926837, 0.18319, -0.002831, 0.795924, 0.1664, -0.582079, -1.2e-05, 0.0, 0.0, 0.0, 1.0],
                [0.519584, 0.323098, 0.790974, 0.124994, 0.320198, -0.931912, 0.170334, -0.002831, 0.792152, 0.164766, -0.587662, -1.2e-05, 0.0, 0.0, 0.0, 1.0],
                [0.530301, 0.307775, 0.789972, 0.124994, 0.312206, -0.937193, 0.155552, -0.002831, 0.788231, 0.164145, -0.593084, -1.2e-05, 0.0, 0.0, 0.0, 1.0],
                [0.540875, 0.293094, 0.788384, 0.124994, 0.304224, -0.942032, 0.1415, -0.002831, 0.784156, 0.163312, -0.598689, -1.2e-05, 0.0, 0.0, 0.0, 1.0],
                [0.552959, 0.279201, 0.785037, 0.124994, 0.295994, -0.946553, 0.128155, -0.002831, 0.77886, 0.161503, -0.606047, -1.2e-05, 0.0, 0.0, 0.0, 1.0],
                [0.562758, 0.265915, 0.782683, 0.124994, 0.288018, -0.950589, 0.115873, -0.002831, 0.774822, 0.160219, -0.61154, -1.2e-05, 0.0, 0.0, 0.0, 1.0],
                [0.572354, 0.253116, 0.779963, 0.124994, 0.279568, -0.954414, 0.104577, -0.002831, 0.770878, 0.158198, -0.617026, -1.2e-05, 0.0, 0.0, 0.0, 1.0],
                [0.581039, 0.241933, 0.777085, 0.124994, 0.272112, -0.957597, 0.094671, -0.002831, 0.767039, 0.156447, -0.622235, -1.2e-05, 0.0, 0.0, 0.0, 1.0],
                [0.589239, 0.231153, 0.774187, 0.124994, 0.264143, -0.96066, 0.08579, -0.002831, 0.763561, 0.153946, -0.627116, -1.2e-05, 0.0, 0.0, 0.0, 1.0]
            ]
        },
        {
            "name": "Leg_R",
            "time": [0.0, 0.0333, 0.0667, 0.1, 0.1333, 0.1667, 0.2, 0.2333, 0.2667, 0.3, 0.3333, 0.3667, 0.4, 0.4333, 0.4667, 0.5, 0.5333, 0.5667, 0.6, 0.6333, 0.6667, 0.7, 0.7333, 0.7667, 0.8, 0.8333, 0.8667, 0.9, 0.9333, 0.9667, 1.0, 1.0333, 1.0667, 1.1, 1.1333, 1.1667, 1.2, 1.2333, 1.2667, 1.3, 1.3333, 1.3667, 1.4, 1.4333, 1.4667, 1.5, 1.5333, 1.5667, 1.6, 1.6333, 1.6667, 1.7, 1.7333, 1.7667, 1.8, 1.8333, 1.8667, 1.9, 1.9333, 1.9667, 2.0, 2.0333, 2.0667, 2.1, 2.1333, 2.1667, 2.2, 2.2333, 2.2667, 2.3, 2.3333, 2.3667, 2.4, 2.4333, 2.4667, 2.5, 2.5333, 2.5667, 2.6, 2.6333, 2.6667, 2.7, 2.7333, 2.7667, 2.8, 2.8333, 2.8667, 2.9, 2.9333, 2.9667, 3.0, 3.0333, 3.0667, 3.1, 3.1333, 3.1667, 3.2, 3.2333, 3.2667, 3.3, 3.3333, 3.3667],
            "transform": [
                [1.0, 0.0, 0.0, -0.0, -0.0, 0.932201, 0.361941, 0.37472, -0.0, -0.361941, 0.932201, -0.0, 0.0, 0.0, 0.0, 1.0],
                [1.0, 0.0, 0.0, -0.0, -0.0, 0.923152, 0.384435, 0.37472, -0.0, -0.384435, 0.923152, 0.0, 0.0, 0.0, 0.0, 1.0],
                [1.0, 0.0, 0.0, 0.0, -0.0, 0.913384, 0.407099, 0.37472, -0.0, -0.407099, 0.913385, -0.0, 0.0, 0.0, 0.0, 1.0],
                [1.0, 0.0, 0.0, 0.0, -0.0, 0.903005, 0.42963, 0.37472, 0.0, -0.42963, 0.903005, 0.0, 0.0, 0.0, 0.0, 1.0],
                [1.0, 0.0, 0.0, -0.0, -0.0, 0.892096, 0.451847, 0.37472, -0.0, -0.451847, 0.892096, 0.0, 0.0, 0.0, 0.0, 1.0],
                [1.0, 0.0, 0.0, 0.0, -0.0, 0.880813, 0.473464, 0.37472, 0.0, -0.473464, 0.880813, 0.0, 0.0, 0.0, 0.0, 1.0],
                [1.0, 0.0, 0.0, 0.0, -0.0, 0.869251, 0.49437, 0.37472, -0.0, -0.49437, 0.869252, 0.0, 0.0, 0.0, 0.0, 1.0],
                [1.0, 0.0, 0.0, 0.0, -0.0, 0.857448, 0.514571, 0.37472, 0.0, -0.514571, 0.857448, 0.0, 0.0, 0.0, 0.0, 1.0],
                [1.0, 0.0, 0.0, -0.0, -0.0, 0.845541, 0.53391, 0.37472, -0.0, -0.53391, 0.845541, 0.0, 0.0, 0.0, 0.0, 1.0],
                [1.0, 0.0, 0.0, 0.0, -0.0, 0.833616, 0.552345, 0.37472, -0.0, -0.552345, 0.833616, -0.0, 0.0, 0.0, 0.0, 1.0],
                [1.0, 0.0, 0.0, -0.0, -0.0, 0.821648, 0.569996, 0.37472, -0.0, -0.569996, 0.821648, 0.0, 0.0, 0.0, 0.0, 1.0],
                [1.0, 0.0, 0.0, -0.0, -0.0, 0.809679, 0.586873, 0.37472, -0.0, -0.586874, 0.809678, -0.0, 0.0, 0.0, 0.0, 1.0],
                [1.0, 0.0, 0.0, -0.0, -0.0, 0.797515, 0.603299, 0.37472, -0.0, -0.603299, 0.797515, -0.0, 0.0, 0.0, 0.0, 1.0],
                [1.0, 0.0, 0.0, 0.0, -0.0, 0.78059, 0.625044, 0.37472, -0.0, -0.625044, 0.78059, 0.0, 0.0, 0.0, 0.0, 1.0],
                [1.0, 0.0, 0.0, -0.0, -0.0, 0.756257, 0.654275, 0.37472, -0.0, -0.654275, 0.756257, 0.0, 0.0, 0.0, 0.0, 1.0],
                [1.0, 0.0, 0.0, 0.0, -0.0, 0.712935, 0.70123, 0.37472, 0.0, -0.70123, 0.712935, -0.0, 0.0, 0.0, 0.0, 1.0],
                [1.0, 0.0, 0.0, -0.0, -0.0, 0.686258, 0.727358, 0.37472, 0.0, -0.727358, 0.686258, 0.0, 0.0, 0.0, 0.0, 1.0],
                [1.0, 0.0, 0.0, 0.0, -0.0, 0.679159, 0.733991, 0.37472, -0.0, -0.733991, 0.679159, 0.0, 0.0, 0.0, 0.0, 1.0],
                [1.0, 0.0, 0.0, 0.0, -0.0, 0.680283, 0.73295, 0.37472, -0.0, -0.73295, 0.680283, 0.0, 0.0, 0.0, 0.0, 1.0],
                [1.0, 0.0, 0.0, 0.0, -0.0, 0.685533, 0.728042, 0.37472, -0.0, -0.728042, 0.685533, -0.0, 0.0, 0.0, 0.0, 1.0],
                [1.0, 0.0, 0.0, -0.0, -0.0, 0.68973, 0.724067, 0.37472, -0.0, -0.724067, 0.68973, 0.0, 0.0, 0.0, 0.0, 1.0],
                [1.0, 0.0, 0.0, 0.0, -0.0, 0.696472, 0.717584, 0.37472, -0.0, -0.717584, 0.696472, -0.0, 0.0, 0.0, 0.0, 1.0],
                [1.0, 0.0, 0.0, -0.0, -0.0, 0.702058, 0.71212, 0.37472, -0.0, -0.71212, 0.702058, -0.0, 0.0, 0.0, 0.0, 1.0],
                [1.0, 0.0, 0.0, 0.0, -0.0, 0.701917, 0.712259, 0.37472, -0.0, -0.712259, 0.701916, 0.0, 0.0, 0.0, 0.0, 1.0],
                [1.0, 0.0, 0.0, -0.0, -0.0, 0.695997, 0.718045, 0.37472, -0.0, -0.718045, 0.695997, -0.0, 0.0, 0.0, 0.0, 1.0],
                [1.0, 0.0, 0.0, -0.0, -0.0, 0.687466, 0.726217, 0.37472, -0.0, -0.726217, 0.687466, -0.0, 0.0, 0.0, 0.0, 1.0],
                [1.0, 0.0, 0.0, 0.0, -0.0, 0.676416, 0.73652, 0.37472, -0.0, -0.73652, 0.676416, 0.0, 0.0, 0.0, 0.0, 1.0],
                [1.0, 0.0, 0.0, -0.0, -0.0, 0.663723, 0.747978, 0.37472, -0.0, -0.747978, 0.663723, 0.0, 0.0, 0.0, 0.0, 1.0],
                [1.0, 0.0, 0.0, 0.0, -0.0, 0.650225, 0.759741, 0.37472, -0.0, -0.759741, 0.650225, -0.0, 0.0, 0.0, 0.0, 1.0],
                [1.0, 0.0, 0.0, -0.0, -0.0, 0.636358, 0.771394, 0.37472, -0.0, -0.771394, 0.636358, -0.0, 0.0, 0.0, 0.0, 1.0],
                [1.0, 0.0, 0.0, 0.0, -0.0, 0.621744, 0.783221, 0.37472, 0.0, -0.783221, 0.621744, 0.0, 0.0, 0.0, 0.0, 1.0],
                [1.0, 0.0, 0.0, -0.0, -0.0, 0.606137, 0.79536, 0.37472, -0.0, -0.79536, 0.606138, 0.0, 0.0, 0.0, 0.0, 1.0],
                [1.0, 0.0, 0.0, -0.0, -0.0, 0.590491, 0.807045, 0.37472, -0.0, -0.807044, 0.590491, 0.0, 0.0, 0.0, 0.0, 1.0],
                [1.0, 0.0, 0.0, -0.0, -0.0, 0.575497, 0.817804, 0.37472, -0.0, -0.817804, 0.575497, 0.0, 0.0, 0.0, 0.0, 1.0],
                [1.0, 0.0, 0.0, 0.0, -0.0, 0.561721, 0.827327, 0.37472, -0.0, -0.827327, 0.561721, -0.0, 0.0, 0.0, 0.0, 1.0],
                [1.0, 0.0, 0.0, -0.0, -0.0, 0.549522, 0.835479, 0.37472, 0.0, -0.835479, 0.549523, 0.0, 0.0, 0.0, 0.0, 1.0],
                [1.0, 0.0, 0.0, 0.0, -0.0, 0.539502, 0.841984, 0.37472, 0.0, -0.841984, 0.539502, 0.0, 0.0, 0.0, 0.0, 1.0],
                [1.0, 0.0, 0.0, 0.0, -0.0, 0.532033, 0.846724, 0.37472, -0.0, -0.846724, 0.532033, -0.0, 0.0, 0.0, 0.0, 1.0],
                [1.0, 0.0, 0.0, 0.0, -0.0, 0.527475, 0.849571, 0.37472, -0.0, -0.84957, 0.527475, 0.0, 0.0, 0.0, 0.0, 1.0],
                [1.0, 0.0, 0.0, -0.0, -0.0, 0.526169, 0.85038, 0.37472, 0.0, -0.85038, 0.526169, -0.0, 0.0, 0.0, 0.0, 1.0],
                [1.0, 0.0, 0.0, -0.0, -0.0, 0.528423, 0.848981, 0.37472, 0.0, -0.848981, 0.528424, 0.0, 0.0, 0.0, 0.0, 1.0],
                [1.0, 0.0, 0.0, 0.0, -0.0, 0.534686, 0.845051, 0.37472, -0.0, -0.84505, 0.534686, -0.0, 0.0, 0.0, 0.0, 1.0],
                [1.0, 0.0, 0.0, 0.0, -0.0, 0.549695, 0.835366, 0.37472, -0.0, -0.835365, 0.549696, 0.0, 0.0, 0.0, 0.0, 1.0],
                [1.0, 0.0, 0.0, -0.0, -0.0, 0.576452, 0.817131, 0.37472, 0.0, -0.817131, 0.576452, -0.0, 0.0, 0.0, 0.0, 1.0],
                [1.0, 0.0, 0.0, -0.0, -0.0, 0.612665, 0.790343, 0.37472, -0.0, -0.790343, 0.612665, -0.0, 0.0, 0.0, 0.0, 1.0],
                [1.0, 0.0, 0.0, 0.0, -0.0, 0.65592, 0.754831, 0.37472, -0.0, -0.75483, 0.65592, 0.0, 0.0, 0.0, 0.0, 1.0],
                [1.0, 0.0, 0.0, 0.0, -0.0, 0.703846, 0.710353, 0.37472, -0.0, -0.710353, 0.703846, -0.0, 0.0, 0.0, 0.0, 1.0],
                [1.0, 0.0, 0.0, 0.0, -0.0, 0.733503, 0.679686, 0.37472, -0.0, -0.679686, 0.733503, 0.0, 0.0, 0.0, 0.0, 1.0],
                [1.0, 0.0, 0.0, 0.0, -0.0, 0.749909, 0.661542, 0.37472, -0.0, -0.661542, 0.749909, -0.0, 0.0, 0.0, 0.0, 1.0],
                [1.0, 0.0, 0.0, 0.0, -0.0, 0.76328, 0.646068, 0.37472, -0.0, -0.646068, 0.76328, 0.0, 0.0, 0.0, 0.0, 1.0],
                [1.0, 0.0, 0.0, -0.0, -0.0, 0.773252, 0.6341, 0.37472, -0.0, -0.634099, 0.773252, -0.0, 0.0, 0.0, 0.0, 1.0],
                [1.0, 0.0, 0.0, 0.0, -0.0, 0.779781, 0.626053, 0.37472, 0.0, -0.626053, 0.779781, 0.0, 0.0, 0.0, 0.0, 1.0],
                [1.0, 0.0, 0.0, -0.0, -0.0, 0.781236, 0.624236, 0.37472, -0.0, -0.624236, 0.781236, -0.0, 0.0, 0.0, 0.0, 1.0],
                [1.0, 0.0, 0.0, 0.0, -0.0, 0.779132, 0.62686, 0.37472, -0.0, -0.62686, 0.779132, 0.0, 0.0, 0.0, 0.0, 1.0],
                [1.0, 0.0, 0.0, -0.0, -0.0, 0.776854, 0.629681, 0.37472, -0.0, -0.62968, 0.776855, 0.0, 0.0, 0.0, 0.0, 1.0],
                [1.0, 0.0, 0.0, 0.0, -0.0, 0.776242, 0.630435, 0.37472, 0.0, -0.630435, 0.776242, -0.0, 0.0, 0.0, 0.0, 1.0],
                [1.0, 0.0, 0.0, -0.0, -0.0, 0.777465, 0.628926, 0.37472, -0.0, -0.628926, 0.777465, -0.0, 0.0, 0.0, 0.0, 1.0],
                [1.0, 0.0, 0.0, -0.0, -0.0, 0.779781, 0.626053, 0.37472, -0.0, -0.626053, 0.779781, 0.0, 0.0, 0.0, 0.0, 1.0],
                [1.0, 0.0, 0.0, 0.0, -0.0, 0.782365, 0.62282, 0.37472, -0.0, -0.62282, 0.782365, -0.0, 0.0, 0.0, 0.0, 1.0],
                [1.0, 0.0, 0.0, 0.0, -0.0, 0.785215, 0.619223, 0.37472, 0.0, -0.619223, 0.785215, 0.0, 0.0, 0.0, 0.0, 1.0],
                [1.0, 0.0, 0.0, 0.0, -0.0, 0.777099, 0.629379, 0.37472, -0.0, -0.629378, 0.7771, 0.0, 0.0, 0.0, 0.0, 1.0],
                [1.0, 0.0, 0.0, 0.0, -0.0, 0.766794, 0.641894, 0.37472, -0.0, -0.641893, 0.766794, -0.0, 0.0, 0.0, 0.0, 1.0],
                [1.0, 0.0, 0.0, -0.0, -0.0, 0.758934, 0.651168, 0.37472, -0.0, -0.651168, 0.758933, -0.0, 0.0, 0.0, 0.0, 1.0],
                [1.0, 0.0, 0.0, -0.0, -0.0, 0.754035, 0.656834, 0.37472, -0.0, -0.656834, 0.754036, 0.0, 0.0, 0.0, 0.0, 1.0],
                [1.0, 0.0, 0.0, 0.0, -0.0, 0.752621, 0.658454, 0.37472, -0.0, -0.658454, 0.752621, -0.0, 0.0, 0.0, 0.0, 1.0],
                [1.0, 0.0, 0.0, -0.0, -0.0, 0.755147, 0.655555, 0.37472, -0.0, -0.655555, 0.755147, -0.0, 0.0, 0.0, 0.0, 1.0],
                [1.0, 0.0, 0.0, 0.0, -0.0, 0.760119, 0.649784, 0.37472, 0.0, -0.649784, 0.760119, -0.0, 0.0, 0.0, 0.0, 1.0],
                [1.0, 0.0, 0.0, 0.0, -0.0, 0.765667, 0.643237, 0.37472, 0.0, -0.643237, 0.765667, -0.0, 0.0, 0.0, 0.0, 1.0],
                [1.0, 0.0, 0.0, 0.0, -0.0, 0.771811, 0.635852, 0.37472, -0.0, -0.635852, 0.771811, 0.0, 0.0, 0.0, 0.0, 1.0],
                [1.0, 0.0, 0.0, -0.0, -0.0, 0.778523, 0.627616, 0.37472, 0.0, -0.627615, 0.778524, -0.0, 0.0, 0.0, 0.0, 1.0],
                [1.0, 0.0, 0.0, 0.0, -0.0, 0.785775, 0.618513, 0.37472, -0.0, -0.618513, 0.785775, -0.0, 0.0, 0.0, 0.0, 1.0],
                [1.0, 0.0, 0.0, -0.0, -0.0, 0.793573, 0.608475, 0.37472, -0.0, -0.608475, 0.793573, 0.0, 0.0, 0.0, 0.0, 1.0],
                [1.0, 0.0, 0.0, -0.0, -0.0, 0.801919, 0.597433, 0.37472, -0.0, -0.597433, 0.801919, 0.0, 0.0, 0.0, 0.0, 1.0],
