{
    "animation": [
        {
            "name": "Root",
            "time": [0.0, 0.0333, 0.0667, 0.1, 0.1333, 0.1667, 0.2, 0.2333, 0.2667, 0.3, 0.3333, 0.3667, 0.4, 0.4333, 0.4667, 0.5, 0.5333, 0.5667, 0.6, 0.6667, 0.7667, 0.8667, 0.9667, 1.0667, 1.2, 1.3, 1.4, 1.5667, 1.7, 1.8, 1.9333, 2.0667, 2.2, 2.3333],
            "transform": [
                [1.0, 0.0, 0.0, -5e-06, 0.0, 0.0, -1.0, 0.000946, 0.0, 1.0, 0.0, 0.754963, 0.0, 0.0, 0.0, 1.0],
                [1.0, 0.0, 0.0, -3.7e-05, 0.0, 0.0, -1.0, 0.007288, 0.0, 1.0, 0.0, 0.754963, 0.0, 0.0, 0.0, 1.0],
                [1.0, 0.0, 0.0, -0.000134, 0.0, 0.0, -1.0, 0.026012, 0.0, 1.0, 0.0, 0.754963, 0.0, 0.0, 0.0, 1.0],
                [1.0, 0.0, 0.0, -0.000295, 0.0, 0.0, -1.0, 0.056668, 0.0, 1.0, 0.0, 0.754963, 0.0, 0.0, 0.0, 1.0],
                [1.0, 0.0, 0.0, -0.000521, 0.0, 0.0, -1.0, 0.098809, 0.0, 1.0, 0.0, 0.754963, 0.0, 0.0, 0.0, 1.0],
                [1.0, 0.0, 0.0, -0.00081, 0.0, 0.0, -1.0, 0.151983, 0.0, 1.0, 0.0, 0.754963, 0.0, 0.0, 0.0, 1.0],
                [1.0, 0.0, 0.0, -0.001162, 0.0, 0.0, -1.0, 0.215741, 0.0, 1.0, 0.0, 0.754963, 0.0, 0.0, 0.0, 1.0],
                [1.0, 0.0, 0.0, -0.001577, 0.0, 0.0, -1.0, 0.289633, 0.0, 1.0, 0.0, 0.754963, 0.0, 0.0, 0.0, 1.0],
                [1.0, 0.0, 0.0, -0.002055, 0.0, 0.0, -1.0, 0.33058, 0.0, 1.0, 0.0, 0.754963, 0.0, 0.0, 0.0, 1.0],
                [1.0, 0.0, 0.0, -0.002596, 0.0, 0.0, -1.0, 0.466022, 0.0, 1.0, 0.0, 0.754963, 0.0, 0.0, 0.0, 1.0],
                [1.0, 0.0, 0.0, -0.003199, 0.0, 0.0, -1.0, 0.490885, 0.0, 1.0, 0.0, 0.754963, 0.0, 0.0, 0.0, 1.0],
                [1.0, 0.0, 0.0, -0.003863, 0.0, 0.0, -1.0, 0.21987, 0.0, 1.0, 0.0, 0.754963, 0.0, 0.0, 0.0, 1.0],
                [1.0, 0.0, 0.0, -0.004589, 0.0, 0.0, -1.0, 0.332915, 0.0, 1.0, 0.0, 0.754963, 0.0, 0.0, 0.0, 1.0],
                [1.0, 0.0, 0.0, -0.005376, 0.0, 0.0, -1.0, 0.159074, 0.0, 1.0, 0.0, 0.754963, 0.0, 0.0, 0.0, 1.0],
                [1.0, 0.0, 0.0, -0.006225, 0.0, 0.0, -1.0, 0.12594, 0.0, 1.0, 0.0, 0.754963, 0.0, 0.0, 0.0, 1.0],
                [1.0, 0.0, 0.0, -0.007133, 0.0, 0.0, -1.0, 0.190882, 0.0, 1.0, 0.0, 0.754963, 0.0, 0.0, 0.0, 1.0],
                [1.0, 0.0, 0.0, -0.008102, 0.0, 0.0, -1.0, 0.199416, 0.0, 1.0, 0.0, 0.754963, 0.0, 0.0, 0.0, 1.0],
                [1.0, 0.0, 0.0, -0.009131, 0.0, 0.0, -1.0, 0.209859, 0.0, 1.0, 0.0, 0.754963, 0.0, 0.0, 0.0, 1.0],
                [1.0, 0.0, 0.0, -0.01022, 0.0, 0.0, -1.0, 0.16764, 0.0, 1.0, 0.0, 0.754963, 0.0, 0.0, 0.0, 1.0],
                [1.0, 0.0, 0.0, -0.012575, 0.0, 0.0, -1.0, 0.134957, 0.0, 1.0, 0.0, 0.754963, 0.0, 0.0, 0.0, 1.0],
                [1.0, 0.0, 0.0, -0.019485, 0.0, 0.0, -1.0, 0.089532, 0.0, 1.0, 0.0, 0.754963, 0.0, 0.0, 0.0, 1.0],
                [1.0, 0.0, 0.0, -0.027825, 0.0, 0.0, -1.0, 0.099855, 0.0, 1.0, 0.0, 0.754963, 0.0, 0.0, 0.0, 1.0],
                [1.0, 0.0, 0.0, -0.037556, 0.0, 0.0, -1.0, 0.154116, 0.0, 1.0, 0.0, 0.754963, 0.0, 0.0, 0.0, 1.0],
                [1.0, 0.0, 0.0, -0.048639, 0.0, 0.0, -1.0, 0.16624, 0.0, 1.0, 0.0, 0.754963, 0.0, 0.0, 0.0, 1.0],
                [1.0, 0.0, 0.0, -0.061037, 0.0, 0.0, -1.0, 0.195062, 0.0, 1.0, 0.0, 0.754963, 0.0, 0.0, 0.0, 1.0],
                [1.0, 0.0, 0.0, -0.07471, 0.0, 0.0, -1.0, 0.216498, 0.0, 1.0, 0.0, 0.691017, 0.0, 0.0, 0.0, 1.0],
                [1.0, -0.0, 0.0, -0.092746, 0.0, -0.0, -1.0, 0.310423, 0.0, 1.0, -0.0, 0.691017, 0.0, 0.0, 0.0, 1.0],
                [1.0, -0.0, 0.0, -0.107839, 0.0, -0.0, -1.0, 0.31196, 0.0, 1.0, -0.0, 0.676807, 0.0, 0.0, 0.0, 1.0],
                [1.0, -0.0, 0.0, -0.049408, 0.0, -0.0, -1.0, 0.258532, 0.0, 1.0, -0.0, 0.676807, 0.0, 0.0, 0.0, 1.0],
                [1.0, -0.0, 0.0, -0.08385, 0.0, -0.0, -1.0, 0.211531, 0.0, 1.0, -0.0, 0.67605, 0.0, 0.0, 0.0, 1.0],
                [1.0, -0.0, 0.0, -0.113455, 0.0, -0.0, -1.0, 0.176791, 0.0, 1.0, -0.0, 0.687267, 0.0, 0.0, 0.0, 1.0],
                [1.0, -0.0, 0.0, -0.103302, 0.0, -0.0, -1.0, 0.190169, 0.0, 1.0, -0.0, 0.698122, 0.0, 0.0, 0.0, 1.0],
                [1.0, -0.0, 0.0, -0.099441, 0.0, -0.0, -1.0, 0.204881, 0.0, 1.0, -0.0, 0.691017, 0.0, 0.0, 0.0, 1.0],
                [1.0, -0.0, 0.0, -0.118737, 0.0, -0.0, -1.0, 0.216117, 0.0, 1.0, -0.0, 0.691017, 0.0, 0.0, 0.0, 1.0]
            ]
        },
        {
            "name": "Thigh_R",
            "time": [0.0, 0.0333, 0.0667, 0.1, 0.1333, 0.1667, 0.2, 0.2333, 0.2667, 0.3, 0.3333, 0.3667, 0.4, 0.4333, 0.4667, 0.5, 0.5333, 0.5667, 0.6, 0.6667, 0.7667, 0.8667, 0.9667, 1.0667, 1.2, 1.3, 1.4, 1.5667, 1.7, 1.8, 1.9333, 2.0667, 2.2, 2.3333],
            "transform": [
                [0.589918, 0.231368, 0.773605, 0.124994, 0.264228, -0.960635, 0.085815, -0.002831, 0.763007, 0.153785, -0.62783, -1.2e-05, 0.0, 0.0, 0.0, 1.0],
                [0.972964, 0.188465, 0.133496, 0.124994, 0.078736, -0.814064, 0.575413, -0.002831, 0.21712, -0.549345, -0.806894, -1.2e-05, 0.0, 0.0, 0.0, 1.0],
                [0.892424, -0.197504, -0.405673, 0.124994, 0.322537, -0.349476, 0.879679, -0.002831, -0.315514, -0.915892, -0.248179, -1.2e-05, 0.0, 0.0, 0.0, 1.0],
                [0.446175, -0.536341, -0.716426, 0.121929, -0.440536, -0.828444, 0.345845, -0.006797, -0.779009, 0.161304, -0.605909, -0.129978, 0.0, 0.0, 0.0, 1.0],
                [0.134985, 0.188659, -0.972721, 0.124994, -0.871016, -0.445394, -0.207255, -0.002831, -0.472344, 0.875233, 0.104204, -1.2e-05, 0.0, 0.0, 0.0, 1.0],
                [-0.258274, 0.208027, -0.943408, 0.188871, -0.857293, -0.499536, 0.124548, 0.038852, -0.445357, 0.840945, 0.307357, -0.049361, 0.0, 0.0, 0.0, 1.0],
                [0.084839, -0.02688, -0.996032, -0.029151, -0.60497, -0.79568, -0.030057, 0.004309, -0.791715, 0.60512, -0.083766, -0.116625, 0.0, 0.0, 0.0, 1.0],
                [0.478498, -0.100416, -0.872328, -0.041585, -0.226575, -0.973917, -0.012174, -0.030234, -0.848353, 0.203474, -0.48877, -0.092516, 0.0, 0.0, 0.0, 1.0],
                [0.608446, -0.297212, -0.735838, -0.032096, -0.415358, -0.909345, 0.023844, -0.005751, -0.676218, 0.291129, -0.676737, -0.035954, 0.0, 0.0, 0.0, 1.0],
                [0.231612, -0.752549, -0.616462, 0.078304, -0.849183, -0.465559, 0.249284, -0.058105, -0.474597, 0.465752, -0.746882, -0.058136, 0.0, 0.0, 0.0, 1.0],
                [-0.614856, -0.406741, -0.675658, 0.076413, -0.590876, -0.329832, 0.736258, -0.074157, -0.52232, 0.851923, -0.037534, -0.081199, 0.0, 0.0, 0.0, 1.0],
                [-0.99467, 0.102013, -0.014972, -0.016104, -0.064074, -0.497807, 0.864917, -0.106208, 0.08078, 0.861267, 0.50169, -0.090847, 0.0, 0.0, 0.0, 1.0],
                [-0.93268, 0.285298, 0.220714, 0.096965, -0.126384, -0.831576, 0.54084, -0.02584, 0.337841, 0.476536, 0.811651, 0.052546, 0.0, 0.0, 0.0, 1.0],
                [-0.810416, 0.371314, 0.453158, -0.071417, -0.200164, -0.902442, 0.381487, -0.025297, 0.550601, 0.218458, 0.805677, -0.046209, 0.0, 0.0, 0.0, 1.0],
                [-0.630704, 0.210293, 0.746987, -0.106768, -0.064876, -0.973501, 0.219285, -0.0178, 0.773307, 0.089843, 0.627634, -0.03615, 0.0, 0.0, 0.0, 1.0],
                [-0.399281, 0.085318, 0.91285, -0.12681, 0.093709, -0.986648, 0.133204, -0.050417, 0.912027, 0.138728, 0.385955, -0.015263, 0.0, 0.0, 0.0, 1.0],
                [-0.243361, 0.028213, 0.969526, -0.105133, 0.125791, -0.990217, 0.06039, -0.028488, 0.961744, 0.136654, 0.237431, -1.1e-05, 0.0, 0.0, 0.0, 1.0],
                [-0.050263, 0.057678, 0.997069, -0.071107, 0.109703, -0.991971, 0.062913, -0.028409, 0.992693, 0.112544, 0.043532, -1.2e-05, 0.0, 0.0, 0.0, 1.0],
                [0.128341, 0.086025, 0.987992, -0.047078, 0.0803, -0.993861, 0.076106, -0.027198, 0.988474, 0.069568, -0.134461, -1.2e-05, 0.0, 0.0, 0.0, 1.0],
                [0.396997, 0.115184, 0.910564, -0.024213, 0.003907, -0.992297, 0.123819, -0.024146, 0.917812, -0.045598, -0.394389, -1.1e-05, 0.0, 0.0, 0.0, 1.0],
                [0.822449, 0.13271, 0.553141, 0.002213, -0.069028, -0.941934, 0.328626, -0.031384, 0.564635, -0.30846, -0.765532, -1.2e-05, 0.0, 0.0, 0.0, 1.0],
                [0.956874, 0.078721, 0.279635, 0.026312, 0.000774, -0.963272, 0.268527, -0.042303, 0.290503, -0.256729, -0.92179, -1.3e-05, 0.0, 0.0, 0.0, 1.0],
                [0.98089, 0.127777, 0.146726, -0.006308, 0.101189, -0.979136, 0.176218, -0.047167, 0.166182, -0.158003, -0.973354, -1.1e-05, 0.0, 0.0, 0.0, 1.0],
                [0.975179, 0.186609, 0.119174, 0.004128, 0.164976, -0.971354, 0.171037, -0.06133, 0.147677, -0.14713, -0.978031, -1.2e-05, 0.0, 0.0, 0.0, 1.0],
                [0.944942, 0.243284, 0.218854, 0.034996, 0.196047, -0.956362, 0.216651, -0.06204, 0.262012, -0.161816, -0.951402, -1.2e-05, 0.0, 0.0, 0.0, 1.0],
                [0.886242, 0.3096, 0.344563, 0.089468, 0.225428, -0.938071, 0.263067, -0.024146, 0.40467, -0.155467, -0.901151, -1.1e-05, 0.0, 0.0, 0.0, 1.0],
                [0.832136, 0.345408, 0.43387, 0.124994, 0.351869, -0.93355, 0.068346, -0.002831, 0.428647, 0.095792, -0.89838, -1.2e-05, 0.0, 0.0, 0.0, 1.0],
                [0.864366, 0.319826, 0.388049, 0.124994, 0.332802, -0.942333, 0.035359, -0.002831, 0.37698, 0.098581, -0.92096, -1.2e-05, 0.0, 0.0, 0.0, 1.0],
                [0.849284, 0.292997, 0.43917, 0.124993, 0.263208, -0.956093, 0.128868, -0.002831, 0.457645, 0.006148, -0.889114, -1.1e-05, 0.0, 0.0, 0.0, 1.0],
                [0.723469, 0.383162, 0.574264, 0.124994, 0.286573, -0.923464, 0.255126, -0.002831, 0.628067, -0.020007, -0.777902, -1.2e-05, 0.0, 0.0, 0.0, 1.0],
                [0.528892, 0.392561, 0.752442, 0.124994, 0.25654, -0.919067, 0.29917, -0.002831, 0.808987, 0.034803, -0.586795, -1.2e-05, 0.0, 0.0, 0.0, 1.0],
                [0.492434, 0.342498, 0.800127, 0.124994, 0.260417, -0.935182, 0.240037, -0.002831, 0.830477, 0.090165, -0.549708, -1.2e-05, 0.0, 0.0, 0.0, 1.0],
                [0.542499, 0.283565, 0.79075, 0.124994, 0.259149, -0.951887, 0.163559, -0.002831, 0.799084, 0.116192, -0.589884, -1.2e-05, 0.0, 0.0, 0.0, 1.0],
                [0.589758, 0.233115, 0.773203, 0.124994, 0.265217, -0.960236, 0.087211, -0.002831, 0.762788, 0.153634, -0.628133, -1.1e-05, 0.0, 0.0, 0.0, 1.0]
            ]
        },
        {
            "name": "Leg_R",
            "time": [0.0, 0.0333, 0.0667, 0.1, 0.1333, 0.1667, 0.2, 0.2333, 0.2667, 0.3, 0.3333, 0.3667, 0.4, 0.4333, 0.4667, 0.5, 0.5333, 0.5667, 0.6, 0.6667, 0.7667, 0.8667, 0.9667, 1.0667, 1.2, 1.3, 1.4, 1.5667, 1.7, 1.8, 1.9333, 2.0667, 2.2, 2.3333],
            "transform": [
                [1.0, 2e-06, 0.0, -0.0, -2e-06, 0.932201, 0.361941, 0.37472, 1e-06, -0.36194, 0.932201, 0.0, 0.0, 0.0, 0.0, 1.0],
                [1.0, 1e-06, 1e-06, -0.0, -2e-06, 0.225022, 0.974354, 0.37472, 1e-06, -0.974354, 0.225022, -0.0, 0.0, 0.0, 0.0, 1.0],
                [1.0, 0.0, 2e-06, -0.0, -2e-06, -0.087573, 0.996158, 0.37472, 1e-06, -0.996158, -0.087573, -0.0, 0.0, 0.0, 0.0, 1.0],
                [1.0, 0.0, 1e-06, -0.0, -1e-06, -0.14937, 0.988781, 0.37472, 1e-06, -0.988781, -0.14937, 0.0, 0.0, 0.0, 0.0, 1.0],
                [1.0, 2e-06, -1e-06, -0.0, -2e-06, 0.999999, 0.001343, 0.37472, 1e-06, -0.001343, 0.999999, 0.0, 0.0, 0.0, 0.0, 1.0],
                [1.0, 2e-06, -1e-06, 0.0, -2e-06, 0.999999, 0.001526, 0.37472, 1e-06, -0.001526, 0.999999, -0.0, 0.0, 0.0, 0.0, 1.0],
                [1.0, 1e-06, 1e-06, 0.0, -2e-06, 0.582647, 0.812725, 0.37472, 1e-06, -0.812725, 0.582647, 0.0, 0.0, 0.0, 0.0, 1.0],
                [1.0, 0.0, 2e-06, -0.0, -1e-06, -0.3196, 0.947553, 0.37472, 1e-06, -0.947553, -0.3196, -0.0, 0.0, 0.0, 0.0, 1.0],
                [1.0, -0.0, 2e-06, 0.0, -1e-06, -0.495241, 0.868755, 0.37472, 0.0, -0.868756, -0.495241, 0.0, 0.0, 0.0, 0.0, 1.0],
                [1.0, -1e-06, 1e-06, -0.0, -1e-06, -0.626677, 0.77928, 0.37472, 0.0, -0.77928, -0.626677, 0.0, 0.0, 0.0, 0.0, 1.0],
                [1.0, -1e-06, 2e-06, 0.0, -2e-06, -0.663273, 0.748378, 0.37472, 1e-06, -0.748378, -0.663273, -0.0, 0.0, 0.0, 0.0, 1.0],
                [1.0, -1e-06, 2e-06, 0.0, -2e-06, -0.698348, 0.715758, 0.37472, 1e-06, -0.715758, -0.698348, 0.0, 0.0, 0.0, 0.0, 1.0],
                [1.0, 0.0, 2e-06, 0.0, -2e-06, -0.041971, 0.999119, 0.37472, 1e-06, -0.999119, -0.041971, 0.0, 0.0, 0.0, 0.0, 1.0],
                [1.0, 1e-06, 1e-06, -0.0, -2e-06, 0.53921, 0.842171, 0.37472, 1e-06, -0.842171, 0.53921, -0.0, 0.0, 0.0, 0.0, 1.0],
                [1.0, 2e-06, 0.0, -0.0, -2e-06, 0.899343, 0.437245, 0.37472, 0.0, -0.437245, 0.899343, -0.0, 0.0, 0.0, 0.0, 1.0],
                [1.0, 2e-06, -0.0, -0.0, -2e-06, 0.985583, 0.169191, 0.37472, 1e-06, -0.169191, 0.985583, 0.0, 0.0, 0.0, 0.0, 1.0],
                [1.0, 2e-06, -0.0, 0.0, -2e-06, 0.995708, 0.092554, 0.37472, 1e-06, -0.092554, 0.995708, -0.0, 0.0, 0.0, 0.0, 1.0],
                [1.0, 2e-06, -0.0, 0.0, -2e-06, 0.983011, 0.183546, 0.37472, 1e-06, -0.183546, 0.983011, 0.0, 0.0, 0.0, 0.0, 1.0],
                [1.0, 2e-06, -0.0, -0.0, -2e-06, 0.960576, 0.278018, 0.37472, 1e-06, -0.278018, 0.960576, -0.0, 0.0, 0.0, 0.0, 1.0],
                [1.0, 2e-06, 0.0, -0.0, -2e-06, 0.918883, 0.394529, 0.37472, 1e-06, -0.394529, 0.918883, 0.0, 0.0, 0.0, 0.0, 1.0],
                [1.0, 2e-06, 1e-06, 0.0, -2e-06, 0.746922, 0.664912, 0.37472, 1e-06, -0.664912, 0.746922, 0.0, 0.0, 0.0, 0.0, 1.0],
                [1.0, 2e-06, 1e-06, 0.0, -2e-06, 0.742036, 0.670361, 0.37472, 1e-06, -0.670361, 0.742036, 0.0, 0.0, 0.0, 0.0, 1.0],
                [1.0, 2e-06, 1e-06, 0.0, -2e-06, 0.793535, 0.608525, 0.37472, 1e-06, -0.608525, 0.793535, 0.0, 0.0, 0.0, 0.0, 1.0],
                [1.0, 2e-06, 1e-06, 0.0, -2e-06, 0.779659, 0.626204, 0.37472, 1e-06, -0.626204, 0.77966, 0.0, 0.0, 0.0, 0.0, 1.0],
                [1.0, 2e-06, 1e-06, 0.0, -2e-06, 0.684661, 0.728862, 0.37472, 1e-06, -0.728862, 0.684661, 0.0, 0.0, 0.0, 0.0, 1.0],
                [1.0, 1e-06, 1e-06, -0.0, -2e-06, 0.594019, 0.804451, 0.37472, 1e-06, -0.804451, 0.594019, 0.0, 0.0, 0.0, 0.0, 1.0],
                [1.0, 2e-06, 1e-06, -0.0, -2e-06, 0.777669, 0.628674, 0.37472, 1e-06, -0.628674, 0.777669, -0.0, 0.0, 0.0, 0.0, 1.0],
                [1.0, 2e-06, 1e-06, 0.0, -2e-06, 0.799569, 0.600575, 0.37472, 1e-06, -0.600575, 0.799569, -0.0, 0.0, 0.0, 0.0, 1.0],
                [1.0, 2e-06, 1e-06, 0.0, -2e-06, 0.760584, 0.649239, 0.37472, 0.0, -0.649239, 0.760584, 0.0, 0.0, 0.0, 0.0, 1.0],
                [1.0, 2e-06, 1e-06, 0.0, -2e-06, 0.749175, 0.662372, 0.37472, 1e-06, -0.662372, 0.749175, 0.0, 0.0, 0.0, 0.0, 1.0],
                [1.0, 2e-06, 1e-06, 0.0, -2e-06, 0.795335, 0.606171, 0.37472, 1e-06, -0.606171, 0.795334, 0.0, 0.0, 0.0, 0.0, 1.0],
                [1.0, 2e-06, 0.0, 0.0, -2e-06, 0.843124, 0.53772, 0.37472, 0.0, -0.53772, 0.843124, 0.0, 0.0, 0.0, 0.0, 1.0],
                [1.0, 2e-06, 0.0, -0.0, -2e-06, 0.892435, 0.451175, 0.37472, 0.0, -0.451175, 0.892435, 0.0, 0.0, 0.0, 0.0, 1.0],
                [1.0, 2e-06, 0.0, 0.0, -2e-06, 0.932314, 0.361651, 0.37472, 1e-06, -0.361651, 0.932314, -0.0, 0.0, 0.0, 0.0, 1.0]
            ]
        },
        {
            "name": "Knee_R",
            "time": [0.0, 0.0333, 0.0667, 0.1, 0.1333, 0.1667, 0.2, 0.2333, 0.2667, 0.3, 0.3333, 0.3667, 0.4, 0.4333, 0.4667, 0.5, 0.5333, 0.5667, 0.6, 0.6667, 0.7667, 0.8667, 0.9667, 1.0667, 1.2, 1.3, 1.4, 1.5667, 1.7, 1.8, 1.9333, 2.0667, 2.2, 2.3333],
            "transform": [
                [1.0, 0.0, -0.0, -0.0, -0.0, 1e-06, -1.0, 0.37472, -0.0, 1.0, 1e-06, 0.0, 0.0, 0.0, 0.0, 1.0],
                [1.0, 0.0, -0.0, -0.0, -0.0, 1e-06, -1.0, 0.37472, -0.0, 1.0, 1e-06, -0.0, 0.0, 0.0, 0.0, 1.0],
                [1.0, 0.0, -0.0, -0.0, -0.0, 1e-06, -1.0, 0.37472, -0.0, 1.0, 1e-06, -0.0, 0.0, 0.0, 0.0, 1.0],
                [1.0, 0.0, -0.0, -0.0, -0.0, 1e-06, -1.0, 0.37472, -0.0, 1.0, 1e-06, 0.0, 0.0, 0.0, 0.0, 1.0],
                [1.0, 0.0, -0.0, -0.0, -0.0, 1e-06, -1.0, 0.37472, -0.0, 1.0, 1e-06, 0.0, 0.0, 0.0, 0.0, 1.0],
                [1.0, 0.0, -0.0, 0.0, -0.0, 1e-06, -1.0, 0.37472, -0.0, 1.0, 1e-06, -0.0, 0.0, 0.0, 0.0, 1.0],
                [1.0, 0.0, -0.0, 0.0, -0.0, 1e-06, -1.0, 0.37472, -0.0, 1.0, 1e-06, 0.0, 0.0, 0.0, 0.0, 1.0],
                [1.0, 0.0, -0.0, -0.0, -0.0, 1e-06, -1.0, 0.37472, -0.0, 1.0, 1e-06, -0.0, 0.0, 0.0, 0.0, 1.0],
                [1.0, 0.0, -0.0, 0.0, -0.0, 1e-06, -1.0, 0.37472, -0.0, 1.0, 1e-06, 0.0, 0.0, 0.0, 0.0, 1.0],
                [1.0, 0.0, -0.0, -0.0, -0.0, 1e-06, -1.0, 0.37472, -0.0, 1.0, 1e-06, 0.0, 0.0, 0.0, 0.0, 1.0],
                [1.0, 0.0, -0.0, 0.0, -0.0, 1e-06, -1.0, 0.37472, -0.0, 1.0, 1e-06, -0.0, 0.0, 0.0, 0.0, 1.0],
                [1.0, 0.0, -0.0, 0.0, -0.0, 1e-06, -1.0, 0.37472, -0.0, 1.0, 1e-06, 0.0, 0.0, 0.0, 0.0, 1.0],
                [1.0, 0.0, -0.0, 0.0, -0.0, 1e-06, -1.0, 0.37472, -0.0, 1.0, 1e-06, 0.0, 0.0, 0.0, 0.0, 1.0],
                [1.0, 0.0, -0.0, -0.0, -0.0, 1e-06, -1.0, 0.37472, -0.0, 1.0, 1e-06, -0.0, 0.0, 0.0, 0.0, 1.0],
                [1.0, 0.0, -0.0, -0.0, -0.0, 1e-06, -1.0, 0.37472, -0.0, 1.0, 1e-06, -0.0, 0.0, 0.0, 0.0, 1.0],
                [1.0, 0.0, -0.0, -0.0, -0.0, 1e-06, -1.0, 0.37472, -0.0, 1.0, 1e-06, 0.0, 0.0, 0.0, 0.0, 1.0],
                [1.0, 0.0, -0.0, 0.0, -0.0, 1e-06, -1.0, 0.37472, -0.0, 1.0, 1e-06, -0.0, 0.0, 0.0, 0.0, 1.0],
                [1.0, 0.0, -0.0, 0.0, -0.0, 1e-06, -1.0, 0.37472, -0.0, 1.0, 1e-06, 0.0, 0.0, 0.0, 0.0, 1.0],
                [1.0, 0.0, -0.0, -0.0, -0.0, 1e-06, -1.0, 0.37472, -0.0, 1.0, 1e-06, -0.0, 0.0, 0.0, 0.0, 1.0],
                [1.0, 0.0, -0.0, -0.0, -0.0, 1e-06, -1.0, 0.37472, -0.0, 1.0, 1e-06, 0.0, 0.0, 0.0, 0.0, 1.0],
                [1.0, -0.0, -0.0, 0.0, -0.0, 1e-06, -1.0, 0.37472, -0.0, 1.0, 1e-06, 0.0, 0.0, 0.0, 0.0, 1.0],
                [1.0, 0.0, -0.0, 0.0, -0.0, 1e-06, -1.0, 0.37472, -0.0, 1.0, 1e-06, 0.0, 0.0, 0.0, 0.0, 1.0],
                [1.0, 0.0, -0.0, 0.0, -0.0, 1e-06, -1.0, 0.37472, -0.0, 1.0, 1e-06, 0.0, 0.0, 0.0, 0.0, 1.0],
                [1.0, 0.0, -0.0, 0.0, -0.0, 1e-06, -1.0, 0.37472, -0.0, 1.0, 1e-06, 0.0, 0.0, 0.0, 0.0, 1.0],
                [1.0, 0.0, -0.0, 0.0, -0.0, 1e-06, -1.0, 0.37472, -0.0, 1.0, 1e-06, 0.0, 0.0, 0.0, 0.0, 1.0],
                [1.0, 0.0, -0.0, -0.0, -0.0, 1e-06, -1.0, 0.37472, -0.0, 1.0, 1e-06, 0.0, 0.0, 0.0, 0.0, 1.0],
                [1.0, 0.0, -0.0, -0.0, -0.0, 1e-06, -1.0, 0.37472, -0.0, 1.0, 1e-06, -0.0, 0.0, 0.0, 0.0, 1.0],
                [1.0, 0.0, -0.0, 0.0, -0.0, 1e-06, -1.0, 0.37472, -0.0, 1.0, 1e-06, -0.0, 0.0, 0.0, 0.0, 1.0],
                [1.0, 0.0, -0.0, 0.0, -0.0, 1e-06, -1.0, 0.37472, -0.0, 1.0, 1e-06, 0.0, 0.0, 0.0, 0.0, 1.0],
                [1.0, 0.0, -0.0, 0.0, -0.0, 1e-06, -1.0, 0.37472, -0.0, 1.0, 1e-06, 0.0, 0.0, 0.0, 0.0, 1.0],
                [1.0, 0.0, -0.0, 0.0, -0.0, 1e-06, -1.0, 0.37472, -0.0, 1.0, 1e-06, 0.0, 0.0, 0.0, 0.0, 1.0],
                [1.0, 0.0, -0.0, 0.0, -0.0, 1e-06, -1.0, 0.37472, -0.0, 1.0, 1e-06, 0.0, 0.0, 0.0, 0.0, 1.0],
                [1.0, 0.0, -0.0, -0.0, -0.0, 1e-06, -1.0, 0.37472, -0.0, 1.0, 1e-06, 0.0, 0.0, 0.0, 0.0, 1.0],
                [1.0, 0.0, -0.0, 0.0, -0.0, 1e-06, -1.0, 0.37472, -0.0, 1.0, 1e-06, -0.0, 0.0, 0.0, 0.0, 1.0]
            ]
        },
        {
            "name": "Thigh_L",
            "time": [0.0, 0.0333, 0.0667, 0.1, 0.1333, 0.1667, 0.2, 0.2333, 0.2667, 0.3, 0.3333, 0.3667, 0.4, 0.4333, 0.4667, 0.5, 0.5333, 0.5667, 0.6, 0.6667, 0.7667, 0.8667, 0.9667, 1.0667, 1.2, 1.3, 1.4, 1.5667, 1.7, 1.8, 1.9333, 2.0667, 2.2, 2.3333],
            "transform": [
                [0.893689, -0.047141, 0.446204, -0.125006, -0.213678, -0.919169, 0.330861, -0.002831, 0.39454, -0.39103, -0.831525, -1.2e-05, 0.0, 0.0, 0.0, 1.0],
                [0.827382, -0.362208, -0.429238, -0.125006, -0.268427, -0.92634, 0.264273, -0.002831, -0.493342, -0.103436, -0.863664, -1.2e-05, 0.0, 0.0, 0.0, 1.0],
                [0.124868, -0.550723, -0.825295, -0.125006, -0.707672, -0.632453, 0.314967, -0.002831, -0.69542, 0.544709, -0.468704, -1.2e-05, 0.0, 0.0, 0.0, 1.0],
                [-0.132758, -0.012129, -0.991074, 0.029474, -0.892015, -0.434434, 0.124805, -0.006777, -0.43207, 0.900622, 0.046856, 0.064445, 0.0, 0.0, 0.0, 1.0],
                [-0.675532, -0.00175, -0.737329, -0.007787, -0.717185, -0.230599, 0.657624, -0.152571, -0.171178, 0.973047, 0.154522, -0.157222, 0.0, 0.0, 0.0, 1.0],
                [-0.734943, -0.000241, -0.678128, 0.074198, -0.65693, -0.247828, 0.712056, -0.189261, -0.16823, 0.968804, 0.181981, -0.151718, 0.0, 0.0, 0.0, 1.0],
                [-0.693728, 0.199, -0.692199, 0.201927, -0.717763, -0.270602, 0.641553, 0.018681, -0.059641, 0.941899, 0.330559, -0.011578, 0.0, 0.0, 0.0, 1.0],
                [-0.628181, 0.391129, -0.672612, 0.191521, -0.777181, -0.274173, 0.566408, 0.039965, 0.037127, 0.878549, 0.476208, -0.105895, 0.0, 0.0, 0.0, 1.0],
                [-0.366981, 0.678173, -0.636715, 0.17923, -0.926869, -0.208455, 0.312186, 0.061143, 0.07899, 0.704718, 0.705077, -0.08065, 0.0, 0.0, 0.0, 1.0],
                [0.017724, 0.922521, -0.385539, 0.075492, -0.99663, -0.014585, -0.08072, 0.015426, -0.080088, 0.38567, 0.919154, -0.034102, 0.0, 0.0, 0.0, 1.0],
                [0.079356, 0.996842, 0.002823, 0.090852, -0.947712, 0.076323, -0.309863, 0.033618, -0.3091, 0.021914, 0.950777, -0.105252, 0.0, 0.0, 0.0, 1.0],
                [0.044279, 0.918201, 0.393632, -0.008237, -0.848571, 0.242509, -0.47023, 0.056137, -0.527225, -0.313204, 0.789897, -0.160679, 0.0, 0.0, 0.0, 1.0],
                [-0.062771, 0.336564, 0.939566, 0.01829, -0.87971, 0.425957, -0.211355, 0.044812, -0.471349, -0.839813, 0.269341, -0.105514, 0.0, 0.0, 0.0, 1.0],
                [-0.071795, -0.454842, 0.887674, -0.023121, -0.91685, 0.380512, 0.120818, 0.047528, -0.392723, -0.805189, -0.44434, -0.082587, 0.0, 0.0, 0.0, 1.0],
                [-0.040069, -0.768878, 0.638138, -0.067893, -0.939524, 0.246391, 0.237878, 0.081469, -0.34013, -0.590015, -0.732252, -0.04683, 0.0, 0.0, 0.0, 1.0],
                [-0.024081, -0.906807, 0.420858, -0.060463, -0.950563, 0.151141, 0.271268, 0.030291, -0.309597, -0.39352, -0.865616, -0.101996, 0.0, 0.0, 0.0, 1.0],
                [-0.028274, -0.910861, 0.411744, -0.103507, -0.961102, 0.137985, 0.239253, 0.074142, -0.274741, -0.388964, -0.879332, -0.062493, 0.0, 0.0, 0.0, 1.0],
                [-0.023611, -0.952845, 0.302536, -0.113992, -0.971793, 0.092905, 0.216765, 0.050057, -0.23465, -0.288885, -0.928162, -0.065302, 0.0, 0.0, 0.0, 1.0],
                [-0.014625, -0.981776, 0.189479, -0.11746, -0.981855, 0.049932, 0.18294, 0.021365, -0.189067, -0.183366, -0.964692, -0.048375, 0.0, 0.0, 0.0, 1.0],
                [0.013252, -0.999151, 0.039014, -0.125006, -0.995735, -0.009624, 0.091755, -0.002831, -0.091301, -0.040063, -0.995017, -1.1e-05, 0.0, 0.0, 0.0, 1.0],
                [0.177815, -0.93439, -0.308702, -0.125006, -0.983704, -0.177259, -0.030091, -0.002831, -0.026603, 0.309022, -0.950683, -1.2e-05, 0.0, 0.0, 0.0, 1.0],
                [0.301776, -0.833296, -0.463194, -0.125006, -0.876, -0.43409, 0.210213, -0.002831, -0.376237, 0.342321, -0.860966, -1.1e-05, 0.0, 0.0, 0.0, 1.0],
                [0.361452, -0.790232, -0.494858, -0.125006, -0.593983, -0.604263, 0.531084, -0.002831, -0.718704, 0.101976, -0.687797, -1.2e-05, 0.0, 0.0, 0.0, 1.0],
                [0.501708, -0.724464, -0.472696, -0.125006, -0.372406, -0.674105, 0.637884, -0.002831, -0.78077, -0.143996, -0.607999, -1.1e-05, 0.0, 0.0, 0.0, 1.0],
                [0.765724, -0.570841, -0.296322, -0.125006, -0.297366, -0.722738, 0.623877, -0.002831, -0.570298, -0.389602, -0.723167, -1.2e-05, 0.0, 0.0, 0.0, 1.0],
                [0.926875, -0.375047, -0.0156, -0.125006, -0.289785, -0.741341, 0.605342, -0.002831, -0.238596, -0.556555, -0.795813, -1.2e-05, 0.0, 0.0, 0.0, 1.0],
                [0.956713, -0.289516, 0.029657, -0.125006, -0.257458, -0.794426, 0.550093, -0.002831, -0.1357, -0.533916, -0.834577, -1.2e-05, 0.0, 0.0, 0.0, 1.0],
                [0.953502, -0.300642, -0.021156, -0.125006, -0.246257, -0.817639, 0.520407, -0.002831, -0.173755, -0.491, -0.853656, -1.2e-05, 0.0, 0.0, 0.0, 1.0],
                [0.956697, -0.223896, 0.186014, -0.125006, -0.286911, -0.833156, 0.472792, -0.00283, 0.049123, -0.505688, -0.861317, -1.2e-05, 0.0, 0.0, 0.0, 1.0],
                [0.965374, -0.105039, 0.238788, -0.125006, -0.215967, -0.835234, 0.505709, -0.00283, 0.146325, -0.539769, -0.828999, -1.2e-05, 0.0, 0.0, 0.0, 1.0],
                [0.822163, 0.015632, 0.569038, -0.125006, -0.247893, -0.890031, 0.382615, -0.002831, 0.512442, -0.455632, -0.727875, -1.2e-05, 0.0, 0.0, 0.0, 1.0],
                [0.81859, -0.03645, 0.573221, -0.125006, -0.238885, -0.929181, 0.282056, -0.00283, 0.522345, -0.367822, -0.769326, -1.2e-05, 0.0, 0.0, 0.0, 1.0],
                [0.864005, -0.076883, 0.497578, -0.125006, -0.23243, -0.937569, 0.258729, -0.002831, 0.446621, -0.339195, -0.827935, -1.1e-05, 0.0, 0.0, 0.0, 1.0],
                [0.894086, -0.045011, 0.445628, -0.125006, -0.21222, -0.918738, 0.33299, -0.002831, 0.394428, -0.392292, -0.830983, -1.2e-05, 0.0, 0.0, 0.0, 1.0]
            ]
        },
        {
            "name": "Leg_L",
            "time": [0.0, 0.0333, 0.0667, 0.1, 0.1333, 0.1667, 0.2, 0.2333, 0.2667, 0.3, 0.3333, 0.3667, 0.4, 0.4333, 0.4667, 0.5, 0.5333, 0.5667, 0.6, 0.6667, 0.7667, 0.8667, 0.9667, 1.0667, 1.2, 1.3, 1.4, 1.5667, 1.7, 1.8, 1.9333, 2.0667, 2.2, 2.3333],
            "transform": [
                [1.0, 0.0, 0.0, 0.0, -0.0, 0.862423, 0.506188, 0.37472, -0.0, -0.506188, 0.862423, -0.0, 0.0, 0.0, 0.0, 1.0],
                [1.0, 0.0, 0.0, -0.0, -0.0, 0.45461, 0.890691, 0.37472, -0.0, -0.89069, 0.45461, -0.0, 0.0, 0.0, 0.0, 1.0],
                [1.0, 0.0, 0.0, -0.0, -0.0, 0.545923, 0.837835, 0.37472, -0.0, -0.837835, 0.545923, -0.0, 0.0, 0.0, 0.0, 1.0],
                [1.0, 0.0, 0.0, -0.0, -0.0, 0.999999, 0.001099, 0.37472, -0.0, -0.001099, 0.999999, -0.0, 0.0, 0.0, 0.0, 1.0],
                [1.0, 0.0, 0.0, -0.0, -0.0, 0.999999, 0.001099, 0.37472, -0.0, -0.001099, 1.0, 0.0, 0.0, 0.0, 0.0, 1.0],
                [1.0, 0.0, 0.0, -0.0, -0.0, 0.999999, 0.001099, 0.37472, -0.0, -0.001099, 0.999999, -0.0, 0.0, 0.0, 0.0, 1.0],
                [1.0, 0.0, 0.0, -0.0, -0.0, 1.0, 0.001099, 0.37472, -0.0, -0.001099, 1.0, 0.0, 0.0, 0.0, 0.0, 1.0],
                [1.0, 0.0, 0.0, 0.0, -0.0, 0.999999, 0.001099, 0.37472, -0.0, -0.001099, 0.999999, 0.0, 0.0, 0.0, 0.0, 1.0],
                [1.0, 0.0, 0.0, -0.0, -0.0, 0.999999, 0.001099, 0.37472, -0.0, -0.001099, 0.999999, -0.0, 0.0, 0.0, 0.0, 1.0],
                [1.0, 0.0, 0.0, 0.0, -0.0, 0.999999, 0.001342, 0.37472, -0.0, -0.001343, 0.999999, 0.0, 0.0, 0.0, 0.0, 1.0],
                [1.0, 0.0, 0.0, 0.0, -0.0, 0.748621, 0.662998, 0.37472, -0.0, -0.662998, 0.748621, 0.0, 0.0, 0.0, 0.0, 1.0],
                [1.0, -0.0, 1e-06, 0.0, -1e-06, 0.122198, 0.992506, 0.37472, -0.0, -0.992506, 0.122198, 0.0, 0.0, 0.0, 0.0, 1.0],
                [1.0, 0.0, 1e-06, -0.0, -0.0, 0.569118, 0.822256, 0.37472, -0.0, -0.822256, 0.569118, 0.0, 0.0, 0.0, 0.0, 1.0],
                [1.0, 0.0, 0.0, -0.0, -0.0, 0.982988, 0.183668, 0.37472, -0.0, -0.183668, 0.982988, -0.0, 0.0, 0.0, 0.0, 1.0],
                [1.0, 0.0, 0.0, -0.0, -0.0, 0.999999, 0.001099, 0.37472, -0.0, -0.001099, 0.999999, -0.0, 0.0, 0.0, 0.0, 1.0],
                [1.0, 0.0, 0.0, -0.0, -0.0, 0.999999, 0.001099, 0.37472, -0.0, -0.001099, 0.999999, -0.0, 0.0, 0.0, 0.0, 1.0],
                [1.0, 0.0, 0.0, -0.0, -0.0, 0.920156, 0.391551, 0.37472, -0.0, -0.391551, 0.920156, 0.0, 0.0, 0.0, 0.0, 1.0],
                [1.0, 0.0, 0.0, -0.0, -0.0, 0.846828, 0.531867, 0.37472, -0.0, -0.531867, 0.846828, 0.0, 0.0, 0.0, 0.0, 1.0],
                [1.0, 0.0, 0.0, 0.0, -0.0, 0.774018, 0.633164, 0.37472, -0.0, -0.633164, 0.774018, 0.0, 0.0, 0.0, 0.0, 1.0],
                [1.0, -0.0, 0.0, -0.0, -0.0, 0.470242, 0.882538, 0.37472, -0.0, -0.882538, 0.470242, 0.0, 0.0, 0.0, 0.0, 1.0],
                [1.0, -0.0, 0.0, 0.0, -0.0, -0.052395, 0.998626, 0.37472, -0.0, -0.998626, -0.052395, 0.0, 0.0, 0.0, 0.0, 1.0],
                [1.0, -0.0, 0.0, -0.0, -0.0, -0.325855, 0.94542, 0.37472, -0.0, -0.94542, -0.325854, -0.0, 0.0, 0.0, 0.0, 1.0],
                [1.0, -0.0, 0.0, -0.0, -0.0, -0.457797, 0.889057, 0.37472, 0.0, -0.889057, -0.457797, -0.0, 0.0, 0.0, 0.0, 1.0],
                [1.0, -0.0, 0.0, 0.0, -0.0, -0.293748, 0.955883, 0.37472, -0.0, -0.955883, -0.293748, -0.0, 0.0, 0.0, 0.0, 1.0],
                [1.0, -0.0, 0.0, 0.0, -0.0, 0.28506, 0.95851, 0.37472, -0.0, -0.95851, 0.28506, -0.0, 0.0, 0.0, 0.0, 1.0],
                [1.0, 0.0, 0.0, 0.0, -0.0, 0.776446, 0.630183, 0.37472, -0.0, -0.630184, 0.776446, 0.0, 0.0, 0.0, 0.0, 1.0],
                [1.0, 0.0, 0.0, -0.0, -0.0, 0.798447, 0.602066, 0.37472, -0.0, -0.602066, 0.798447, -0.0, 0.0, 0.0, 0.0, 1.0],
                [1.0, 0.0, 0.0, -0.0, -0.0, 0.806123, 0.591748, 0.37472, -0.0, -0.591748, 0.806123, 0.0, 0.0, 0.0, 0.0, 1.0],
                [1.0, 0.0, 0.0, -0.0, -0.0, 0.78063, 0.624993, 0.37472, -0.0, -0.624993, 0.78063, 0.0, 0.0, 0.0, 0.0, 1.0],
                [1.0, 0.0, 0.0, -0.0, -0.0, 0.736924, 0.675976, 0.37472, -0.0, -0.675976, 0.736924, 0.0, 0.0, 0.0, 0.0, 1.0],
                [1.0, -0.0, 0.0, -0.0, -0.0, 0.78059, 0.625043, 0.37472, -0.0, -0.625043, 0.78059, -0.0, 0.0, 0.0, 0.0, 1.0],
                [1.0, 0.0, 0.0, 0.0, -0.0, 0.854829, 0.51891, 0.37472, -0.0, -0.51891, 0.854829, -0.0, 0.0, 0.0, 0.0, 1.0],
                [1.0, 0.0, 0.0, 0.0, -0.0, 0.900815, 0.434203, 0.37472, -0.0, -0.434203, 0.900815, 0.0, 0.0, 0.0, 0.0, 1.0],
                [1.0, 0.0, 0.0, -0.0, -0.0, 0.86146, 0.507825, 0.37472, -0.0, -0.507825, 0.861461, -0.0, 0.0, 0.0, 0.0, 1.0]
            ]
        },
        {
            "name": "Knee_L",
            "time": [0.0, 0.0333, 0.0667, 0.1, 0.1333, 0.1667, 0.2, 0.2333, 0.2667, 0.3, 0.3333, 0.3667, 0.4, 0.4333, 0.4667, 0.5, 0.5333, 0.5667, 0.6, 0.6667, 0.7667, 0.8667, 0.9667, 1.0667, 1.2, 1.3, 1.4, 1.5667, 1.7, 1.8, 1.9333, 2.0667, 2.2, 2.3333],
            "transform": [
                [1.0, 0.0, -0.0, 0.0, -0.0, 1e-06, -1.0, 0.37472, -0.0, 1.0, 1e-06, -0.0, 0.0, 0.0, 0.0, 1.0],
                [1.0, 0.0, -0.0, -0.0, -0.0, 1e-06, -1.0, 0.37472, -0.0, 1.0, 1e-06, -0.0, 0.0, 0.0, 0.0, 1.0],
                [1.0, 0.0, -0.0, -0.0, -0.0, 1e-06, -1.0, 0.37472, -0.0, 1.0, 1e-06, -0.0, 0.0, 0.0, 0.0, 1.0],
                [1.0, 0.0, -0.0, -0.0, -0.0, 1e-06, -1.0, 0.37472, -0.0, 1.0, 1e-06, -0.0, 0.0, 0.0, 0.0, 1.0],
                [1.0, 0.0, -0.0, -0.0, -0.0, 1e-06, -1.0, 0.37472, -0.0, 1.0, 1e-06, 0.0, 0.0, 0.0, 0.0, 1.0],
                [1.0, 0.0, -0.0, -0.0, -0.0, 1e-06, -1.0, 0.37472, -0.0, 1.0, 1e-06, -0.0, 0.0, 0.0, 0.0, 1.0],
                [1.0, 0.0, -0.0, -0.0, -0.0, 1e-06, -1.0, 0.37472, -0.0, 1.0, 1e-06, 0.0, 0.0, 0.0, 0.0, 1.0],
                [1.0, 0.0, -0.0, 0.0, -0.0, 1e-06, -1.0, 0.37472, -0.0, 1.0, 1e-06, 0.0, 0.0, 0.0, 0.0, 1.0],
                [1.0, 0.0, -0.0, -0.0, -0.0, 1e-06, -1.0, 0.37472, -0.0, 1.0, 1e-06, -0.0, 0.0, 0.0, 0.0, 1.0],
                [1.0, 0.0, -0.0, 0.0, -0.0, 1e-06, -1.0, 0.37472, -0.0, 1.0, 1e-06, 0.0, 0.0, 0.0, 0.0, 1.0],
                [1.0, 0.0, -0.0, 0.0, -0.0, 1e-06, -1.0, 0.37472, -0.0, 1.0, 1e-06, 0.0, 0.0, 0.0, 0.0, 1.0],
                [1.0, 0.0, -0.0, 0.0, -0.0, 1e-06, -1.0, 0.37472, -0.0, 1.0, 1e-06, 0.0, 0.0, 0.0, 0.0, 1.0],
                [1.0, 0.0, -0.0, -0.0, -0.0, 1e-06, -1.0, 0.37472, -0.0, 1.0, 1e-06, 0.0, 0.0, 0.0, 0.0, 1.0],
                [1.0, 0.0, -0.0, -0.0, -0.0, 1e-06, -1.0, 0.37472, -0.0, 1.0, 1e-06, -0.0, 0.0, 0.0, 0.0, 1.0],
                [1.0, 0.0, -0.0, -0.0, -0.0, 1e-06, -1.0, 0.37472, -0.0, 1.0, 1e-06, -0.0, 0.0, 0.0, 0.0, 1.0],
                [1.0, 0.0, -0.0, -0.0, -0.0, 1e-06, -1.0, 0.37472, -0.0, 1.0, 1e-06, -0.0, 0.0, 0.0, 0.0, 1.0],
                [1.0, 0.0, -0.0, -0.0, -0.0, 1e-06, -1.0, 0.37472, -0.0, 1.0, 1e-06, 0.0, 0.0, 0.0, 0.0, 1.0],
                [1.0, 0.0, -0.0, -0.0, -0.0, 1e-06, -1.0, 0.37472, -0.0, 1.0, 1e-06, 0.0, 0.0, 0.0, 0.0, 1.0],
                [1.0, 0.0, -0.0, 0.0, -0.0, 1e-06, -1.0, 0.37472, -0.0, 1.0, 1e-06, 0.0, 0.0, 0.0, 0.0, 1.0],
                [1.0, 0.0, -0.0, -0.0, -0.0, 1e-06, -1.0, 0.37472, -0.0, 1.0, 1e-06, 0.0, 0.0, 0.0, 0.0, 1.0],
                [1.0, 0.0, -0.0, 0.0, -0.0, 1e-06, -1.0, 0.37472, -0.0, 1.0, 1e-06, 0.0, 0.0, 0.0, 0.0, 1.0],
                [1.0, 0.0, -0.0, -0.0, -0.0, 1e-06, -1.0, 0.37472, -0.0, 1.0, 1e-06, -0.0, 0.0, 0.0, 0.0, 1.0],
                [1.0, 0.0, -0.0, -0.0, -0.0, 1e-06, -1.0, 0.37472, -0.0, 1.0, 1e-06, -0.0, 0.0, 0.0, 0.0, 1.0],
                [1.0, 0.0, -0.0, 0.0, -0.0, 1e-06, -1.0, 0.37472, -0.0, 1.0, 1e-06, -0.0, 0.0, 0.0, 0.0, 1.0],
                [1.0, 0.0, -0.0, 0.0, -0.0, 1e-06, -1.0, 0.37472, 0.0, 1.0, 1e-06, -0.0, 0.0, 0.0, 0.0, 1.0],
                [1.0, 0.0, -0.0, 0.0, -0.0, 1e-06, -1.0, 0.37472, -0.0, 1.0, 1e-06, 0.0, 0.0, 0.0, 0.0, 1.0],
                [1.0, 0.0, -0.0, -0.0, -0.0, 1e-06, -1.0, 0.37472, -0.0, 1.0, 1e-06, -0.0, 0.0, 0.0, 0.0, 1.0],
                [1.0, 0.0, -0.0, -0.0, -0.0, 1e-06, -1.0, 0.37472, -0.0, 1.0, 1e-06, 0.0, 0.0, 0.0, 0.0, 1.0],
                [1.0, 0.0, -0.0, -0.0, -0.0, 1e-06, -1.0, 0.37472, -0.0, 1.0, 1e-06, 0.0, 0.0, 0.0, 0.0, 1.0],
                [1.0, 0.0, -0.0, -0.0, -0.0, 1e-06, -1.0, 0.37472, -0.0, 1.0, 1e-06, 0.0, 0.0, 0.0, 0.0, 1.0],
                [1.0, 0.0, -0.0, -0.0, -0.0, 1e-06, -1.0, 0.37472, -0.0, 1.0, 1e-06, -0.0, 0.0, 0.0, 0.0, 1.0],
                [1.0, 0.0, -0.0, 0.0, -0.0, 1e-06, -1.0, 0.37472, -0.0, 1.0, 1e-06, -0.0, 0.0, 0.0, 0.0, 1.0],
                [1.0, 0.0, -0.0, 0.0, -0.0, 1e-06, -1.0, 0.37472, -0.0, 1.0, 1e-06, 0.0, 0.0, 0.0, 0.0, 1.0],
                [1.0, 0.0, -0.0, -0.0, -0.0, 1e-06, -1.0, 0.37472, -0.0, 1.0, 1e-06, -0.0, 0.0, 0.0, 0.0, 1.0]
            ]
        },
        {
            "name": "Torso",
            "time": [0.0, 0.0333, 0.0667, 0.1, 0.1333, 0.1667, 0.2, 0.2333, 0.2667, 0.3, 0.3333, 0.3667, 0.4, 0.4333, 0.4667, 0.5, 0.5333, 0.5667, 0.6, 0.6667, 0.7667, 0.8667, 0.9667, 1.0667, 1.2, 1.3, 1.4, 1.5667, 1.7, 1.8, 1.9333, 2.0667, 2.2, 2.3333],
            "transform": [
                [0.701195, -0.067487, -0.709768, 0.0, 0.007348, 0.996141, -0.087457, 0.05, 0.712931, 0.056109, 0.698986, 0.0, 0.0, 0.0, 0.0, 1.0],
                [0.972133, -0.033962, 0.231957, 0.0, 0.053647, 0.995423, -0.07909, 0.05, -0.228209, 0.08933, 0.969505, 0.0, 0.0, 0.0, 0.0, 1.0],
                [0.405954, -0.067487, 0.911398, 0.0, 0.078788, 0.996141, 0.038668, 0.05, -0.910491, 0.05611, 0.409705, 0.0, 0.0, 0.0, 0.0, 1.0],
                [-0.217318, -0.357167, 0.908408, 0.0, -0.030351, 0.932672, 0.359447, 0.05, -0.975629, 0.050543, -0.213527, 0.0, 0.0, 0.0, 0.0, 1.0],
                [-0.552015, -0.614807, 0.563287, 0.0, -0.253364, 0.767271, 0.589154, 0.05, -0.794409, 0.182505, -0.579315, 0.0, 0.0, 0.0, 0.0, 1.0],
                [-0.645353, -0.690665, 0.326346, 0.0, -0.38997, 0.665233, 0.636702, 0.05, -0.656843, 0.283633, -0.698648, 0.0, 0.0, 0.0, 0.0, 1.0],
                [-0.729705, -0.670702, 0.133002, 0.0, -0.415189, 0.589172, 0.693177, 0.05, -0.543277, 0.450594, -0.70839, 0.0, 0.0, 0.0, 0.0, 1.0],
                [-0.787947, -0.612588, -0.062256, 0.0, -0.452695, 0.507795, 0.732948, 0.05, -0.417381, 0.605707, -0.677431, 0.0, 0.0, 0.0, 0.0, 1.0],
                [-0.853665, -0.4484, -0.264944, 0.0, -0.460719, 0.412904, 0.785652, 0.05, -0.242889, 0.792747, -0.559068, 0.0, 0.0, 0.0, 0.0, 1.0],
                [-0.872851, -0.227111, -0.431917, 0.0, -0.485645, 0.317658, 0.814397, 0.05, -0.047757, 0.920605, -0.387563, 0.0, 0.0, 0.0, 0.0, 1.0],
                [-0.817457, 0.015618, -0.575777, 0.0, -0.552972, 0.258483, 0.792091, 0.05, 0.1612, 0.96589, -0.202662, 0.0, 0.0, 0.0, 0.0, 1.0],
                [-0.702057, 0.2648, -0.661058, 0.0, -0.624383, 0.217495, 0.750228, 0.05, 0.342437, 0.939456, 0.012642, 0.0, 0.0, 0.0, 0.0, 1.0],
                [-0.497125, 0.505269, -0.705387, 0.0, -0.709214, 0.231739, 0.665817, 0.05, 0.499883, 0.831264, 0.243141, 0.0, 0.0, 0.0, 0.0, 1.0],
                [-0.248505, 0.691982, -0.677795, 0.0, -0.768371, 0.285242, 0.572925, 0.05, 0.589789, 0.663173, 0.460814, 0.0, 0.0, 0.0, 0.0, 1.0],
                [-0.01126, 0.804483, -0.593869, 0.0, -0.791449, 0.355808, 0.497001, 0.05, 0.611132, 0.475613, 0.632701, 0.0, 0.0, 0.0, 0.0, 1.0],
                [0.164553, 0.855125, -0.491613, 0.0, -0.787726, 0.413893, 0.456267, 0.05, 0.593641, 0.312177, 0.741712, 0.0, 0.0, 0.0, 0.0, 1.0],
                [0.28794, 0.874046, -0.391325, 0.0, -0.772818, 0.453401, 0.44405, 0.05, 0.565547, 0.174563, 0.80603, 0.0, 0.0, 0.0, 0.0, 1.0],
                [0.393014, 0.872986, -0.288851, 0.0, -0.752035, 0.485916, 0.445341, 0.05, 0.529134, 0.042201, 0.847488, 0.0, 0.0, 0.0, 0.0, 1.0],
                [0.481668, 0.855686, -0.189204, 0.0, -0.728279, 0.51093, 0.456685, 0.05, 0.487448, -0.082177, 0.869276, 0.0, 0.0, 0.0, 0.0, 1.0],
                [0.616106, 0.787583, -0.011255, 0.0, -0.679303, 0.538526, 0.498534, 0.05, 0.398698, -0.299505, 0.866797, 0.0, 0.0, 0.0, 0.0, 1.0],
                [0.795734, 0.540336, 0.273578, 0.0, -0.583378, 0.562461, 0.585925, 0.05, 0.162719, -0.62584, 0.762789, 0.0, 0.0, 0.0, 0.0, 1.0],
                [0.85524, 0.332316, 0.397657, 0.0, -0.514364, 0.637908, 0.573151, 0.05, -0.063202, -0.694722, 0.716496, 0.0, 0.0, 0.0, 0.0, 1.0],
                [0.873001, 0.216492, 0.437035, 0.0, -0.441141, 0.732661, 0.518269, 0.05, -0.207998, -0.645244, 0.735117, 0.0, 0.0, 0.0, 0.0, 1.0],
                [0.884644, 0.134558, 0.446429, 0.0, -0.353652, 0.81761, 0.454361, 0.05, -0.303867, -0.559828, 0.770881, 0.0, 0.0, 0.0, 0.0, 1.0],
                [0.908399, 0.092449, 0.407756, 0.0, -0.25412, 0.896524, 0.362861, 0.05, -0.332017, -0.433242, 0.837894, 0.0, 0.0, 0.0, 0.0, 1.0],
                [0.93275, 0.078185, 0.351944, 0.0, -0.173984, 0.952622, 0.249481, 0.05, -0.315764, -0.293936, 0.902161, 0.0, 0.0, 0.0, 0.0, 1.0],
                [0.920194, 0.141268, 0.365083, 0.0, -0.168404, 0.984762, 0.043412, 0.05, -0.353387, -0.101429, 0.929962, -0.0, 0.0, 0.0, 0.0, 1.0],
                [0.96589, 0.158131, 0.205063, 0.0, -0.167205, 0.985536, 0.027589, 0.05, -0.197734, -0.060936, 0.97836, -0.0, 0.0, 0.0, 0.0, 1.0],
                [0.97869, 0.13096, -0.158162, -0.0, -0.1183, 0.989159, 0.087005, 0.05, 0.167842, -0.06644, 0.983573, -0.0, 0.0, 0.0, 0.0, 1.0],
                [0.866079, 0.020227, -0.499498, 0.0, -0.028429, 0.999557, -0.008817, 0.05, 0.499098, 0.021837, 0.86627, 0.0, 0.0, 0.0, 0.0, 1.0],
                [0.62334, 0.050974, -0.780287, 0.0, 0.01393, 0.996991, 0.076259, 0.05, 0.781827, -0.058405, 0.620754, -0.0, 0.0, 0.0, 0.0, 1.0],
                [0.59212, -0.06524, -0.803205, 0.0, 0.030728, 0.997821, -0.058394, 0.05, 0.805264, 0.009895, 0.592834, -0.0, 0.0, 0.0, 0.0, 1.0],
                [0.651116, -0.087794, -0.753883, 0.0, 0.021688, 0.995034, -0.097146, 0.05, 0.758668, 0.046903, 0.649787, 0.0, 0.0, 0.0, 0.0, 1.0],
                [0.701195, -0.067487, -0.709768, 0.0, 0.007348, 0.996141, -0.087457, 0.05, 0.712931, 0.056109, 0.698986, -0.0, 0.0, 0.0, 0.0, 1.0]
            ]
        },
        {
            "name": "Chest",
            "time": [0.0, 0.0333, 0.0667, 0.1, 0.1333, 0.1667, 0.2, 0.2333, 0.2667, 0.3, 0.3333, 0.3667, 0.4, 0.4333, 0.4667, 0.5, 0.5333, 0.5667, 0.6, 0.6667, 0.7667, 0.8667, 0.9667, 1.0667, 1.2, 1.3, 1.4, 1.5667, 1.7, 1.8, 1.9333, 2.0667, 2.2, 2.3333],
            "transform": [
                [0.961475, -0.076518, -0.264028, 0.0, 0.082772, 0.996488, 0.012625, 0.3, 0.262135, -0.033993, 0.964432, -0.0, 0.0, 0.0, 0.0, 1.0],
                [0.899271, 0.044162, -0.435156, 0.0, -0.024785, 0.998436, 0.050108, 0.3, 0.436688, -0.034275, 0.89896, 0.0, 0.0, 0.0, 0.0, 1.0],
                [0.871724, 0.158585, -0.463625, 0.0, -0.123263, 0.986724, 0.105749, 0.3, 0.47424, -0.035037, 0.879698, -0.0, 0.0, 0.0, 0.0, 1.0],
                [0.965332, 0.258932, -0.033002, -0.0, -0.250891, 0.955292, 0.156433, 0.3, 0.072032, -0.14273, 0.987137, -0.0, 0.0, 0.0, 0.0, 1.0],
