{
    "animation": [
        {
            "name": "Root",
            "time": [0.0, 0.1667, 0.3333, 0.5, 0.6667, 0.8333, 1.0, 1.1667, 1.3333, 1.5, 1.6667, 1.8333, 2.0, 2.1667, 2.3333],
            "transform": [
                [1.0, -0.0, 0.0, -2.2e-05, 0.0, -0.0, -1.0, 4.1e-05, 0.0, 1.0, -0.0, 0.681546, 0.0, 0.0, 0.0, 1.0],
                [1.0, -0.0, 0.0, -0.039195, 0.0, -0.0, -1.0, -1.668403, 0.0, 1.0, -0.0, 0.425762, 0.0, 0.0, 0.0, 1.0],
                [1.0, -0.0, 0.0, -2.1e-05, 0.0, -0.0, -1.0, -2.679964, 0.0, 1.0, -0.0, 0.368921, 0.0, 0.0, 0.0, 1.0],
                [1.0, -0.0, 0.0, -0.050346, 0.0, -0.0, -1.0, -3.631419, 0.0, 1.0, -0.0, 0.32629, 0.0, 0.0, 0.0, 1.0],
                [1.0, -0.0, 0.0, -0.103707, 0.0, -0.0, -1.0, -4.175049, 0.0, 1.0, -0.0, 0.364486, 0.0, 0.0, 0.0, 1.0],
                [1.0, -0.0, 0.0, -0.160529, 0.0, -0.0, -1.0, -4.60639, 0.0, 1.0, -0.0, 0.375774, 0.0, 0.0, 0.0, 1.0],
                [1.0, -0.0, 0.0, -0.238653, 0.0, -0.0, -1.0, -4.659811, 0.0, 1.0, -0.0, 0.403438, 0.0, 0.0, 0.0, 1.0],
                [1.0, -0.0, 0.0, -0.266481, 0.0, -0.0, -1.0, -4.747247, 0.0, 1.0, -0.0, 0.411552, 0.0, 0.0, 0.0, 1.0],
                [1.0, -0.0, 0.0, -0.260315, 0.0, -0.0, -1.0, -4.773911, 0.0, 1.0, -0.0, 0.383131, 0.0, 0.0, 0.0, 1.0],
                [1.0, -0.0, 0.0, -0.260886, 0.0, -0.0, -1.0, -4.762081, 0.0, 1.0, -0.0, 0.390236, 0.0, 0.0, 0.0, 1.0],
                [1.0, -0.0, 0.0, -0.298671, 0.0, -0.0, -1.0, -4.660521, 0.0, 1.0, -0.0, 0.525233, 0.0, 0.0, 0.0, 1.0],
                [1.0, -0.0, 0.0, -0.311304, 0.0, -0.0, -1.0, -4.610688, 0.0, 1.0, -0.0, 0.589179, 0.0, 0.0, 0.0, 1.0],
                [1.0, -0.0, 0.0, -0.303729, 0.0, -0.0, -1.0, -4.624464, 0.0, 1.0, -0.0, 0.653125, 0.0, 0.0, 0.0, 1.0],
                [1.0, -0.0, 0.0, -0.261458, 0.0, -0.0, -1.0, -4.645613, 0.0, 1.0, -0.0, 0.660231, 0.0, 0.0, 0.0, 1.0],
                [1.0, -0.0, 0.0, -0.212185, 0.0, -0.0, -1.0, -4.680952, 0.0, 1.0, -0.0, 0.660231, 0.0, 0.0, 0.0, 1.0]
            ]
        },
        {
            "name": "Thigh_R",
            "time": [0.0, 0.1667, 0.3333, 0.5, 0.6667, 0.8333, 1.0, 1.1667, 1.3333, 1.5, 1.6667, 1.8333, 2.0, 2.1667, 2.3333],
            "transform": [
                [0.589238, 0.231014, 0.774229, 0.124994, 0.263976, -0.960709, 0.085754, -0.002831, 0.76362, 0.153848, -0.627069, -1.2e-05, 0.0, 0.0, 0.0, 1.0],
                [0.813607, 0.203071, 0.5448, 0.124994, -0.547659, -0.046962, 0.835383, -0.002831, 0.195227, -0.978037, 0.073004, -1.1e-05, 0.0, 0.0, 0.0, 1.0],
                [0.971248, 0.08228, 0.223398, 0.124994, -0.218814, -0.061162, 0.973848, -0.002831, 0.093792, -0.994731, -0.0414, -1.2e-05, 0.0, 0.0, 0.0, 1.0],
                [0.895902, 0.226688, 0.382063, 0.124994, -0.36313, -0.121755, 0.923749, -0.002831, 0.255922, -0.966327, -0.026764, -1.4e-05, 0.0, 0.0, 0.0, 1.0],
                [0.717585, 0.621238, 0.314858, 0.124994, -0.444927, 0.061093, 0.893481, -0.002831, 0.535829, -0.781237, 0.320245, -1.3e-05, 0.0, 0.0, 0.0, 1.0],
                [0.320197, 0.947239, 0.014546, 0.124994, -0.163896, 0.040266, 0.985655, -0.002831, 0.933066, -0.317988, 0.168141, -1.3e-05, 0.0, 0.0, 0.0, 1.0],
                [-0.250451, 0.941058, 0.227341, 0.124994, 0.501475, -0.074765, 0.861935, -0.00283, 0.828128, 0.329879, -0.453193, -1.2e-05, 0.0, 0.0, 0.0, 1.0],
                [-0.205527, 0.871402, 0.44544, 0.124994, 0.632764, -0.228895, 0.73974, -0.00283, 0.74657, 0.433896, -0.504348, -1.3e-05, 0.0, 0.0, 0.0, 1.0],
                [-0.00807, 0.900904, 0.433943, 0.124994, 0.723009, -0.294526, 0.624909, -0.002831, 0.690791, 0.318788, -0.648986, -1.3e-05, 0.0, 0.0, 0.0, 1.0],
                [0.151706, 0.888425, 0.433228, 0.124994, 0.734029, -0.394796, 0.552572, -0.00283, 0.661956, 0.234174, -0.712023, -1.3e-05, 0.0, 0.0, 0.0, 1.0],
                [0.315165, 0.797007, 0.51522, 0.124995, 0.568307, -0.593282, 0.570125, -0.00283, 0.760064, 0.11312, -0.639927, -1.4e-05, 0.0, 0.0, 0.0, 1.0],
                [0.386144, 0.675562, 0.628099, 0.124994, 0.487293, -0.72754, 0.482939, -0.002831, 0.783223, 0.119585, -0.610132, -1.3e-05, 0.0, 0.0, 0.0, 1.0],
                [0.454353, 0.531873, 0.714615, 0.124994, 0.426931, -0.834079, 0.349345, -0.00283, 0.781852, 0.146366, -0.606039, -1.2e-05, 0.0, 0.0, 0.0, 1.0],
                [0.530236, 0.355388, 0.769772, 0.124994, 0.36209, -0.915868, 0.173422, -0.00283, 0.766642, 0.186773, -0.614309, -1.2e-05, 0.0, 0.0, 0.0, 1.0],
                [0.589237, 0.231006, 0.774232, 0.124995, 0.26398, -0.960709, 0.085741, -0.002831, 0.763619, 0.153861, -0.627067, -1.4e-05, 0.0, 0.0, 0.0, 1.0]
            ]
        },
        {
            "name": "Leg_R",
            "time": [0.0, 0.1667, 0.3333, 0.5, 0.6667, 0.8333, 1.0, 1.1667, 1.3333, 1.5, 1.6667, 1.8333, 2.0, 2.1667, 2.3333],
            "transform": [
                [1.0, -1e-06, -1e-06, -0.0, 1e-06, 0.932201, 0.36194, 0.37472, 1e-06, -0.36194, 0.932201, -0.0, 0.0, 0.0, 0.0, 1.0],
                [1.0, -1e-06, -1e-06, 0.0, 1e-06, 0.744047, 0.668127, 0.37472, 0.0, -0.668127, 0.744047, 0.0, 0.0, 0.0, 0.0, 1.0],
                [1.0, -1e-06, -1e-06, 0.0, 1e-06, 0.638542, 0.769587, 0.37472, 0.0, -0.769587, 0.638542, 0.0, 0.0, 0.0, 0.0, 1.0],
                [1.0, -1e-06, -1e-06, -0.0, 1e-06, 0.704691, 0.709515, 0.37472, 0.0, -0.709515, 0.704691, -0.0, 0.0, 0.0, 0.0, 1.0],
                [1.0, 0.0, -2e-06, 0.0, 2e-06, -0.010319, 0.999947, 0.37472, 0.0, -0.999947, -0.010319, 0.0, 0.0, 0.0, 0.0, 1.0],
                [1.0, 1e-06, -1e-06, -0.0, 2e-06, -0.461238, 0.887277, 0.37472, 0.0, -0.887277, -0.461238, -0.0, 0.0, 0.0, 0.0, 1.0],
                [1.0, 0.0, -1e-06, 1e-06, 1e-06, 0.032087, 0.999485, 0.37472, 1e-06, -0.999485, 0.032087, 0.0, 0.0, 0.0, 0.0, 1.0],
                [1.0, -0.0, -1e-06, -0.0, 1e-06, 0.460078, 0.887879, 0.37472, 0.0, -0.887879, 0.460077, -0.0, 0.0, 0.0, 0.0, 1.0],
                [1.0, -0.0, -1e-06, 0.0, 1e-06, 0.427768, 0.903889, 0.37472, 0.0, -0.903889, 0.427768, 0.0, 0.0, 0.0, 0.0, 1.0],
                [1.0, -0.0, -1e-06, 0.0, 1e-06, 0.418985, 0.907993, 0.37472, 1e-06, -0.907993, 0.418985, 0.0, 0.0, 0.0, 0.0, 1.0],
                [1.0, -0.0, -2e-06, -0.0, 1e-06, 0.440495, 0.897755, 0.37472, 0.0, -0.897755, 0.440495, -0.0, 0.0, 0.0, 0.0, 1.0],
                [1.0, -0.0, -1e-06, 0.0, 1e-06, 0.595338, 0.803476, 0.37472, 0.0, -0.803476, 0.595338, 0.0, 0.0, 0.0, 0.0, 1.0],
                [1.0, -1e-06, -1e-06, 0.0, 1e-06, 0.775589, 0.631238, 0.37472, 0.0, -0.631238, 0.775589, -0.0, 0.0, 0.0, 0.0, 1.0],
                [1.0, -1e-06, -1e-06, 0.0, 1e-06, 0.889126, 0.457662, 0.37472, 0.0, -0.457662, 0.889126, -0.0, 0.0, 0.0, 0.0, 1.0],
                [1.0, -1e-06, -1e-06, -0.0, 1e-06, 0.932201, 0.361941, 0.37472, 0.0, -0.361941, 0.932201, -0.0, 0.0, 0.0, 0.0, 1.0]
            ]
        },
        {
            "name": "Knee_R",
            "time": [0.0, 0.1667, 0.3333, 0.5, 0.6667, 0.8333, 1.0, 1.1667, 1.3333, 1.5, 1.6667, 1.8333, 2.0, 2.1667, 2.3333],
            "transform": [
                [1.0, 0.0, -0.0, -0.0, -0.0, 1e-06, -1.0, 0.37472, -0.0, 1.0, 1e-06, -0.0, 0.0, 0.0, 0.0, 1.0],
                [1.0, 0.0, -0.0, 0.0, -0.0, 1e-06, -1.0, 0.37472, -0.0, 1.0, 1e-06, 0.0, 0.0, 0.0, 0.0, 1.0],
                [1.0, 0.0, -0.0, 0.0, -0.0, 1e-06, -1.0, 0.37472, -0.0, 1.0, 1e-06, 0.0, 0.0, 0.0, 0.0, 1.0],
                [1.0, 0.0, -0.0, -0.0, -0.0, 1e-06, -1.0, 0.37472, -0.0, 1.0, 1e-06, -0.0, 0.0, 0.0, 0.0, 1.0],
                [1.0, 0.0, -0.0, 0.0, -0.0, 1e-06, -1.0, 0.37472, -0.0, 1.0, 1e-06, 0.0, 0.0, 0.0, 0.0, 1.0],
                [1.0, 0.0, -0.0, -0.0, -0.0, 1e-06, -1.0, 0.37472, -0.0, 1.0, 1e-06, -0.0, 0.0, 0.0, 0.0, 1.0],
                [1.0, 0.0, -0.0, 1e-06, -0.0, 1e-06, -1.0, 0.37472, -0.0, 1.0, 1e-06, 0.0, 0.0, 0.0, 0.0, 1.0],
                [1.0, 0.0, -0.0, -0.0, -0.0, 1e-06, -1.0, 0.37472, -0.0, 1.0, 1e-06, -0.0, 0.0, 0.0, 0.0, 1.0],
                [1.0, 0.0, -0.0, 0.0, -0.0, 1e-06, -1.0, 0.37472, -0.0, 1.0, 1e-06, 0.0, 0.0, 0.0, 0.0, 1.0],
                [1.0, 0.0, -0.0, 0.0, -0.0, 1e-06, -1.0, 0.37472, -0.0, 1.0, 1e-06, 0.0, 0.0, 0.0, 0.0, 1.0],
                [1.0, 0.0, -0.0, -0.0, -0.0, 1e-06, -1.0, 0.37472, -0.0, 1.0, 1e-06, -0.0, 0.0, 0.0, 0.0, 1.0],
                [1.0, 0.0, -0.0, 0.0, -0.0, 1e-06, -1.0, 0.37472, -0.0, 1.0, 1e-06, 0.0, 0.0, 0.0, 0.0, 1.0],
                [1.0, 0.0, -0.0, 0.0, -0.0, 1e-06, -1.0, 0.37472, -0.0, 1.0, 1e-06, -0.0, 0.0, 0.0, 0.0, 1.0],
                [1.0, 0.0, -0.0, 0.0, -0.0, 1e-06, -1.0, 0.37472, -0.0, 1.0, 1e-06, -0.0, 0.0, 0.0, 0.0, 1.0],
                [1.0, 0.0, -0.0, -0.0, -0.0, 1e-06, -1.0, 0.37472, -0.0, 1.0, 1e-06, -0.0, 0.0, 0.0, 0.0, 1.0]
            ]
        },
        {
            "name": "Thigh_L",
            "time": [0.0, 0.1667, 0.3333, 0.5, 0.6667, 0.8333, 1.0, 1.1667, 1.3333, 1.5, 1.6667, 1.8333, 2.0, 2.1667, 2.3333],
            "transform": [
                [0.893453, -0.046944, 0.446696, -0.125006, -0.213749, -0.919126, 0.330935, -0.002831, 0.395035, -0.391155, -0.831231, -1.2e-05, 0.0, 0.0, 0.0, 1.0],
                [0.996812, -0.076143, -0.023845, -0.125006, 0.076231, 0.820581, 0.566424, -0.002831, -0.023562, -0.566436, 0.823769, -1.2e-05, 0.0, 0.0, 0.0, 1.0],
                [0.979197, -0.101456, 0.175728, -0.125006, -0.139941, 0.289459, 0.946905, -0.002831, -0.146935, -0.951798, 0.26924, -1.3e-05, 0.0, 0.0, 0.0, 1.0],
                [0.924841, 0.071488, 0.373575, -0.125006, -0.375668, 0.018005, 0.926579, -0.002831, 0.059513, -0.997279, 0.043507, -1.4e-05, 0.0, 0.0, 0.0, 1.0],
                [0.808418, 0.21957, 0.546121, -0.125006, -0.51286, -0.192553, 0.836599, -0.002831, 0.28885, -0.956406, -0.043055, -1.5e-05, 0.0, 0.0, 0.0, 1.0],
                [0.658006, 0.414312, 0.628787, -0.125006, -0.532231, -0.334818, 0.777578, -0.00283, 0.53269, -0.846311, 0.000197, -1.4e-05, 0.0, 0.0, 0.0, 1.0],
                [0.375398, 0.654525, 0.656257, -0.125007, -0.4419, -0.495998, 0.747469, -0.00283, 0.81474, -0.570598, 0.103038, -1.3e-05, 0.0, 0.0, 0.0, 1.0],
                [0.221133, 0.707704, 0.671011, -0.125006, -0.515148, -0.499457, 0.696538, -0.00283, 0.828084, -0.499697, 0.254126, -1.4e-05, 0.0, 0.0, 0.0, 1.0],
                [0.410053, 0.636937, 0.652815, -0.125006, -0.566282, -0.38329, 0.729667, -0.00283, 0.71497, -0.668879, 0.203516, -1.3e-05, 0.0, 0.0, 0.0, 1.0],
                [0.629937, 0.491526, 0.601316, -0.125006, -0.523287, -0.303497, 0.796279, -0.00283, 0.57389, -0.816267, 0.066025, -1.3e-05, 0.0, 0.0, 0.0, 1.0],
                [0.79881, 0.299195, 0.521904, -0.125006, -0.236494, -0.641522, 0.72974, -0.002831, 0.553148, -0.706351, -0.441697, -1.2e-05, 0.0, 0.0, 0.0, 1.0],
                [0.852523, 0.205434, 0.480626, -0.125006, -0.141717, -0.794234, 0.590855, -0.00283, 0.503111, -0.571829, -0.647989, -1.4e-05, 0.0, 0.0, 0.0, 1.0],
                [0.873097, 0.112298, 0.474437, -0.125006, -0.116502, -0.896866, 0.426683, -0.002831, 0.473422, -0.427809, -0.769968, -1.2e-05, 0.0, 0.0, 0.0, 1.0],
                [0.878623, 0.035357, 0.476205, -0.125006, -0.160976, -0.916949, 0.365091, -0.00283, 0.449564, -0.397435, -0.799961, -1.3e-05, 0.0, 0.0, 0.0, 1.0],
                [0.893311, -0.046846, 0.446991, -0.125006, -0.213761, -0.919146, 0.330873, -0.00283, 0.39535, -0.391122, -0.831097, -1.3e-05, 0.0, 0.0, 0.0, 1.0]
            ]
        },
        {
            "name": "Leg_L",
            "time": [0.0, 0.1667, 0.3333, 0.5, 0.6667, 0.8333, 1.0, 1.1667, 1.3333, 1.5, 1.6667, 1.8333, 2.0, 2.1667, 2.3333],
            "transform": [
                [1.0, -1e-06, 0.0, -0.0, 1e-06, 0.862423, 0.506187, 0.37472, -1e-06, -0.506187, 0.862423, 0.0, 0.0, 0.0, 0.0, 1.0],
                [1.0, 0.0, -1e-06, -0.0, 1e-06, -0.805272, 0.592906, 0.37472, -1e-06, -0.592906, -0.805272, -0.0, 0.0, 0.0, 0.0, 1.0],
                [1.0, 0.0, -1e-06, -0.0, 1e-06, -0.791497, 0.611174, 0.37472, -1e-06, -0.611174, -0.791497, -0.0, 0.0, 0.0, 0.0, 1.0],
                [1.0, 0.0, -1e-06, 0.0, 1e-06, -0.631081, 0.775717, 0.37472, -1e-06, -0.775717, -0.631081, 0.0, 0.0, 0.0, 0.0, 1.0],
                [1.0, -0.0, -1e-06, -0.0, 1e-06, -0.475146, 0.879907, 0.37472, -1e-06, -0.879907, -0.475146, 0.0, 0.0, 0.0, 0.0, 1.0],
                [1.0, -0.0, -1e-06, -0.0, 1e-06, -0.438267, 0.898845, 0.37472, -1e-06, -0.898845, -0.438267, -0.0, 0.0, 0.0, 0.0, 1.0],
                [1.0, -0.0, -1e-06, -0.0, 1e-06, -0.45467, 0.89066, 0.374721, -1e-06, -0.89066, -0.45467, 0.0, 0.0, 0.0, 0.0, 1.0],
                [1.0, -0.0, -1e-06, -0.0, 1e-06, -0.410965, 0.911651, 0.37472, -1e-06, -0.911651, -0.410965, 0.0, 0.0, 0.0, 0.0, 1.0],
                [1.0, -0.0, -1e-06, 0.0, 1e-06, -0.422189, 0.906508, 0.37472, -1e-06, -0.906508, -0.422189, 0.0, 0.0, 0.0, 0.0, 1.0],
                [1.0, -0.0, -1e-06, 0.0, 1e-06, -0.372271, 0.928124, 0.37472, -1e-06, -0.928124, -0.372271, -0.0, 0.0, 0.0, 0.0, 1.0],
                [1.0, -1e-06, -1e-06, -0.0, 1e-06, 0.056477, 0.998404, 0.37472, -1e-06, -0.998404, 0.056477, -0.0, 0.0, 0.0, 0.0, 1.0],
                [1.0, -1e-06, -1e-06, 0.0, 1e-06, 0.357155, 0.934045, 0.37472, -1e-06, -0.934045, 0.357155, -0.0, 0.0, 0.0, 0.0, 1.0],
                [1.0, -1e-06, -0.0, 0.0, 1e-06, 0.637348, 0.770576, 0.37472, -1e-06, -0.770576, 0.637348, -0.0, 0.0, 0.0, 0.0, 1.0],
                [1.0, -1e-06, 0.0, 0.0, 1e-06, 0.766629, 0.64209, 0.37472, -1e-06, -0.642091, 0.766629, -0.0, 0.0, 0.0, 0.0, 1.0],
                [1.0, -1e-06, 0.0, 0.0, 1e-06, 0.862423, 0.506188, 0.37472, -1e-06, -0.506188, 0.862423, 0.0, 0.0, 0.0, 0.0, 1.0]
            ]
        },
        {
            "name": "Knee_L",
            "time": [0.0, 0.1667, 0.3333, 0.5, 0.6667, 0.8333, 1.0, 1.1667, 1.3333, 1.5, 1.6667, 1.8333, 2.0, 2.1667, 2.3333],
            "transform": [
                [1.0, 0.0, -0.0, -0.0, -0.0, 1e-06, -1.0, 0.37472, -0.0, 1.0, 1e-06, 0.0, 0.0, 0.0, 0.0, 1.0],
                [1.0, 0.0, -0.0, -0.0, -0.0, 1e-06, -1.0, 0.37472, -0.0, 1.0, 1e-06, -0.0, 0.0, 0.0, 0.0, 1.0],
                [1.0, 0.0, -0.0, -0.0, -0.0, 1e-06, -1.0, 0.37472, -0.0, 1.0, 1e-06, -0.0, 0.0, 0.0, 0.0, 1.0],
                [1.0, 0.0, -0.0, 0.0, -0.0, 1e-06, -1.0, 0.37472, -0.0, 1.0, 1e-06, 0.0, 0.0, 0.0, 0.0, 1.0],
                [1.0, 0.0, -0.0, -0.0, -0.0, 1e-06, -1.0, 0.37472, -0.0, 1.0, 1e-06, 0.0, 0.0, 0.0, 0.0, 1.0],
                [1.0, -0.0, -0.0, -0.0, -0.0, 1e-06, -1.0, 0.37472, -0.0, 1.0, 1e-06, -0.0, 0.0, 0.0, 0.0, 1.0],
                [1.0, 0.0, -0.0, -0.0, -0.0, 1e-06, -1.0, 0.374721, 0.0, 1.0, 1e-06, 0.0, 0.0, 0.0, 0.0, 1.0],
                [1.0, 0.0, -0.0, -0.0, -0.0, 1e-06, -1.0, 0.37472, -0.0, 1.0, 1e-06, 0.0, 0.0, 0.0, 0.0, 1.0],
                [1.0, 0.0, -0.0, 0.0, -0.0, 1e-06, -1.0, 0.37472, 0.0, 1.0, 1e-06, 0.0, 0.0, 0.0, 0.0, 1.0],
                [1.0, 0.0, -0.0, 0.0, -0.0, 1e-06, -1.0, 0.37472, -0.0, 1.0, 1e-06, -0.0, 0.0, 0.0, 0.0, 1.0],
                [1.0, 0.0, -0.0, -0.0, -0.0, 1e-06, -1.0, 0.37472, -0.0, 1.0, 1e-06, -0.0, 0.0, 0.0, 0.0, 1.0],
                [1.0, 0.0, -0.0, 0.0, -0.0, 1e-06, -1.0, 0.37472, -0.0, 1.0, 1e-06, -0.0, 0.0, 0.0, 0.0, 1.0],
                [1.0, 0.0, -0.0, 0.0, -0.0, 1e-06, -1.0, 0.37472, -0.0, 1.0, 1e-06, -0.0, 0.0, 0.0, 0.0, 1.0],
                [1.0, 0.0, -0.0, 0.0, -0.0, 1e-06, -1.0, 0.37472, -0.0, 1.0, 1e-06, -0.0, 0.0, 0.0, 0.0, 1.0],
                [1.0, 0.0, -0.0, 0.0, -0.0, 1e-06, -1.0, 0.37472, -0.0, 1.0, 1e-06, 0.0, 0.0, 0.0, 0.0, 1.0]
            ]
        },
        {
            "name": "Torso",
            "time": [0.0, 0.1667, 0.3333, 0.5, 0.6667, 0.8333, 1.0, 1.1667, 1.3333, 1.5, 1.6667, 1.8333, 2.0, 2.1667, 2.3333],
            "transform": [
                [0.701234, -0.067462, -0.709732, -0.0, 0.007342, 0.996143, -0.087433, 0.05, 0.712894, 0.0561, 0.699025, 0.0, 0.0, 0.0, 0.0, 1.0],
                [0.997016, 0.004592, -0.077056, -0.0, -0.068572, 0.511095, -0.856784, 0.05, 0.035449, 0.859512, 0.509885, -0.0, 0.0, 0.0, 0.0, 1.0],
                [0.935468, -0.222068, -0.274928, -0.0, 0.048326, 0.850998, -0.522942, 0.05, 0.350092, 0.475909, 0.806813, -0.0, 0.0, 0.0, 0.0, 1.0],
                [0.848827, -0.153523, -0.505888, -0.0, 0.009338, 0.961112, -0.276001, 0.05, 0.528588, 0.229553, 0.817252, -0.0, 0.0, 0.0, 0.0, 1.0],
                [0.739698, -0.024948, -0.672477, 0.0, -0.006053, 0.999025, -0.043721, 0.05, 0.672912, 0.036411, 0.738826, -0.0, 0.0, 0.0, 0.0, 1.0],
                [0.606451, 0.141993, -0.78234, 0.0, 0.01187, 0.982199, 0.187468, 0.05, 0.795033, -0.122976, 0.59397, -0.0, 0.0, 0.0, 0.0, 1.0],
                [0.412102, 0.387849, -0.824466, 0.0, 0.101618, 0.879666, 0.46461, 0.05, 0.905453, -0.275248, 0.323099, -0.0, 0.0, 0.0, 0.0, 1.0],
                [0.355113, 0.463393, -0.811888, -0.0, 0.18461, 0.816627, 0.546844, 0.05, 0.916414, -0.344074, 0.204448, -0.0, 0.0, 0.0, 0.0, 1.0],
                [0.397619, 0.405034, -0.823314, -0.0, 0.212817, 0.832116, 0.512144, 0.05, 0.892529, -0.378853, 0.244668, -0.0, 0.0, 0.0, 0.0, 1.0],
                [0.436107, 0.33217, -0.836345, -0.0, 0.195738, 0.872115, 0.448443, 0.05, 0.878349, -0.359274, 0.315317, -0.0, 0.0, 0.0, 0.0, 1.0],
                [0.484324, 0.195842, -0.852688, 0.0, 0.050926, 0.966661, 0.250945, 0.05, 0.873405, -0.164962, 0.458204, -0.0, 0.0, 0.0, 0.0, 1.0],
                [0.523279, 0.123621, -0.843147, -0.0, -0.023035, 0.991112, 0.131019, 0.05, 0.85185, -0.049137, 0.521476, -0.0, 0.0, 0.0, 0.0, 1.0],
                [0.573732, 0.058176, -0.816974, -0.0, -0.055308, 0.997949, 0.032222, 0.05, 0.817173, 0.026699, 0.575773, -0.0, 0.0, 0.0, 0.0, 1.0],
                [0.639005, -0.004925, -0.769187, 0.0, -0.031219, 0.99899, -0.032331, 0.05, 0.768569, 0.044673, 0.638206, -0.0, 0.0, 0.0, 0.0, 1.0],
                [0.701234, -0.067462, -0.709732, -0.0, 0.007342, 0.996143, -0.087433, 0.05, 0.712894, 0.0561, 0.699025, -0.0, 0.0, 0.0, 0.0, 1.0]
            ]
        },
        {
            "name": "Chest",
            "time": [0.0, 0.1667, 0.3333, 0.5, 0.6667, 0.8333, 1.0, 1.1667, 1.3333, 1.5, 1.6667, 1.8333, 2.0, 2.1667, 2.3333],
            "transform": [
                [0.961218, -0.076493, -0.264969, 0.0, 0.082781, 0.996488, 0.012627, 0.3, 0.263072, -0.034072, 0.964174, -0.0, 0.0, 0.0, 0.0, 1.0],
                [0.972835, 0.105459, 0.206085, 0.0, -0.200243, 0.830051, 0.520499, 0.3, -0.11617, -0.547626, 0.828619, -0.0, 0.0, 0.0, 0.0, 1.0],
                [0.800287, -0.075423, -0.594855, 0.0, 0.401649, 0.804035, 0.438413, 0.3, 0.445218, -0.589779, 0.673752, -0.0, 0.0, 0.0, 0.0, 1.0],
                [0.753182, -0.080911, -0.652817, 0.0, 0.435476, 0.805137, 0.402636, 0.3, 0.493029, -0.587545, 0.641649, 0.0, 0.0, 0.0, 0.0, 1.0],
                [0.754258, -0.077782, -0.651955, -0.0, 0.422751, 0.81728, 0.391581, 0.3, 0.502372, -0.570967, 0.649322, 0.0, 0.0, 0.0, 0.0, 1.0],
                [0.772816, -0.071118, -0.630632, -0.0, 0.392781, 0.834112, 0.387274, 0.3, 0.498476, -0.546992, 0.672549, -0.0, 0.0, 0.0, 0.0, 1.0],
                [0.811432, -0.060946, -0.58126, 0.0, 0.335403, 0.863033, 0.377728, 0.3, 0.478626, -0.501457, 0.720734, -0.0, 0.0, 0.0, 0.0, 1.0],
                [0.832004, -0.039884, -0.553333, -0.0, 0.280147, 0.891103, 0.357005, 0.3, 0.478838, -0.452045, 0.752575, -0.0, 0.0, 0.0, 0.0, 1.0],
                [0.854626, -0.000577, -0.519243, -0.0, 0.202925, 0.920842, 0.332973, 0.3, 0.477949, -0.389935, 0.787093, 0.0, 0.0, 0.0, 0.0, 1.0],
                [0.872761, 0.029183, -0.487275, -0.0, 0.128876, 0.94902, 0.287667, 0.3, 0.470828, -0.313862, 0.824507, -0.0, 0.0, 0.0, 0.0, 1.0],
                [0.90365, 0.012169, -0.428098, -0.0, 0.034207, 0.994352, 0.100471, 0.3, 0.426903, -0.105434, 0.89813, -0.0, 0.0, 0.0, 0.0, 1.0],
                [0.92041, -0.006644, -0.3909, 0.0, 0.033542, 0.997511, 0.062022, 0.3, 0.389515, -0.070198, 0.918341, 0.0, 0.0, 0.0, 0.0, 1.0],
                [0.935959, -0.028926, -0.350918, 0.0, 0.045973, 0.998128, 0.040342, 0.3, 0.349094, -0.053892, 0.935537, 0.0, 0.0, 0.0, 0.0, 1.0],
                [0.950265, -0.052838, -0.306927, -0.0, 0.064314, 0.997554, 0.027391, 0.3, 0.304729, -0.045769, 0.951339, 0.0, 0.0, 0.0, 0.0, 1.0],
                [0.961218, -0.076493, -0.264969, -0.0, 0.082781, 0.996488, 0.012627, 0.3, 0.263072, -0.034072, 0.964174, 0.0, 0.0, 0.0, 0.0, 1.0]
            ]
        },
        {
            "name": "Head",
            "time": [0.0, 0.1667, 0.3333, 0.5, 0.6667, 0.8333, 1.0, 1.1667, 1.3333, 1.5, 1.6667, 1.8333, 2.0, 2.1667, 2.3333],
            "transform": [
                [0.548037, 0.020703, 0.836198, -0.0, -0.120741, 0.991182, 0.054592, 0.4, -0.827694, -0.130882, 0.545704, 0.0, 0.0, 0.0, 0.0, 1.0],
                [0.921291, 0.1963, -0.335693, 0.0, -0.029502, 0.896036, 0.443001, 0.4, 0.387754, -0.398229, 0.8313, -0.0, 0.0, 0.0, 0.0, 1.0],
                [0.79493, 0.10918, 0.596797, -0.0, -0.229748, 0.964588, 0.129558, 0.4, -0.561518, -0.240102, 0.791864, -0.0, 0.0, 0.0, 0.0, 1.0],
                [0.63592, 0.207892, 0.743227, 0.0, -0.200784, 0.974439, -0.10077, 0.4, -0.745179, -0.085146, 0.661407, 0.0, 0.0, 0.0, 0.0, 1.0],
                [0.534684, 0.295234, 0.791801, -0.0, -0.14467, 0.955132, -0.258442, 0.4, -0.832576, 0.023635, 0.553406, -0.0, 0.0, 0.0, 0.0, 1.0],
                [0.454452, 0.377395, 0.806875, 0.0, -0.071962, 0.918409, -0.389032, 0.4, -0.88786, 0.118732, 0.444531, -0.0, 0.0, 0.0, 0.0, 1.0],
                [0.352978, 0.482222, 0.801791, -0.0, 0.049715, 0.846074, -0.530742, 0.4, -0.93431, 0.227201, 0.274671, 0.0, 0.0, 0.0, 0.0, 1.0],
                [0.245578, 0.524138, 0.815457, -0.0, 0.14693, 0.811372, -0.565762, 0.4, -0.958177, 0.258753, 0.122243, 0.0, 0.0, 0.0, 0.0, 1.0],
                [0.123228, 0.496733, 0.859111, 0.0, 0.210192, 0.833003, -0.511787, 0.399999, -0.969863, 0.243645, -0.00176, 0.0, 0.0, 0.0, 0.0, 1.0],
                [0.063323, 0.444227, 0.893674, -0.0, 0.175809, 0.876501, -0.448148, 0.4, -0.982386, 0.185494, -0.022596, 0.0, 0.0, 0.0, 0.0, 1.0],
                [0.281779, 0.301194, 0.910979, -0.0, -0.196183, 0.947479, -0.252579, 0.4, -0.939209, -0.107547, 0.326069, 0.0, 0.0, 0.0, 0.0, 1.0],
                [0.363057, 0.236237, 0.901322, 0.0, -0.215438, 0.962397, -0.165465, 0.4, -0.906519, -0.134106, 0.400299, -0.0, 0.0, 0.0, 0.0, 1.0],
                [0.431813, 0.166526, 0.886458, 0.0, -0.193343, 0.977053, -0.089363, 0.4, -0.880997, -0.132802, 0.454101, 0.0, 0.0, 0.0, 0.0, 1.0],
                [0.492092, 0.092881, 0.865574, -0.0, -0.154025, 0.987895, -0.018441, 0.4, -0.856809, -0.124245, 0.500442, 0.0, 0.0, 0.0, 0.0, 1.0],
                [0.548037, 0.020703, 0.836198, 0.0, -0.120741, 0.991182, 0.054592, 0.4, -0.827694, -0.130882, 0.545704, 0.0, 0.0, 0.0, 0.0, 1.0]
            ]
        },
        {
            "name": "Shoulder_R",
            "time": [0.0, 0.1667, 0.3333, 0.5, 0.6667, 0.8333, 1.0, 1.1667, 1.3333, 1.5, 1.6667, 1.8333, 2.0, 2.1667, 2.3333],
            "transform": [
                [0.292909, 0.909182, -0.295961, -0.0, 0.747623, -0.410742, -0.521872, 0.4, -0.59604, -0.068406, -0.800035, 0.0, 0.0, 0.0, 0.0, 1.0],
                [0.159141, 0.765848, -0.623018, 0.0, 0.715523, -0.524274, -0.461697, 0.4, -0.680222, -0.372309, -0.631415, -0.0, 0.0, 0.0, 0.0, 1.0],
                [0.163625, 0.816365, -0.553872, -0.0, 0.681743, -0.499379, -0.534646, 0.4, -0.713059, -0.290117, -0.638262, -0.0, 0.0, 0.0, 0.0, 1.0],
                [0.183346, 0.840631, -0.509632, 0.0, 0.658541, -0.489932, -0.571219, 0.4, -0.729868, -0.230883, -0.643417, 0.0, 0.0, 0.0, 0.0, 1.0],
                [0.204326, 0.859126, -0.469204, -0.0, 0.644028, -0.478952, -0.596517, 0.4, -0.73721, -0.180297, -0.651164, -0.0, 0.0, 0.0, 0.0, 1.0],
                [0.224171, 0.876355, -0.426321, 0.0, 0.634524, -0.463276, -0.618672, 0.4, -0.73968, -0.131823, -0.659921, -0.0, 0.0, 0.0, 0.0, 1.0],
                [0.238874, 0.900901, -0.362374, -0.0, 0.63059, -0.427701, -0.647633, 0.4, -0.738441, -0.073807, -0.670267, 0.0, 0.0, 0.0, 0.0, 1.0],
                [0.199534, 0.924877, -0.323708, -0.0, 0.651859, -0.371937, -0.660865, 0.4, -0.731618, -0.079147, -0.677104, 0.0, 0.0, 0.0, 0.0, 1.0],
                [0.125181, 0.943916, -0.305536, 0.0, 0.679752, -0.305918, -0.666596, 0.399999, -0.72268, -0.124243, -0.679924, 0.0, 0.0, 0.0, 0.0, 1.0],
                [0.083231, 0.951119, -0.297398, -0.0, 0.677382, -0.272884, -0.683146, 0.4, -0.730908, -0.144593, -0.666983, 0.0, 0.0, 0.0, 0.0, 1.0],
                [0.137621, 0.945801, -0.294143, -0.0, 0.540459, -0.320569, -0.777907, 0.4, -0.830039, -0.051916, -0.555284, 0.0, 0.0, 0.0, 0.0, 1.0],
                [0.178752, 0.938112, -0.296636, 0.0, 0.576338, -0.344187, -0.741195, 0.4, -0.797422, -0.038473, -0.602194, -0.0, 0.0, 0.0, 0.0, 1.0],
                [0.217846, 0.929835, -0.296562, 0.0, 0.63508, -0.365781, -0.680351, 0.4, -0.741091, -0.040129, -0.670204, 0.0, 0.0, 0.0, 0.0, 1.0],
                [0.257677, 0.920246, -0.294532, -0.0, 0.697867, -0.388077, -0.601978, 0.4, -0.668269, -0.050428, -0.742208, 0.0, 0.0, 0.0, 0.0, 1.0],
                [0.292909, 0.909182, -0.295961, 0.0, 0.747624, -0.410742, -0.521872, 0.4, -0.59604, -0.068406, -0.800036, 0.0, 0.0, 0.0, 0.0, 1.0]
            ]
        },
        {
            "name": "Arm_R",
            "time": [0.0, 0.1667, 0.3333, 0.5, 0.6667, 0.8333, 1.0, 1.1667, 1.3333, 1.5, 1.6667, 1.8333, 2.0, 2.1667, 2.3333],
            "transform": [
                [0.386234, -0.818537, 0.42523, -0.0, 0.755358, 0.545258, 0.363494, 0.393861, -0.529393, 0.180807, 0.828886, 0.0, 0.0, 0.0, 0.0, 1.0],
                [0.957082, -0.258236, -0.131563, -0.0, 0.231936, 0.410272, 0.881976, 0.39386, -0.173781, -0.874638, 0.452558, -0.0, 0.0, 0.0, 0.0, 1.0],
                [0.813136, -0.368128, 0.450878, -0.0, 0.026447, 0.797173, 0.603172, 0.39386, -0.581472, -0.478537, 0.657946, -0.0, 0.0, 0.0, 0.0, 1.0],
                [0.738146, -0.448237, 0.504207, 0.0, 0.2096, 0.862754, 0.460134, 0.393861, -0.641256, -0.233964, 0.730789, 0.0, 0.0, 0.0, 0.0, 1.0],
                [0.693416, -0.506691, 0.512288, -0.0, 0.373099, 0.860734, 0.346315, 0.393861, -0.616418, -0.049006, 0.785892, -0.0, 0.0, 0.0, 0.0, 1.0],
                [0.649935, -0.565755, 0.50745, 0.0, 0.526815, 0.816638, 0.235731, 0.39386, -0.547769, 0.114122, 0.82881, 0.0, 0.0, 0.0, 0.0, 1.0],
                [0.568036, -0.655448, 0.497717, 0.0, 0.713624, 0.693519, 0.098856, 0.393861, -0.409971, 0.299029, 0.861687, 0.0, 0.0, 0.0, 0.0, 1.0],
                [0.492497, -0.733421, 0.468551, 0.0, 0.79701, 0.596336, 0.0957, 0.393861, -0.349602, 0.326308, 0.878238, -0.0, 0.0, 0.0, 0.0, 1.0],
                [0.446734, -0.802374, 0.395758, 0.0, 0.814253, 0.547926, 0.191752, 0.39386, -0.370703, 0.236585, 0.898113, 0.0, 0.0, 0.0, 0.0, 1.0],
                [0.427478, -0.820186, 0.380207, 0.0, 0.797424, 0.540231, 0.268822, 0.39386, -0.425883, 0.18827, 0.884973, -0.0, 0.0, 0.0, 0.0, 1.0],
                [0.417322, -0.720871, 0.553343, -0.0, 0.68775, 0.648535, 0.326194, 0.39386, -0.594006, 0.244433, 0.766427, -0.0, 0.0, 0.0, 0.0, 1.0],
                [0.417534, -0.700536, 0.578718, -0.0, 0.656102, 0.673053, 0.341363, 0.393861, -0.628645, 0.237167, 0.740646, 0.0, 0.0, 0.0, 0.0, 1.0],
                [0.419291, -0.714643, 0.559893, 0.0, 0.659307, 0.663666, 0.353358, 0.39386, -0.624107, 0.220982, 0.749438, -0.0, 0.0, 0.0, 0.0, 1.0],
                [0.41119, -0.76595, 0.49421, -0.0, 0.706692, 0.610314, 0.357916, 0.39386, -0.575769, 0.202083, 0.792245, 0.0, 0.0, 0.0, 0.0, 1.0],
                [0.386234, -0.818537, 0.42523, 0.0, 0.755358, 0.545258, 0.363494, 0.393861, -0.529393, 0.180808, 0.828886, 0.0, 0.0, 0.0, 0.0, 1.0]
            ]
        },
        {
            "name": "Hand_R",
            "time": [0.0, 0.1667, 0.3333, 0.5, 0.6667, 0.8333, 1.0, 1.1667, 1.3333, 1.5, 1.6667, 1.8333, 2.0, 2.1667, 2.3333],
            "transform": [
                [1.0, 2e-06, -0.0, 0.0, -1e-06, 0.766168, -0.64264, 0.3, -1e-06, 0.64264, 0.766168, 0.0, 0.0, 0.0, 0.0, 1.0],
                [1.0, 2e-06, 0.0, -0.0, -2e-06, 0.950228, -0.311555, 0.3, -1e-06, 0.311555, 0.950228, 0.0, 0.0, 0.0, 0.0, 1.0],
                [1.0, 2e-06, -0.0, 0.0, -1e-06, 0.779251, -0.626712, 0.3, -1e-06, 0.626712, 0.779251, -0.0, 0.0, 0.0, 0.0, 1.0],
                [1.0, 2e-06, -0.0, -0.0, -1e-06, 0.787089, -0.616839, 0.3, -1e-06, 0.616839, 0.787089, 0.0, 0.0, 0.0, 0.0, 1.0],
                [1.0, 2e-06, -0.0, 0.0, -1e-06, 0.813424, -0.581672, 0.3, -1e-06, 0.581672, 0.813423, 0.0, 0.0, 0.0, 0.0, 1.0],
                [1.0, 2e-06, -0.0, 0.0, -2e-06, 0.844962, -0.534826, 0.3, -1e-06, 0.534826, 0.844962, -0.0, 0.0, 0.0, 0.0, 1.0],
                [1.0, 2e-06, 0.0, 0.0, -2e-06, 0.884976, -0.465636, 0.300001, -1e-06, 0.465636, 0.884976, -0.0, 0.0, 0.0, 0.0, 1.0],
                [1.0, 2e-06, 0.0, -0.0, -2e-06, 0.896583, -0.442877, 0.3, -1e-06, 0.442877, 0.896582, -0.0, 0.0, 0.0, 0.0, 1.0],
                [1.0, 2e-06, -0.0, -0.0, -2e-06, 0.895218, -0.445628, 0.3, -1e-06, 0.445628, 0.895218, 0.0, 0.0, 0.0, 0.0, 1.0],
                [1.0, 2e-06, -0.0, 0.0, -2e-06, 0.887016, -0.461738, 0.3, -1e-06, 0.461738, 0.887016, 0.0, 0.0, 0.0, 0.0, 1.0],
                [1.0, 2e-06, 0.0, -0.0, -1e-06, 0.855254, -0.518209, 0.3, -1e-06, 0.518209, 0.855254, 0.0, 0.0, 0.0, 0.0, 1.0],
                [1.0, 2e-06, 0.0, -0.0, -1e-06, 0.834528, -0.550966, 0.3, -1e-06, 0.550966, 0.834528, 0.0, 0.0, 0.0, 0.0, 1.0],
                [1.0, 2e-06, -0.0, 0.0, -1e-06, 0.813573, -0.581463, 0.3, -1e-06, 0.581463, 0.813573, 0.0, 0.0, 0.0, 0.0, 1.0],
                [1.0, 2e-06, -0.0, 0.0, -1e-06, 0.79062, -0.612307, 0.3, -1e-06, 0.612307, 0.79062, 0.0, 0.0, 0.0, 0.0, 1.0],
                [1.0, 2e-06, -0.0, -0.0, -1e-06, 0.766168, -0.642641, 0.3, -1e-06, 0.64264, 0.766168, -0.0, 0.0, 0.0, 0.0, 1.0]
            ]
        },
        {
            "name": "Tool_R",
            "time": [0.0, 0.1667, 0.3333, 0.5, 0.6667, 0.8333, 1.0, 1.1667, 1.3333, 1.5, 1.6667, 1.8333, 2.0, 2.1667, 2.3333],
            "transform": [
                [-0.954634, -0.123254, -0.271077, 0.0, 0.262864, 0.07893, -0.961599, 0.272858, 0.139837, -0.988645, -0.042935, -0.0, 0.0, 0.0, 0.0, 1.0],
                [-0.854816, 0.05324, -0.516193, -0.0, 0.499708, 0.352689, -0.79114, 0.272858, 0.139858, -0.933668, -0.327903, 0.0, 0.0, 0.0, 0.0, 1.0],
                [-0.738173, 0.611271, -0.285391, -1e-06, 0.59647, 0.393756, -0.699413, 0.272858, -0.314963, -0.686105, -0.654885, -0.0, 0.0, 0.0, 0.0, 1.0],
                [-0.733968, 0.627711, -0.259363, 0.0, 0.585928, 0.39208, -0.709197, 0.272858, -0.343271, -0.672094, -0.655188, 0.0, 0.0, 0.0, 0.0, 1.0],
                [-0.753209, 0.603118, -0.262535, 1e-06, 0.566987, 0.39295, -0.723958, 0.272858, -0.333266, -0.693731, -0.637564, -0.0, 0.0, 0.0, 0.0, 1.0],
                [-0.779285, 0.563985, -0.273197, -0.0, 0.541761, 0.387191, -0.746042, 0.272856, -0.314785, -0.728951, -0.606925, 0.0, 0.0, 0.0, 0.0, 1.0],
                [-0.81168, 0.512393, -0.280406, -1e-06, 0.493402, 0.344536, -0.798654, 0.272858, -0.312425, -0.786135, -0.532163, -0.0, 0.0, 0.0, 0.0, 1.0],
                [-0.800387, 0.544001, -0.251882, 1e-06, 0.421811, 0.21249, -0.881433, 0.27286, -0.425721, -0.811251, -0.399312, 1e-06, 0.0, 0.0, 0.0, 1.0],
                [-0.75637, 0.614618, -0.223941, -0.0, 0.296297, 0.01669, -0.95495, 0.272857, -0.582843, -0.788181, -0.194628, -1e-06, 0.0, 0.0, 0.0, 1.0],
                [-0.757242, 0.614893, -0.220204, -1e-06, 0.213308, -0.085833, -0.973207, 0.272855, -0.616951, -0.783462, -0.066137, -1e-06, 0.0, 0.0, 0.0, 1.0],
                [-0.876277, 0.421401, -0.233581, 0.0, 0.230165, -0.059781, -0.971314, 0.272858, -0.423024, -0.904367, -0.044591, 1e-06, 0.0, 0.0, 0.0, 1.0],
                [-0.926262, 0.284782, -0.246859, -0.0, 0.254166, -0.011626, -0.967091, 0.272857, -0.278112, -0.957955, -0.061587, 1e-06, 0.0, 0.0, 0.0, 1.0],
                [-0.954208, 0.153537, -0.256737, -0.0, 0.262933, 0.021166, -0.964582, 0.272858, -0.142578, -0.987331, -0.060541, -1e-06, 0.0, 0.0, 0.0, 1.0],
                [-0.964258, 0.01613, -0.264473, -1e-06, 0.264954, 0.04986, -0.962971, 0.272858, -0.002342, -0.998034, -0.052331, 1e-06, 0.0, 0.0, 0.0, 1.0],
                [-0.954634, -0.123255, -0.271078, -1e-06, 0.262864, 0.078933, -0.961599, 0.272858, 0.139838, -0.988644, -0.042937, 0.0, 0.0, 0.0, 0.0, 1.0]
            ]
        },
        {
            "name": "Elbow_R",
            "time": [0.0, 0.1667, 0.3333, 0.5, 0.6667, 0.8333, 1.0, 1.1667, 1.3333, 1.5, 1.6667, 1.8333, 2.0, 2.1667, 2.3333],
            "transform": [
                [-1.0, 0.0, 0.0, 0.0, 0.0, -0.0, -1.0, 0.3, -0.0, -1.0, 0.0, 0.0, 0.0, 0.0, 0.0, 1.0],
                [-1.0, 0.0, -0.0, -0.0, 0.0, 0.0, -1.0, 0.3, -0.0, -1.0, 0.0, 0.0, 0.0, 0.0, 0.0, 1.0],
                [-1.0, 0.0, -0.0, 0.0, -0.0, -0.0, -1.0, 0.3, -0.0, -1.0, 0.0, -0.0, 0.0, 0.0, 0.0, 1.0],
                [-1.0, 0.0, -0.0, -0.0, 0.0, -0.0, -1.0, 0.3, -0.0, -1.0, 0.0, 0.0, 0.0, 0.0, 0.0, 1.0],
                [-1.0, 0.0, -0.0, 0.0, 0.0, -0.0, -1.0, 0.3, -0.0, -1.0, 0.0, 0.0, 0.0, 0.0, 0.0, 1.0],
                [-1.0, 0.0, 0.0, 0.0, 0.0, -0.0, -1.0, 0.3, -0.0, -1.0, 0.0, -0.0, 0.0, 0.0, 0.0, 1.0],
                [-1.0, 0.0, -0.0, 0.0, 0.0, 0.0, -1.0, 0.300001, -0.0, -1.0, 0.0, -0.0, 0.0, 0.0, 0.0, 1.0],
                [-1.0, 0.0, -0.0, -0.0, 0.0, -0.0, -1.0, 0.3, -0.0, -1.0, 0.0, -0.0, 0.0, 0.0, 0.0, 1.0],
                [-1.0, 0.0, -0.0, -0.0, 0.0, -0.0, -1.0, 0.3, -0.0, -1.0, 0.0, 0.0, 0.0, 0.0, 0.0, 1.0],
                [-1.0, 0.0, -0.0, 0.0, 0.0, 0.0, -1.0, 0.3, -0.0, -1.0, 0.0, 0.0, 0.0, 0.0, 0.0, 1.0],
                [-1.0, 0.0, -0.0, -0.0, -0.0, -0.0, -1.0, 0.3, -0.0, -1.0, 0.0, 0.0, 0.0, 0.0, 0.0, 1.0],
                [-1.0, 0.0, 0.0, -0.0, 0.0, -0.0, -1.0, 0.3, -0.0, -1.0, 0.0, 0.0, 0.0, 0.0, 0.0, 1.0],
                [-1.0, 0.0, -0.0, 0.0, 0.0, -0.0, -1.0, 0.3, -0.0, -1.0, 0.0, 0.0, 0.0, 0.0, 0.0, 1.0],
                [-1.0, 0.0, -0.0, 0.0, 0.0, -0.0, -1.0, 0.3, -0.0, -1.0, 0.0, 0.0, 0.0, 0.0, 0.0, 1.0],
                [-1.0, 0.0, -0.0, -0.0, -0.0, -0.0, -1.0, 0.3, -0.0, -1.0, 0.0, -0.0, 0.0, 0.0, 0.0, 1.0]
            ]
        },
        {
            "name": "Shoulder_L",
            "time": [0.0, 0.1667, 0.3333, 0.5, 0.6667, 0.8333, 1.0, 1.1667, 1.3333, 1.5, 1.6667, 1.8333, 2.0, 2.1667, 2.3333],
            "transform": [
                [0.326658, -0.942255, 0.073826, -0.0, -0.863646, -0.329311, -0.381668, 0.4, 0.38394, 0.060915, -0.921346, 0.0, 0.0, 0.0, 0.0, 1.0],
                [0.221907, -0.967539, 0.120932, 0.0, -0.8962, -0.251247, -0.36565, 0.4, 0.384165, -0.027239, -0.922863, -0.0, 0.0, 0.0, 0.0, 1.0],
                [-0.167966, -0.758968, -0.62909, -0.0, -0.941015, 0.313593, -0.127085, 0.4, 0.293732, 0.570637, -0.766873, -0.0, 0.0, 0.0, 0.0, 1.0],
                [-0.183569, -0.797928, -0.57412, 0.0, -0.930823, 0.328859, -0.159437, 0.4, 0.316024, 0.505136, -0.803098, 0.0, 0.0, 0.0, 0.0, 1.0],
                [-0.163673, -0.880412, -0.445068, -0.0, -0.926894, 0.291704, -0.236171, 0.4, 0.337756, 0.373877, -0.863793, -0.0, 0.0, 0.0, 0.0, 1.0],
                [-0.132163, -0.94135, -0.310474, 0.0, -0.92285, 0.231173, -0.308071, 0.4, 0.361776, 0.245805, -0.899276, -0.0, 0.0, 0.0, 0.0, 1.0],
                [-0.068028, -0.99505, -0.072446, -0.0, -0.9135, 0.091317, -0.396457, 0.4, 0.40111, 0.039209, -0.91519, 0.0, 0.0, 0.0, 0.0, 1.0],
                [0.013162, -0.997791, -0.065118, -0.0, -0.922014, 0.01309, -0.386936, 0.4, 0.386933, 0.065132, -0.919805, 0.0, 0.0, 0.0, 0.0, 1.0],
                [0.118509, -0.980474, -0.156927, 0.0, -0.934906, -0.056935, -0.350298, 0.399999, 0.334523, 0.188226, -0.923399, 0.0, 0.0, 0.0, 0.0, 1.0],
                [0.193502, -0.961378, -0.195726, -0.0, -0.925306, -0.112512, -0.362148, 0.4, 0.326139, 0.251183, -0.91134, 0.0, 0.0, 0.0, 0.0, 1.0],
                [0.252607, -0.9594, -0.125465, -0.0, -0.812261, -0.139809, -0.566291, 0.4, 0.525759, 0.24496, -0.8146, 0.0, 0.0, 0.0, 0.0, 1.0],
                [0.272246, -0.959145, -0.076965, 0.0, -0.812888, -0.186456, -0.551768, 0.4, 0.514874, 0.21278, -0.830439, -0.0, 0.0, 0.0, 0.0, 1.0],
                [0.289272, -0.95693, -0.024628, 0.0, -0.829613, -0.237784, -0.505175, 0.4, 0.477561, 0.166564, -0.862666, 0.0, 0.0, 0.0, 0.0, 1.0],
                [0.307069, -0.951311, 0.02676, -0.0, -0.849842, -0.286755, -0.442198, 0.4, 0.428342, 0.113044, -0.896518, 0.0, 0.0, 0.0, 0.0, 1.0],
                [0.326658, -0.942254, 0.07383, 0.0, -0.863648, -0.329312, -0.381663, 0.4, 0.383937, 0.06091, -0.921348, 0.0, 0.0, 0.0, 0.0, 1.0]
            ]
        },
        {
            "name": "Arm_L",
            "time": [0.0, 0.1667, 0.3333, 0.5, 0.6667, 0.8333, 1.0, 1.1667, 1.3333, 1.5, 1.6667, 1.8333, 2.0, 2.1667, 2.3333],
            "transform": [
                [0.589829, 0.802068, -0.093744, 0.0, -0.801622, 0.595571, 0.051939, 0.393861, 0.09749, 0.044512, 0.994241, -0.0, 0.0, 0.0, 0.0, 1.0],
                [0.99653, 0.077587, -0.030138, 0.0, -0.074064, 0.991786, 0.104283, 0.39386, 0.037982, -0.101689, 0.994091, 0.0, 0.0, 0.0, 0.0, 1.0],
                [0.82229, 0.568034, 0.034316, 0.0, -0.567394, 0.813753, 0.125979, 0.39386, 0.043636, -0.123062, 0.991439, 0.0, 0.0, 0.0, 0.0, 1.0],
                [0.820603, 0.566927, -0.072148, -0.0, -0.564335, 0.823759, 0.054285, 0.39386, 0.090208, -0.003831, 0.995916, -0.0, 0.0, 0.0, 0.0, 1.0],
                [0.838947, 0.51003, -0.189836, 0.0, -0.521322, 0.853284, -0.011385, 0.39386, 0.156177, 0.108517, 0.98175, 0.0, 0.0, 0.0, 0.0, 1.0],
                [0.858678, 0.421173, -0.292038, 0.0, -0.465673, 0.879135, -0.101339, 0.39386, 0.214059, 0.223012, 0.951023, 0.0, 0.0, 0.0, 0.0, 1.0],
                [0.88656, 0.234376, -0.398847, -0.0, -0.351648, 0.901626, -0.25182, 0.39386, 0.300591, 0.363507, 0.881764, -0.0, 0.0, 0.0, 0.0, 1.0],
                [0.855134, 0.22208, -0.46843, 0.0, -0.373677, 0.890361, -0.260043, 0.39386, 0.359321, 0.397414, 0.844364, -0.0, 0.0, 0.0, 0.0, 1.0],
                [0.806397, 0.293319, -0.513506, 0.0, -0.451054, 0.866635, -0.213295, 0.39386, 0.382458, 0.403619, 0.831154, 0.0, 0.0, 0.0, 0.0, 1.0],
                [0.76423, 0.388559, -0.514757, -0.0, -0.53542, 0.827195, -0.170508, 0.393861, 0.359552, 0.405919, 0.84021, 0.0, 0.0, 0.0, 0.0, 1.0],
                [0.660492, 0.557814, -0.502587, -0.0, -0.689645, 0.715382, -0.11233, 0.393861, 0.296882, 0.4208, 0.857198, -0.0, 0.0, 0.0, 0.0, 1.0],
                [0.650607, 0.631558, -0.421716, 0.0, -0.721528, 0.687287, -0.083871, 0.39386, 0.23687, 0.358847, 0.902841, -0.0, 0.0, 0.0, 0.0, 1.0],
                [0.640421, 0.699294, -0.317567, -0.0, -0.747276, 0.662818, -0.047443, 0.39386, 0.177313, 0.267693, 0.947048, 0.0, 0.0, 0.0, 0.0, 1.0],
                [0.620943, 0.757073, -0.203148, 0.0, -0.773438, 0.633869, -0.001848, 0.393861, 0.12737, 0.15827, 0.979146, -0.0, 0.0, 0.0, 0.0, 1.0],
                [0.589829, 0.802068, -0.093743, -0.0, -0.801621, 0.595571, 0.05194, 0.39386, 0.09749, 0.044511, 0.994241, -0.0, 0.0, 0.0, 0.0, 1.0]
            ]
        },
        {
            "name": "Hand_L",
            "time": [0.0, 0.1667, 0.3333, 0.5, 0.6667, 0.8333, 1.0, 1.1667, 1.3333, 1.5, 1.6667, 1.8333, 2.0, 2.1667, 2.3333],
            "transform": [
                [1.0, -1e-06, 0.0, -0.0, 1e-06, 0.85298, -0.521944, 0.3, 0.0, 0.521944, 0.85298, -0.0, 0.0, 0.0, 0.0, 1.0],
                [1.0, -1e-06, 0.0, -0.0, 1e-06, 0.904744, -0.425957, 0.3, 0.0, 0.425957, 0.904744, 0.0, 0.0, 0.0, 0.0, 1.0],
                [1.0, -0.0, 0.0, -0.0, 0.0, 0.701821, -0.712354, 0.3, 0.0, 0.712354, 0.701821, -0.0, 0.0, 0.0, 0.0, 1.0],
                [1.0, -1e-06, 0.0, 0.0, 1e-06, 0.763531, -0.645772, 0.3, 0.0, 0.645772, 0.763531, -0.0, 0.0, 0.0, 0.0, 1.0],
                [1.0, -1e-06, 0.0, -0.0, 1e-06, 0.807412, -0.589989, 0.3, 0.0, 0.589989, 0.807412, 0.0, 0.0, 0.0, 0.0, 1.0],
