{
    "animation": [
        {
            "name": "Root",
            "time": [0.0, 0.2, 0.2333, 0.2667, 0.3, 0.3333, 0.3667, 0.4, 0.4333, 0.4667, 0.5, 0.5333, 0.5667, 0.6667, 0.7667, 1.0, 1.3333, 1.6667, 2.0, 2.3333, 2.6667],
            "transform": [
                [1.0, -0.0, 0.0, -2.2e-05, 0.0, -0.0, -1.0, 4.1e-05, 0.0, 1.0, -0.0, 0.628877, 0.0, 0.0, 0.0, 1.0],
                [1.0, -0.0, 0.0, -0.003324, 0.0, -0.0, -1.0, 0.581352, 0.0, 1.0, -0.0, 0.628877, 0.0, 0.0, 0.0, 1.0],
                [1.0, -0.0, 0.0, -0.009842, 0.0, -0.0, -1.0, 1.400041, 0.0, 1.0, -0.0, 0.542934, 0.0, 0.0, 0.0, 1.0],
                [1.0, -0.0, 0.0, -0.017476, 0.0, -0.0, -1.0, 2.358972, 0.0, 1.0, -0.0, 0.572036, 0.0, 0.0, 0.0, 1.0],
                [1.0, -0.0, 0.0, -0.026409, 0.0, -0.0, -1.0, 3.399185, 0.0, 1.0, -0.0, 0.600457, 0.0, 0.0, 0.0, 1.0],
                [1.0, -0.0, 0.0, -0.039196, 0.0, -0.0, -1.0, 4.289585, 0.0, 1.0, -0.0, 0.625391, 0.0, 0.0, 0.0, 1.0],
                [1.0, -0.0, 0.0, -0.055619, 0.0, -0.0, -1.0, 5.035885, 0.0, 1.0, -0.0, 0.628877, 0.0, 0.0, 0.0, 1.0],
                [1.0, -0.0, 0.0, -0.073456, 0.0, -0.0, -1.0, 5.791385, 0.0, 1.0, -0.0, 0.628877, 0.0, 0.0, 0.0, 1.0],
                [1.0, -0.0, 0.0, -0.092248, 0.0, -0.0, -1.0, 6.54636, 0.0, 1.0, -0.0, 0.628877, 0.0, 0.0, 0.0, 1.0],
                [1.0, -0.0, 0.0, -0.111539, 0.0, -0.0, -1.0, 7.291096, 0.0, 1.0, -0.0, 0.628877, 0.0, 0.0, 0.0, 1.0],
                [1.0, -0.0, 0.0, -0.130872, 0.0, -0.0, -1.0, 8.015863, 0.0, 1.0, -0.0, 0.628877, 0.0, 0.0, 0.0, 1.0],
                [1.0, -0.0, 0.0, -0.149791, 0.0, -0.0, -1.0, 8.710949, 0.0, 1.0, -0.0, 0.628877, 0.0, 0.0, 0.0, 1.0],
                [1.0, -0.0, 0.0, -0.167839, 0.0, -0.0, -1.0, 9.366631, 0.0, 1.0, -0.0, 0.628877, 0.0, 0.0, 0.0, 1.0],
                [1.0, -0.0, 0.0, -0.212188, 0.0, -0.0, -1.0, 11.000041, 0.0, 1.0, -0.0, 0.445328, 0.0, 0.0, 0.0, 1.0],
                [1.0, -0.0, 0.0, -0.234086, 0.0, -0.0, -1.0, 11.833424, 0.0, 1.0, -0.0, 0.397961, 0.0, 0.0, 0.0, 1.0],
                [1.0, -0.0, 0.0, -0.248539, 0.0, -0.0, -1.0, 12.420487, 0.0, 1.0, -0.0, 0.355425, 0.0, 0.0, 0.0, 1.0],
                [1.0, -0.0, 0.0, -0.257726, 0.0, -0.0, -1.0, 12.840096, 0.0, 1.0, -0.0, 0.32312, 0.0, 0.0, 0.0, 1.0],
                [1.0, -0.0, 0.0, -0.257745, 0.0, -0.0, -1.0, 12.969085, 0.0, 1.0, -0.0, 0.31881, 0.0, 0.0, 0.0, 1.0],
                [1.0, -0.0, 0.0, -0.244223, 0.0, -0.0, -1.0, 13.116523, 0.0, 1.0, -0.0, 0.44045, 0.0, 0.0, 0.0, 1.0],
                [1.0, -0.0, 0.0, -0.228837, 0.0, -0.0, -1.0, 13.134381, 0.0, 1.0, -0.0, 0.557258, 0.0, 0.0, 0.0, 1.0],
                [1.0, -0.0, 0.0, -0.212188, 0.0, -0.0, -1.0, 13.008948, 0.0, 1.0, -0.0, 0.557258, 0.0, 0.0, 0.0, 1.0]
            ]
        },
        {
            "name": "Thigh_R",
            "time": [0.0, 0.2, 0.2333, 0.2667, 0.3, 0.3333, 0.3667, 0.4, 0.4333, 0.4667, 0.5, 0.5333, 0.5667, 0.6667, 0.7667, 1.0, 1.3333, 1.6667, 2.0, 2.3333, 2.6667],
            "transform": [
                [0.589238, 0.231015, 0.774229, 0.124994, 0.263975, -0.96071, 0.085755, -0.002831, 0.76362, 0.153847, -0.627069, -1.2e-05, 0.0, 0.0, 0.0, 1.0],
                [0.258867, 0.964466, 0.052841, 0.124994, 0.705207, -0.226097, 0.671984, -0.002831, 0.660053, -0.136691, -0.738678, -1.2e-05, 0.0, 0.0, 0.0, 1.0],
                [0.51274, 0.857566, -0.040956, 0.124994, 0.742613, -0.419059, 0.522413, -0.002831, 0.430841, -0.298277, -0.851708, -1.2e-05, 0.0, 0.0, 0.0, 1.0],
                [0.72166, 0.675736, -0.150296, 0.124994, 0.676612, -0.642648, 0.359444, -0.002831, 0.146301, -0.361089, -0.920983, -1.2e-05, 0.0, 0.0, 0.0, 1.0],
                [0.842015, 0.458931, -0.283537, 0.124994, 0.523248, -0.822672, 0.22231, -0.002831, -0.131233, -0.335548, -0.932837, -1.2e-05, 0.0, 0.0, 0.0, 1.0],
                [0.882505, 0.326012, -0.33897, 0.124994, 0.407425, -0.889987, 0.204765, -0.002831, -0.234923, -0.318811, -0.918243, -1.2e-05, 0.0, 0.0, 0.0, 1.0],
                [0.913056, 0.28922, -0.287543, 0.124994, 0.370797, -0.882276, 0.289996, -0.002831, -0.16982, -0.371403, -0.912809, -1.2e-05, 0.0, 0.0, 0.0, 1.0],
                [0.939223, 0.286494, -0.189158, 0.124994, 0.340353, -0.84918, 0.403799, -0.002831, -0.044943, -0.443637, -0.895079, -1.3e-05, 0.0, 0.0, 0.0, 1.0],
                [0.94812, 0.310645, -0.067591, 0.124994, 0.298238, -0.795469, 0.527526, -0.002831, 0.110107, -0.520316, -0.846846, -1.2e-05, 0.0, 0.0, 0.0, 1.0],
                [0.935511, 0.349717, 0.050169, 0.124994, 0.237651, -0.727982, 0.643089, -0.00283, 0.261421, -0.589695, -0.764146, -1.3e-05, 0.0, 0.0, 0.0, 1.0],
                [0.911174, 0.387608, 0.139724, 0.124994, 0.16599, -0.655709, 0.736541, -0.002831, 0.377107, -0.647925, -0.661803, -1.1e-05, 0.0, 0.0, 0.0, 1.0],
                [0.880568, 0.472934, -0.030569, 0.124994, 0.239633, -0.388673, 0.889668, -0.002831, 0.408873, -0.790739, -0.455583, -1.1e-05, 0.0, 0.0, 0.0, 1.0],
                [0.833936, 0.535822, -0.132082, 0.124994, 0.237142, -0.131822, 0.96249, -0.002831, 0.498312, -0.833977, -0.236998, -1.1e-05, 0.0, 0.0, 0.0, 1.0],
                [0.822679, 0.510082, 0.251029, 0.124993, -0.118897, -0.277422, 0.953362, -0.002831, 0.555935, -0.814158, -0.167582, -1.1e-05, 0.0, 0.0, 0.0, 1.0],
                [0.601845, 0.774545, 0.194585, 0.124993, 0.321343, -0.457928, 0.828879, -0.00283, 0.73111, -0.436328, -0.524496, -1.1e-05, 0.0, 0.0, 0.0, 1.0],
                [0.136621, 0.923483, 0.358487, 0.124994, 0.533085, -0.373552, 0.75913, -0.002831, 0.834958, 0.087391, -0.543331, -1.2e-05, 0.0, 0.0, 0.0, 1.0],
                [-0.167813, 0.912153, 0.373919, 0.124994, 0.647321, -0.184113, 0.739647, -0.00283, 0.743515, 0.366168, -0.559559, -1.2e-05, 0.0, 0.0, 0.0, 1.0],
                [0.174559, 0.84586, 0.504033, 0.124994, 0.769188, -0.436718, 0.466506, -0.00283, 0.614719, 0.306264, -0.726858, -1.1e-05, 0.0, 0.0, 0.0, 1.0],
                [0.351176, 0.740998, 0.572361, 0.124994, 0.590389, -0.649699, 0.478886, -0.002831, 0.726716, 0.169742, -0.665636, -1.1e-05, 0.0, 0.0, 0.0, 1.0],
                [0.486318, 0.505987, 0.712371, 0.124995, 0.410123, -0.85207, 0.325232, -0.00283, 0.771553, 0.133994, -0.621893, -1.2e-05, 0.0, 0.0, 0.0, 1.0],
                [0.589238, 0.231005, 0.774232, 0.124994, 0.263977, -0.960711, 0.085741, -0.00283, 0.763619, 0.153859, -0.627067, -1.1e-05, 0.0, 0.0, 0.0, 1.0]
            ]
        },
        {
            "name": "Leg_R",
            "time": [0.0, 0.2, 0.2333, 0.2667, 0.3, 0.3333, 0.3667, 0.4, 0.4333, 0.4667, 0.5, 0.5333, 0.5667, 0.6667, 0.7667, 1.0, 1.3333, 1.6667, 2.0, 2.3333, 2.6667],
            "transform": [
                [1.0, 2e-06, -0.0, 0.0, -2e-06, 0.932201, 0.361941, 0.37472, 1e-06, -0.361942, 0.9322, -0.0, 0.0, 0.0, 0.0, 1.0],
                [1.0, -1e-06, 2e-06, 0.0, -2e-06, -0.618759, 0.785581, 0.37472, 1e-06, -0.785581, -0.618759, -0.0, 0.0, 0.0, 0.0, 1.0],
                [1.0, -1e-06, 2e-06, 0.0, -2e-06, -0.696662, 0.7174, 0.37472, 1e-06, -0.7174, -0.696662, 0.0, 0.0, 0.0, 0.0, 1.0],
                [1.0, -1e-06, 1e-06, 0.0, -2e-06, -0.736925, 0.675975, 0.37472, 0.0, -0.675975, -0.736925, -0.0, 0.0, 0.0, 0.0, 1.0],
                [1.0, -1e-06, 1e-06, 0.0, -2e-06, -0.757462, 0.652879, 0.37472, 1e-06, -0.652879, -0.757463, -0.0, 0.0, 0.0, 0.0, 1.0],
                [1.0, -1e-06, 1e-06, 0.0, -2e-06, -0.772944, 0.634474, 0.37472, 1e-06, -0.634474, -0.772944, -0.0, 0.0, 0.0, 0.0, 1.0],
                [1.0, -1e-06, 1e-06, -0.0, -2e-06, -0.790689, 0.612217, 0.37472, 0.0, -0.612218, -0.790689, 1e-06, 0.0, 0.0, 0.0, 1.0],
                [1.0, -1e-06, 1e-06, 0.0, -2e-06, -0.802838, 0.596197, 0.37472, 0.0, -0.596197, -0.802838, 0.0, 0.0, 0.0, 0.0, 1.0],
                [1.0, -1e-06, 1e-06, -0.0, -2e-06, -0.799363, 0.600849, 0.374721, 0.0, -0.600849, -0.799363, -0.0, 0.0, 0.0, 0.0, 1.0],
                [1.0, -1e-06, 1e-06, 0.0, -2e-06, -0.768925, 0.63934, 0.37472, 0.0, -0.639341, -0.768924, 0.0, 0.0, 0.0, 0.0, 1.0],
                [1.0, -1e-06, 1e-06, -0.0, -2e-06, -0.694189, 0.719793, 0.37472, 1e-06, -0.719793, -0.694188, 0.0, 0.0, 0.0, 0.0, 1.0],
                [1.0, -1e-06, 1e-06, -0.0, -1e-06, -0.703978, 0.710222, 0.37472, 0.0, -0.710223, -0.703978, 0.0, 0.0, 0.0, 0.0, 1.0],
                [1.0, -1e-06, 2e-06, 1e-06, -2e-06, -0.656315, 0.754487, 0.374719, 0.0, -0.754488, -0.656314, -0.0, 0.0, 0.0, 0.0, 1.0],
                [1.0, 1e-06, 1e-06, 0.0, -2e-06, 0.545342, 0.838213, 0.37472, 1e-06, -0.838214, 0.545341, -0.0, 0.0, 0.0, 0.0, 1.0],
                [1.0, 1e-06, 1e-06, 1e-06, -2e-06, 0.033785, 0.999429, 0.37472, 1e-06, -0.999429, 0.033785, 0.0, 0.0, 0.0, 0.0, 1.0],
                [1.0, 1e-06, 2e-06, 0.0, -2e-06, 0.148126, 0.988969, 0.37472, 1e-06, -0.988969, 0.148126, 0.0, 0.0, 0.0, 0.0, 1.0],
                [1.0, 1e-06, 1e-06, 0.0, -1e-06, 0.295531, 0.955333, 0.37472, 1e-06, -0.955333, 0.29553, -0.0, 0.0, 0.0, 0.0, 1.0],
                [1.0, 1e-06, 1e-06, 0.0, -2e-06, 0.51967, 0.854367, 0.37472, 1e-06, -0.854367, 0.51967, -0.0, 0.0, 0.0, 0.0, 1.0],
                [1.0, 1e-06, 1e-06, -0.0, -2e-06, 0.477504, 0.87863, 0.37472, 1e-06, -0.87863, 0.477504, 1e-06, 0.0, 0.0, 0.0, 1.0],
                [1.0, 2e-06, 1e-06, -1e-06, -2e-06, 0.715565, 0.698546, 0.37472, 1e-06, -0.698547, 0.715564, -0.0, 0.0, 0.0, 0.0, 1.0],
                [1.0, 2e-06, 0.0, 0.0, -2e-06, 0.932201, 0.361941, 0.37472, 1e-06, -0.361942, 0.932201, 1e-06, 0.0, 0.0, 0.0, 1.0]
            ]
        },
        {
            "name": "Knee_R",
            "time": [0.0, 0.2333, 0.2667, 0.3, 0.3333, 0.5667, 0.6667, 0.7667, 1.0, 1.3333, 1.6667, 2.0, 2.3333, 2.6667],
            "transform": [
                [1.0, 0.0, -0.0, 0.0, -0.0, 1e-06, -1.0, 0.37472, -0.0, 1.0, 1e-06, -0.0, 0.0, 0.0, 0.0, 1.0],
                [1.0, 0.0, -0.0, 0.0, -0.0, 1e-06, -1.0, 0.37472, -0.0, 1.0, 1e-06, 0.0, 0.0, 0.0, 0.0, 1.0],
                [1.0, 0.0, -0.0, 0.0, -0.0, 1e-06, -1.0, 0.37472, -0.0, 1.0, 1e-06, -0.0, 0.0, 0.0, 0.0, 1.0],
                [1.0, 0.0, -0.0, 0.0, -0.0, 1e-06, -1.0, 0.37472, -0.0, 1.0, 1e-06, -0.0, 0.0, 0.0, 0.0, 1.0],
                [1.0, 0.0, -0.0, 0.0, -0.0, 1e-06, -1.0, 0.37472, -0.0, 1.0, 1e-06, -0.0, 0.0, 0.0, 0.0, 1.0],
                [1.0, 0.0, -0.0, 1e-06, -0.0, 1e-06, -1.0, 0.374719, -0.0, 1.0, 1e-06, -0.0, 0.0, 0.0, 0.0, 1.0],
                [1.0, 0.0, -0.0, 0.0, -0.0, 1e-06, -1.0, 0.37472, -0.0, 1.0, 1e-06, -0.0, 0.0, 0.0, 0.0, 1.0],
                [1.0, 0.0, -0.0, 1e-06, -0.0, 1e-06, -1.0, 0.37472, -0.0, 1.0, 1e-06, 0.0, 0.0, 0.0, 0.0, 1.0],
                [1.0, 0.0, -0.0, 0.0, -0.0, 1e-06, -1.0, 0.37472, -0.0, 1.0, 1e-06, 0.0, 0.0, 0.0, 0.0, 1.0],
                [1.0, 0.0, -0.0, 0.0, -0.0, 1e-06, -1.0, 0.37472, -0.0, 1.0, 1e-06, -0.0, 0.0, 0.0, 0.0, 1.0],
                [1.0, 0.0, -0.0, 0.0, -0.0, 1e-06, -1.0, 0.37472, -0.0, 1.0, 1e-06, -0.0, 0.0, 0.0, 0.0, 1.0],
                [1.0, 0.0, -0.0, -0.0, -0.0, 1e-06, -1.0, 0.37472, -0.0, 1.0, 1e-06, 1e-06, 0.0, 0.0, 0.0, 1.0],
                [1.0, 0.0, -0.0, -1e-06, -0.0, 1e-06, -1.0, 0.37472, -0.0, 1.0, 1e-06, -0.0, 0.0, 0.0, 0.0, 1.0],
                [1.0, 0.0, -0.0, 0.0, -0.0, 1e-06, -1.0, 0.37472, -0.0, 1.0, 1e-06, 1e-06, 0.0, 0.0, 0.0, 1.0]
            ]
        },
        {
            "name": "Thigh_L",
            "time": [0.0, 0.2, 0.2333, 0.2667, 0.3, 0.3333, 0.3667, 0.4, 0.4333, 0.4667, 0.5, 0.5333, 0.5667, 0.6667, 0.7667, 1.0, 1.3333, 1.6667, 2.0, 2.3333, 2.6667],
            "transform": [
                [0.893454, -0.046943, 0.446695, -0.125006, -0.213749, -0.919125, 0.330939, -0.002831, 0.395033, -0.39116, -0.83123, -1.2e-05, 0.0, 0.0, 0.0, 1.0],
                [0.930177, -0.017601, 0.366689, -0.125006, -0.21787, -0.830395, 0.512812, -0.002831, 0.295471, -0.556896, -0.77625, -1.2e-05, 0.0, 0.0, 0.0, 1.0],
                [0.97273, -0.222226, -0.066414, -0.125006, -0.218971, -0.785493, -0.578838, -0.002831, 0.076465, 0.577596, -0.812734, -1.2e-05, 0.0, 0.0, 0.0, 1.0],
                [0.952218, -0.126257, -0.278101, -0.125006, -0.301652, -0.531352, -0.791626, -0.002831, -0.047821, 0.83769, -0.544049, -1.2e-05, 0.0, 0.0, 0.0, 1.0],
                [0.922631, -0.092634, -0.374393, -0.125006, -0.369277, -0.492278, -0.788224, -0.002831, -0.111289, 0.865495, -0.488398, -1.2e-05, 0.0, 0.0, 0.0, 1.0],
                [0.918038, -0.026491, -0.395606, -0.125006, -0.365195, -0.445027, -0.817669, -0.002831, -0.154395, 0.895125, -0.418226, -1.2e-05, 0.0, 0.0, 0.0, 1.0],
                [0.918878, -0.06736, -0.38875, -0.125006, -0.35667, -0.563055, -0.74549, -0.002831, -0.168671, 0.82367, -0.541404, -1.1e-05, 0.0, 0.0, 0.0, 1.0],
                [0.925013, -0.107745, -0.364337, -0.125006, -0.333667, -0.688993, -0.643393, -0.002831, -0.181703, 0.716715, -0.673279, -1.2e-05, 0.0, 0.0, 0.0, 1.0],
                [0.935801, -0.112616, -0.334056, -0.125006, -0.296856, -0.762827, -0.57443, -0.002831, -0.190137, 0.63672, -0.747286, -1.2e-05, 0.0, 0.0, 0.0, 1.0],
                [0.949611, -0.107293, -0.294495, -0.125006, -0.24708, -0.834361, -0.49274, -0.002831, -0.192847, 0.540675, -0.818829, -1.2e-05, 0.0, 0.0, 0.0, 1.0],
                [0.9644, -0.094738, -0.246893, -0.125006, -0.185838, -0.907017, -0.377868, -0.00283, -0.188137, 0.410298, -0.892334, -1.2e-05, 0.0, 0.0, 0.0, 1.0],
                [0.983876, -0.091609, -0.153609, -0.125006, -0.123817, -0.968649, -0.21538, -0.002831, -0.129062, 0.230927, -0.964374, -1.2e-05, 0.0, 0.0, 0.0, 1.0],
                [0.996336, -0.075888, -0.039446, -0.125006, -0.07076, -0.990464, 0.11821, -0.002831, -0.04804, -0.114986, -0.992205, -1e-05, 0.0, 0.0, 0.0, 1.0],
                [0.963047, 0.141822, 0.22897, -0.125006, -0.093134, -0.622335, 0.777191, -0.002831, 0.252719, -0.769795, -0.58613, -1.2e-05, 0.0, 0.0, 0.0, 1.0],
                [0.908613, 0.335734, 0.248405, -0.125006, -0.009384, -0.578222, 0.815825, -0.002831, 0.417534, -0.7436, -0.52223, -1.1e-05, 0.0, 0.0, 0.0, 1.0],
                [0.583849, 0.627092, 0.515632, -0.125006, -0.369875, -0.359922, 0.856533, -0.002831, 0.722713, -0.690805, 0.021805, -1.2e-05, 0.0, 0.0, 0.0, 1.0],
                [0.298579, 0.673912, 0.67579, -0.125006, -0.521892, -0.477549, 0.706807, -0.00283, 0.799049, -0.563726, 0.209123, -1.2e-05, 0.0, 0.0, 0.0, 1.0],
                [0.592593, 0.522528, 0.613023, -0.125005, -0.461187, -0.403864, 0.790064, -0.002831, 0.660408, -0.750904, 0.001656, -1.2e-05, 0.0, 0.0, 0.0, 1.0],
                [0.771031, 0.26595, 0.578602, -0.125006, -0.22849, -0.732568, 0.6412, -0.002831, 0.594393, -0.62659, -0.504066, -1.2e-05, 0.0, 0.0, 0.0, 1.0],
                [0.855548, 0.052682, 0.515037, -0.125005, -0.178858, -0.903483, 0.389524, -0.002831, 0.485848, -0.425374, -0.76355, -1.1e-05, 0.0, 0.0, 0.0, 1.0],
                [0.893311, -0.046847, 0.44699, -0.125006, -0.213763, -0.919145, 0.330875, -0.002831, 0.395348, -0.391124, -0.831097, -1.2e-05, 0.0, 0.0, 0.0, 1.0]
            ]
        },
        {
            "name": "Leg_L",
            "time": [0.0, 0.2, 0.2333, 0.2667, 0.3, 0.3333, 0.3667, 0.4, 0.4333, 0.4667, 0.5, 0.5333, 0.5667, 0.6667, 0.7667, 1.0, 1.3333, 1.6667, 2.0, 2.3333, 2.6667],
            "transform": [
                [0.999999, 1e-06, 0.0, 0.0, -1e-06, 0.862422, 0.50619, 0.37472, -0.0, -0.50619, 0.862422, -0.0, 0.0, 0.0, 0.0, 1.0],
                [1.0, -1e-06, 1e-06, 0.0, -1e-06, -0.753802, 0.657101, 0.37472, 0.0, -0.657101, -0.753803, -0.0, 0.0, 0.0, 0.0, 1.0],
                [1.0, 0.0, 1e-06, 0.0, -1e-06, 0.409935, 0.912115, 0.37472, -0.0, -0.912114, 0.409935, -0.0, 0.0, 0.0, 0.0, 1.0],
                [1.0, 1e-06, 1e-06, 0.0, -1e-06, 0.885679, 0.464298, 0.37472, -0.0, -0.464297, 0.885679, -0.0, 0.0, 0.0, 0.0, 1.0],
                [1.0, 1e-06, 0.0, 0.0, -1e-06, 0.909454, 0.415806, 0.37472, -0.0, -0.415806, 0.909453, -0.0, 0.0, 0.0, 0.0, 1.0],
                [1.0, 1e-06, 0.0, -0.0, -1e-06, 0.894352, 0.447365, 0.37472, -0.0, -0.447365, 0.894352, -0.0, 0.0, 0.0, 0.0, 1.0],
                [1.0, 0.0, 1e-06, -0.0, -1e-06, 0.781236, 0.624236, 0.37472, -0.0, -0.624236, 0.781236, 0.0, 0.0, 0.0, 0.0, 1.0],
                [1.0, 0.0, 1e-06, 0.0, -1e-06, 0.652671, 0.757641, 0.37472, -0.0, -0.757641, 0.652672, -1e-06, 0.0, 0.0, 0.0, 1.0],
                [1.0, 0.0, 1e-06, 0.0, -1e-06, 0.582999, 0.812472, 0.37472, -0.0, -0.812473, 0.582999, -0.0, 0.0, 0.0, 0.0, 1.0],
                [1.0, 0.0, 1e-06, -0.0, -1e-06, 0.508296, 0.861183, 0.37472, -0.0, -0.861183, 0.508296, -0.0, 0.0, 0.0, 0.0, 1.0],
                [1.0, 0.0, 1e-06, -0.0, -1e-06, 0.405618, 0.914043, 0.37472, -0.0, -0.914043, 0.405618, -0.0, 0.0, 0.0, 0.0, 1.0],
                [1.0, 0.0, 1e-06, 0.0, -1e-06, 0.202056, 0.979375, 0.37472, -0.0, -0.979373, 0.202057, 1e-06, 0.0, 0.0, 0.0, 1.0],
                [1.0, -0.0, 1e-06, -0.0, -1e-06, -0.145579, 0.989348, 0.37472, 0.0, -0.989346, -0.145579, 0.0, 0.0, 0.0, 0.0, 1.0],
                [1.0, -0.0, 1e-06, -1e-06, -1e-06, -0.562586, 0.826739, 0.37472, 0.0, -0.826738, -0.562587, 1e-06, 0.0, 0.0, 0.0, 1.0],
                [1.0, -0.0, 1e-06, 1e-06, -1e-06, -0.544082, 0.839032, 0.374719, -0.0, -0.839032, -0.544082, 0.0, 0.0, 0.0, 0.0, 1.0],
                [0.999999, -0.0, 1e-06, -0.0, -1e-06, -0.280039, 0.959989, 0.37472, 0.0, -0.959988, -0.28004, -0.0, 0.0, 0.0, 0.0, 1.0],
                [0.999999, -0.0, 1e-06, 1e-06, -1e-06, -0.419079, 0.90795, 0.37472, 0.0, -0.907949, -0.419079, 0.0, 0.0, 0.0, 0.0, 1.0],
                [1.0, -0.0, 1e-06, -0.0, -1e-06, -0.41189, 0.911235, 0.37472, 0.0, -0.911233, -0.41189, -0.0, 0.0, 0.0, 0.0, 1.0],
                [1.0, -0.0, 1e-06, 0.0, -1e-06, 0.090292, 0.995915, 0.37472, -0.0, -0.995915, 0.090292, -0.0, 0.0, 0.0, 0.0, 1.0],
                [1.0, 0.0, 1e-06, 1e-06, -1e-06, 0.652518, 0.757773, 0.37472, -0.0, -0.757773, 0.652519, -1e-06, 0.0, 0.0, 0.0, 1.0],
                [1.0, 1e-06, 1e-06, 1e-06, -1e-06, 0.862422, 0.506189, 0.37472, -0.0, -0.506189, 0.862422, -1e-06, 0.0, 0.0, 0.0, 1.0]
            ]
        },
        {
            "name": "Knee_L",
            "time": [0.0, 0.2333, 0.2667, 0.3, 0.3333, 0.5667, 0.6667, 0.7667, 1.0, 1.3333, 1.6667, 2.0, 2.3333, 2.6667],
            "transform": [
                [1.0, 0.0, -0.0, 0.0, -0.0, 1e-06, -1.0, 0.37472, -0.0, 1.0, 1e-06, -0.0, 0.0, 0.0, 0.0, 1.0],
                [1.0, 0.0, -0.0, 0.0, -0.0, 1e-06, -1.0, 0.37472, -0.0, 1.0, 1e-06, -0.0, 0.0, 0.0, 0.0, 1.0],
                [1.0, 0.0, -0.0, 0.0, -0.0, 1e-06, -1.0, 0.37472, -0.0, 1.0, 1e-06, -0.0, 0.0, 0.0, 0.0, 1.0],
                [1.0, 0.0, -0.0, 0.0, -0.0, 1e-06, -1.0, 0.37472, -0.0, 1.0, 1e-06, -0.0, 0.0, 0.0, 0.0, 1.0],
                [1.0, 0.0, -0.0, -0.0, -0.0, 1e-06, -1.0, 0.37472, -0.0, 1.0, 1e-06, -0.0, 0.0, 0.0, 0.0, 1.0],
                [1.0, 0.0, -0.0, -0.0, -0.0, 1e-06, -1.0, 0.37472, -0.0, 1.0, 1e-06, 0.0, 0.0, 0.0, 0.0, 1.0],
                [1.0, 0.0, -0.0, -1e-06, -0.0, 1e-06, -1.0, 0.37472, -0.0, 1.0, 1e-06, 1e-06, 0.0, 0.0, 0.0, 1.0],
                [1.0, 0.0, -0.0, 1e-06, -0.0, 1e-06, -1.0, 0.374719, -0.0, 1.0, 1e-06, 0.0, 0.0, 0.0, 0.0, 1.0],
                [1.0, 0.0, -0.0, -0.0, -0.0, 1e-06, -1.0, 0.37472, -0.0, 1.0, 1e-06, -0.0, 0.0, 0.0, 0.0, 1.0],
                [1.0, 0.0, -0.0, 1e-06, -0.0, 1e-06, -1.0, 0.37472, -0.0, 1.0, 1e-06, 0.0, 0.0, 0.0, 0.0, 1.0],
                [1.0, 0.0, -0.0, -0.0, -0.0, 1e-06, -1.0, 0.37472, -0.0, 1.0, 1e-06, -0.0, 0.0, 0.0, 0.0, 1.0],
                [1.0, 0.0, -0.0, 0.0, -0.0, 1e-06, -1.0, 0.37472, -0.0, 1.0, 1e-06, -0.0, 0.0, 0.0, 0.0, 1.0],
                [1.0, 0.0, -0.0, 1e-06, -0.0, 1e-06, -1.0, 0.37472, -0.0, 1.0, 1e-06, -1e-06, 0.0, 0.0, 0.0, 1.0],
                [1.0, 0.0, -0.0, 1e-06, -0.0, 1e-06, -1.0, 0.37472, -0.0, 1.0, 1e-06, -1e-06, 0.0, 0.0, 0.0, 1.0]
            ]
        },
        {
            "name": "Torso",
            "time": [0.0, 0.2, 0.2333, 0.2667, 0.3, 0.3333, 0.3667, 0.4, 0.4333, 0.4667, 0.5, 0.5333, 0.5667, 0.6667, 0.7667, 1.0, 1.3333, 1.6667, 2.0, 2.3333, 2.6667],
            "transform": [
                [0.701234, -0.067462, -0.709732, -0.0, 0.007342, 0.996143, -0.087433, 0.05, 0.712893, 0.056101, 0.699025, 0.0, 0.0, 0.0, 0.0, 1.0],
                [0.588907, 0.180964, -0.78768, 0.0, 0.397161, 0.784014, 0.477058, 0.05, 0.703883, -0.593779, 0.38984, -0.0, 0.0, 0.0, 0.0, 1.0],
                [0.754395, 0.156777, -0.637424, 0.0, 0.409165, 0.647023, 0.643386, 0.05, 0.513297, -0.746179, 0.423963, -0.0, 0.0, 0.0, 0.0, 1.0],
                [0.884167, 0.084587, -0.459449, 0.0, 0.360363, 0.502374, 0.785976, 0.05, 0.297299, -0.860503, 0.4137, -0.0, 0.0, 0.0, 0.0, 1.0],
                [0.963328, -0.0266, -0.267005, -0.0, 0.257809, 0.367616, 0.893528, 0.05, 0.074387, -0.929597, 0.360993, -0.0, 0.0, 0.0, 0.0, 1.0],
                [0.983058, -0.088013, -0.160779, 0.0, 0.180771, 0.320541, 0.929826, 0.05, -0.030301, -0.943137, 0.331021, -0.0, 0.0, 0.0, 0.0, 1.0],
                [0.987376, -0.083354, -0.134691, 0.0, 0.155378, 0.344461, 0.925853, 0.05, -0.030777, -0.935093, 0.353063, -0.0, 0.0, 0.0, 0.0, 1.0],
                [0.990422, -0.066978, -0.120743, -0.0, 0.137249, 0.382051, 0.913893, 0.05, -0.01508, -0.921711, 0.387584, -0.0, 0.0, 0.0, 0.0, 1.0],
                [0.992141, -0.041019, -0.118209, -0.0, 0.124332, 0.429292, 0.894567, 0.05, 0.014052, -0.902234, 0.431018, -0.0, 0.0, 0.0, 0.0, 1.0],
                [0.991969, -0.008183, -0.126215, -0.0, 0.11446, 0.482667, 0.868292, 0.05, 0.053815, -0.875766, 0.479727, -0.0, 0.0, 0.0, 0.0, 1.0],
                [0.98922, 0.028746, -0.143585, 0.0, 0.105695, 0.538475, 0.835986, 0.05, 0.101348, -0.842151, 0.529632, -0.0, 0.0, 0.0, 0.0, 1.0],
                [0.983387, 0.067075, -0.168676, -0.0, 0.096561, 0.593551, 0.798983, 0.05, 0.15371, -0.801997, 0.577213, -0.0, 0.0, 0.0, 0.0, 1.0],
                [0.974392, 0.104435, -0.199133, -0.0, 0.086092, 0.644844, 0.75945, 0.05, 0.207723, -0.757145, 0.61934, -0.0, 0.0, 0.0, 0.0, 1.0],
                [0.935461, 0.195293, -0.294573, 0.0, 0.048362, 0.754899, 0.654056, 0.05, 0.350106, -0.62609, 0.696733, -0.0, 0.0, 0.0, 0.0, 1.0],
                [0.882598, 0.261152, -0.390923, -0.0, 0.028712, 0.800029, 0.599274, 0.05, 0.469251, -0.540142, 0.698606, -0.0, 0.0, 0.0, 0.0, 1.0],
                [0.682535, 0.376298, -0.626535, 0.0, 0.032603, 0.840735, 0.540464, 0.05, 0.730126, -0.389313, 0.561562, -0.0, 0.0, 0.0, 0.0, 1.0],
                [0.414748, 0.450015, -0.790867, 0.0, 0.089466, 0.844767, 0.527603, 0.05, 0.905528, -0.289578, 0.310105, -0.0, 0.0, 0.0, 0.0, 1.0],
                [0.420534, 0.431522, -0.798085, 0.0, 0.158459, 0.831195, 0.532921, 0.05, 0.893332, -0.350575, 0.281167, -0.0, 0.0, 0.0, 0.0, 1.0],
                [0.473163, 0.291317, -0.831415, 0.0, 0.00048, 0.943659, 0.330919, 0.05, 0.880975, -0.156978, 0.446365, -0.0, 0.0, 0.0, 0.0, 1.0],
                [0.572116, 0.127489, -0.810204, -0.0, -0.090105, 0.991635, 0.092412, 0.05, 0.815208, 0.020133, 0.578817, -0.0, 0.0, 0.0, 0.0, 1.0],
                [0.701234, -0.067462, -0.709732, -0.0, 0.007342, 0.996143, -0.087433, 0.05, 0.712893, 0.0561, 0.699025, -0.0, 0.0, 0.0, 0.0, 1.0]
            ]
        },
        {
            "name": "Chest",
            "time": [0.0, 0.2, 0.2333, 0.2667, 0.3, 0.3333, 0.3667, 0.4, 0.4333, 0.4667, 0.5, 0.5333, 0.5667, 0.6667, 0.7667, 1.0, 1.3333, 1.6667, 2.0, 2.3333, 2.6667],
            "transform": [
                [0.961219, -0.076485, -0.264967, 0.0, 0.082771, 0.996489, 0.012624, 0.3, 0.263072, -0.034066, 0.964175, -0.0, 0.0, 0.0, 0.0, 1.0],
                [0.959494, -0.131626, 0.249091, 0.0, 0.085678, 0.9786, 0.187088, 0.3, -0.268386, -0.158169, 0.950237, 0.0, 0.0, 0.0, 0.0, 1.0],
                [0.985359, -0.09219, 0.14342, 0.0, 0.072375, 0.987823, 0.137721, 0.3, -0.154371, -0.125324, 0.980032, 0.0, 0.0, 0.0, 0.0, 1.0],
                [0.998645, -0.05191, 0.003776, -0.0, 0.051387, 0.994903, 0.086756, 0.3, -0.008261, -0.086445, 0.996222, -0.0, 0.0, 0.0, 0.0, 1.0],
                [0.990704, -0.022217, -0.134211, 0.0, 0.029813, 0.998049, 0.054853, 0.3, 0.13273, -0.058344, 0.989433, 0.0, 0.0, 0.0, 0.0, 1.0],
                [0.974042, -0.009137, -0.226184, 0.0, 0.021902, 0.998301, 0.053993, 0.299999, 0.225307, -0.057545, 0.972587, -0.0, 0.0, 0.0, 0.0, 1.0],
                [0.96584, -0.010633, -0.258923, 0.0, 0.033809, 0.995788, 0.08522, 0.3, 0.256926, -0.091063, 0.962131, -0.0, 0.0, 0.0, 0.0, 1.0],
                [0.965596, -0.019375, -0.259325, 0.0, 0.056906, 0.988794, 0.138014, 0.3, 0.253745, -0.148023, 0.955878, 0.0, 0.0, 0.0, 0.0, 1.0],
                [0.968479, -0.031453, -0.247101, 0.0, 0.083533, 0.975564, 0.203217, 0.3, 0.234671, -0.217452, 0.947441, -0.0, 0.0, 0.0, 0.0, 1.0],
                [0.969326, -0.043594, -0.24188, 0.0, 0.110356, 0.956559, 0.269846, 0.299999, 0.219609, -0.288262, 0.932028, 0.0, 0.0, 0.0, 0.0, 1.0],
                [0.963579, -0.052783, -0.262162, -0.0, 0.139729, 0.935239, 0.325275, 0.3, 0.228015, -0.35006, 0.908552, 0.0, 0.0, 0.0, 0.0, 1.0],
                [0.945835, -0.060531, -0.318954, -0.0, 0.182808, 0.911202, 0.369176, 0.300001, 0.268285, -0.407487, 0.872913, 0.0, 0.0, 0.0, 0.0, 1.0],
                [0.91471, -0.068082, -0.398334, 0.0, 0.242005, 0.881693, 0.405031, 0.3, 0.323633, -0.466885, 0.82297, 0.0, 0.0, 0.0, 0.0, 1.0],
                [0.799225, -0.074009, -0.596458, -0.0, 0.40164, 0.80404, 0.438412, 0.3, 0.44713, -0.589952, 0.672333, 0.0, 0.0, 0.0, 0.0, 1.0],
                [0.766006, -0.069581, -0.639057, 0.0, 0.433561, 0.789901, 0.433683, 0.3, 0.474616, -0.609273, 0.635237, 1e-06, 0.0, 0.0, 0.0, 1.0],
                [0.775839, -0.062594, -0.627818, 1e-06, 0.396058, 0.822903, 0.407392, 0.299999, 0.491134, -0.564723, 0.663231, 1e-06, 0.0, 0.0, 0.0, 1.0],
                [0.868503, -0.041266, -0.493963, -0.0, 0.228482, 0.917678, 0.32506, 0.3, 0.439885, -0.395177, 0.806434, 0.0, 0.0, 0.0, 0.0, 1.0],
                [0.947147, 0.030661, -0.319332, 0.0, 0.027108, 0.984212, 0.174903, 0.3, 0.319653, -0.174315, 0.931362, 0.0, 0.0, 0.0, 0.0, 1.0],
                [0.955222, 0.005545, -0.295839, -0.0, 0.028986, 0.993262, 0.112208, 0.3, 0.294468, -0.115759, 0.948624, -0.0, 0.0, 0.0, 0.0, 1.0],
                [0.959935, -0.033071, -0.278265, -0.0, 0.051739, 0.996856, 0.060012, 0.3, 0.275406, -0.072004, 0.958627, -0.0, 0.0, 0.0, 0.0, 1.0],
                [0.961219, -0.076485, -0.264967, 0.0, 0.082771, 0.996489, 0.012624, 0.3, 0.263071, -0.034066, 0.964175, 0.0, 0.0, 0.0, 0.0, 1.0]
            ]
        },
        {
            "name": "Head",
            "time": [0.0, 0.2, 0.2333, 0.2667, 0.3, 0.3333, 0.3667, 0.4, 0.4333, 0.4667, 0.5, 0.5333, 0.5667, 0.6667, 0.7667, 1.0, 1.3333, 1.6667, 2.0, 2.3333, 2.6667],
            "transform": [
                [0.548036, 0.020688, 0.836199, 0.0, -0.120726, 0.991183, 0.0546, 0.4, -0.827697, -0.130873, 0.545701, 0.0, 0.0, 0.0, 0.0, 1.0],
                [0.791876, 0.377368, 0.480131, -0.0, -0.039244, 0.816043, -0.576658, 0.4, -0.609419, 0.4378, 0.661014, 0.0, 0.0, 0.0, 0.0, 1.0],
                [0.838894, 0.419401, 0.346929, 0.0, -0.040591, 0.683822, -0.728518, 0.4, -0.542779, 0.597068, 0.590678, 0.0, 0.0, 0.0, 0.0, 1.0],
                [0.872694, 0.447291, 0.195798, -0.0, -0.079433, 0.525721, -0.84694, 0.399999, -0.481764, 0.723567, 0.494322, 0.0, 0.0, 0.0, 0.0, 1.0],
                [0.883458, 0.4639, 0.065568, -0.0, -0.136581, 0.388883, -0.911107, 0.4, -0.448161, 0.795969, 0.406922, -0.0, 0.0, 0.0, 0.0, 1.0],
                [0.873007, 0.487636, 0.008284, -0.0, -0.169986, 0.320156, -0.93199, 0.399999, -0.457124, 0.812226, 0.362391, -0.0, 0.0, 0.0, 0.0, 1.0],
                [0.861654, 0.507465, -0.005642, 0.0, -0.175486, 0.287498, -0.941567, 0.4, -0.47619, 0.812296, 0.336777, -0.0, 0.0, 0.0, 0.0, 1.0],
                [0.861281, 0.507004, -0.033784, -0.0, -0.178826, 0.240208, -0.954108, 0.399999, -0.475622, 0.827796, 0.297552, 0.0, 0.0, 0.0, 0.0, 1.0],
                [0.864241, 0.499201, -0.062335, -0.0, -0.17817, 0.187844, -0.965904, 0.4, -0.470471, 0.84588, 0.251285, -0.0, 0.0, 0.0, 0.0, 1.0],
                [0.862798, 0.499124, -0.080341, 0.0, -0.172174, 0.140689, -0.974968, 0.399999, -0.475327, 0.855033, 0.207323, 0.0, 0.0, 0.0, 0.0, 1.0],
                [0.84836, 0.523213, -0.080822, -0.0, -0.160866, 0.109313, -0.980904, 0.4, -0.504387, 0.845162, 0.176904, -0.0, 0.0, 0.0, 0.0, 1.0],
                [0.811769, 0.580084, -0.067327, 0.0, -0.14426, 0.087476, -0.985666, 0.399998, -0.56588, 0.809845, 0.154693, 0.0, 0.0, 0.0, 0.0, 1.0],
                [0.754058, 0.655056, -0.047943, 0.0, -0.121711, 0.06763, -0.990259, 0.399999, -0.645432, 0.752548, 0.130725, 0.0, 0.0, 0.0, 0.0, 1.0],
                [0.559227, 0.827104, 0.056251, -0.0, -0.035484, 0.091671, -0.995157, 0.4, -0.828255, 0.554523, 0.080614, -0.0, 0.0, 0.0, 0.0, 1.0],
                [0.470462, 0.849879, 0.237426, -0.0, 0.031526, 0.252702, -0.967031, 0.4, -0.881857, 0.462436, 0.092094, -0.0, 0.0, 0.0, 0.0, 1.0],
                [0.370444, 0.705731, 0.603916, 1e-06, 0.082312, 0.622673, -0.778141, 0.4, -0.925201, 0.337967, 0.172575, 0.0, 0.0, 0.0, 0.0, 1.0],
                [0.402339, 0.371535, 0.836711, -1e-06, 0.029243, 0.908266, -0.41737, 0.4, -0.915024, 0.192392, 0.354566, 0.0, 0.0, 0.0, 0.0, 1.0],
                [0.554661, 0.133342, 0.821323, 1e-06, -0.023644, 0.989203, -0.14463, 0.4, -0.831742, 0.060802, 0.551824, -0.0, 0.0, 0.0, 0.0, 1.0],
                [0.562991, 0.08024, 0.822559, -0.0, -0.054638, 0.996712, -0.059832, 0.4, -0.824656, -0.011258, 0.565524, -0.0, 0.0, 0.0, 0.0, 1.0],
                [0.558219, 0.046378, 0.828397, 0.0, -0.087133, 0.996192, 0.002943, 0.4, -0.825106, -0.073824, 0.560134, -0.0, 0.0, 0.0, 0.0, 1.0],
                [0.548036, 0.020688, 0.836199, -1e-06, -0.120726, 0.991184, 0.0546, 0.4, -0.827697, -0.130873, 0.545701, 0.0, 0.0, 0.0, 0.0, 1.0]
            ]
        },
        {
            "name": "Shoulder_R",
            "time": [0.0, 0.2, 0.2333, 0.2667, 0.3, 0.3333, 0.3667, 0.4, 0.4333, 0.4667, 0.5, 0.5333, 0.5667, 0.6667, 0.7667, 1.0, 1.3333, 1.6667, 2.0, 2.3333, 2.6667],
            "transform": [
                [0.2929, 0.909186, -0.295957, 0.0, 0.747626, -0.410733, -0.521874, 0.4, -0.596039, -0.068408, -0.800036, 0.0, 0.0, 0.0, 0.0, 1.0],
                [0.164347, 0.907681, -0.38614, -0.0, 0.73207, -0.374605, -0.568985, 0.4, -0.661107, -0.189171, -0.726053, 0.0, 0.0, 0.0, 0.0, 1.0],
                [0.172999, 0.818429, -0.547947, 0.0, 0.707405, -0.490348, -0.509055, 0.4, -0.685309, -0.299554, -0.663791, 0.0, 0.0, 0.0, 0.0, 1.0],
                [0.178017, 0.68933, -0.702235, -0.0, 0.692349, -0.594855, -0.408411, 0.399999, -0.699257, -0.413488, -0.583152, 0.0, 0.0, 0.0, 0.0, 1.0],
                [0.183061, 0.558771, -0.808866, -0.0, 0.690591, -0.658672, -0.298723, 0.4, -0.699694, -0.503911, -0.506459, -0.0, 0.0, 0.0, 0.0, 1.0],
                [0.191229, 0.48226, -0.854902, -0.0, 0.694757, -0.681754, -0.229179, 0.399999, -0.693357, -0.550123, -0.465425, -0.0, 0.0, 0.0, 0.0, 1.0],
                [0.206708, 0.494135, -0.844454, 0.0, 0.695289, -0.681425, -0.228543, 0.4, -0.688362, -0.539899, -0.484423, -0.0, 0.0, 0.0, 0.0, 1.0],
                [0.229234, 0.5651, -0.792537, -0.0, 0.690489, -0.66829, -0.276791, 0.399999, -0.686058, -0.483788, -0.543391, 0.0, 0.0, 0.0, 0.0, 1.0],
                [0.25177, 0.653666, -0.713676, -0.0, 0.683721, -0.642042, -0.346853, 0.4, -0.684935, -0.400628, -0.608573, -0.0, 0.0, 0.0, 0.0, 1.0],
                [0.267373, 0.726425, -0.633102, 0.0, 0.678301, -0.60855, -0.411795, 0.399999, -0.684412, -0.319331, -0.655446, 0.0, 0.0, 0.0, 0.0, 1.0],
                [0.268451, 0.762969, -0.588058, -0.0, 0.675978, -0.584125, -0.449279, 0.4, -0.686285, -0.276905, -0.672559, -0.0, 0.0, 0.0, 0.0, 1.0],
                [0.245029, 0.760779, -0.600979, 0.0, 0.679978, -0.576706, -0.452814, 0.399998, -0.691078, -0.2977, -0.658624, 0.0, 0.0, 0.0, 0.0, 1.0],
                [0.201812, 0.733877, -0.648611, 0.0, 0.689924, -0.576566, -0.437694, 0.399999, -0.695181, -0.359161, -0.622677, 0.0, 0.0, 0.0, 0.0, 1.0],
                [0.098426, 0.65828, -0.746311, -0.0, 0.711294, -0.571027, -0.409864, 0.4, -0.695969, -0.490505, -0.524435, -0.0, 0.0, 0.0, 0.0, 1.0],
                [0.15192, 0.784019, -0.60186, -0.0, 0.681356, -0.524193, -0.510857, 0.4, -0.716012, -0.332471, -0.613831, -0.0, 0.0, 0.0, 0.0, 1.0],
                [0.295212, 0.924322, -0.241823, 1e-06, 0.628326, -0.378493, -0.679668, 0.4, -0.71976, 0.048703, -0.692512, 0.0, 0.0, 0.0, 0.0, 1.0],
                [0.181222, 0.920911, -0.345081, -1e-06, 0.647746, -0.3758, -0.662722, 0.4, -0.739989, -0.103425, -0.66462, 0.0, 0.0, 0.0, 0.0, 1.0],
                [0.085892, 0.95105, -0.296861, 1e-06, 0.686541, -0.272425, -0.674126, 0.4, -0.722, -0.145906, -0.676334, -0.0, 0.0, 0.0, 0.0, 1.0],
                [0.144292, 0.943985, -0.29677, -0.0, 0.71213, -0.307296, -0.631221, 0.4, -0.687058, -0.120259, -0.716581, -0.0, 0.0, 0.0, 0.0, 1.0],
                [0.216807, 0.929463, -0.298486, 0.0, 0.732853, -0.356958, -0.579229, 0.4, -0.644917, -0.093166, -0.758552, -0.0, 0.0, 0.0, 0.0, 1.0],
                [0.292901, 0.909186, -0.295956, -1e-06, 0.747626, -0.410733, -0.521875, 0.4, -0.59604, -0.068407, -0.800036, 0.0, 0.0, 0.0, 0.0, 1.0]
            ]
        },
        {
            "name": "Arm_R",
            "time": [0.0, 0.2, 0.2333, 0.2667, 0.3, 0.3333, 0.3667, 0.4, 0.4333, 0.4667, 0.5, 0.5333, 0.5667, 0.6667, 0.7667, 1.0, 1.3333, 1.6667, 2.0, 2.3333, 2.6667],
            "transform": [
                [0.386234, -0.818538, 0.425228, -0.0, 0.755358, 0.545257, 0.363496, 0.393861, -0.529394, 0.180805, 0.828885, 0.0, 0.0, 0.0, 0.0, 1.0],
                [0.219044, -0.918474, 0.329282, 0.0, 0.46413, 0.394934, 0.792849, 0.39386, -0.858256, -0.020839, 0.512799, -0.0, 0.0, 0.0, 0.0, 1.0],
                [0.319165, -0.798253, 0.51081, 0.0, 0.310264, 0.59731, 0.739565, 0.393861, -0.895473, -0.077557, 0.438308, -0.0, 0.0, 0.0, 0.0, 1.0],
                [0.427059, -0.61898, 0.659154, -0.0, 0.143082, 0.766049, 0.626655, 0.39386, -0.892831, -0.173306, 0.415713, 0.0, 0.0, 0.0, 0.0, 1.0],
                [0.51237, -0.442299, 0.736103, -0.0, 0.011534, 0.860633, 0.509096, 0.393861, -0.858687, -0.252356, 0.446064, -0.0, 0.0, 0.0, 0.0, 1.0],
                [0.545412, -0.332986, 0.769185, -0.0, -0.057721, 0.900598, 0.430804, 0.39386, -0.836178, -0.279363, 0.471977, -0.0, 0.0, 0.0, 0.0, 1.0],
                [0.506613, -0.304297, 0.806689, -0.0, -0.06737, 0.918813, 0.388902, 0.393861, -0.859538, -0.251369, 0.444981, -0.0, 0.0, 0.0, 0.0, 1.0],
                [0.41202, -0.327112, 0.850434, -0.0, -0.029078, 0.928142, 0.37109, 0.393861, -0.910711, -0.177624, 0.372901, -0.0, 0.0, 0.0, 0.0, 1.0],
                [0.289565, -0.384076, 0.87672, -0.0, 0.046071, 0.920493, 0.388035, 0.393861, -0.956049, -0.07197, 0.284237, 0.0, 0.0, 0.0, 0.0, 1.0],
                [0.17323, -0.450731, 0.87569, -0.0, 0.133293, 0.891682, 0.432594, 0.39386, -0.975819, 0.041786, 0.214546, 0.0, 0.0, 0.0, 0.0, 1.0],
                [0.096058, -0.499308, 0.861083, 0.0, 0.203064, 0.856721, 0.474126, 0.393861, -0.974442, 0.129312, 0.183687, -0.0, 0.0, 0.0, 0.0, 1.0],
                [0.06107, -0.530464, 0.845504, -0.0, 0.247159, 0.828742, 0.502095, 0.393861, -0.967048, 0.178312, 0.18172, 0.0, 0.0, 0.0, 0.0, 1.0],
                [0.048954, -0.560269, 0.826863, -1e-06, 0.280949, 0.802154, 0.526894, 0.39386, -0.958473, 0.206513, 0.196676, -0.0, 0.0, 0.0, 0.0, 1.0],
                [0.108072, -0.629569, 0.769391, -1e-06, 0.410319, 0.733177, 0.5423, 0.393861, -0.905516, 0.257089, 0.337559, 0.0, 0.0, 0.0, 0.0, 1.0],
                [0.27239, -0.671767, 0.688864, -0.0, 0.631757, 0.664861, 0.398551, 0.393861, -0.725732, 0.326633, 0.605495, -0.0, 0.0, 0.0, 0.0, 1.0],
                [0.574075, -0.678929, 0.457705, -0.0, 0.769869, 0.637908, -0.019375, 0.39386, -0.27882, 0.363495, 0.888893, -0.0, 0.0, 0.0, 0.0, 1.0],
                [0.490409, -0.756492, 0.432688, 0.0, 0.756429, 0.616056, 0.219748, 0.393861, -0.432798, 0.219532, 0.874352, 0.0, 0.0, 0.0, 0.0, 1.0],
                [0.373877, -0.892698, 0.251609, -0.0, 0.759383, 0.450389, 0.469561, 0.39386, -0.532498, 0.01551, 0.84629, 0.0, 0.0, 0.0, 0.0, 1.0],
                [0.400173, -0.840943, 0.364249, 0.0, 0.682754, 0.5387, 0.493608, 0.393861, -0.611318, 0.051164, 0.789729, -0.0, 0.0, 0.0, 0.0, 1.0],
                [0.412615, -0.79074, 0.452195, -0.0, 0.656637, 0.602261, 0.453992, 0.39386, -0.63133, 0.109604, 0.767729, 0.0, 0.0, 0.0, 0.0, 1.0],
                [0.386234, -0.818538, 0.425229, -0.0, 0.755358, 0.545258, 0.363496, 0.39386, -0.529394, 0.180806, 0.828885, 0.0, 0.0, 0.0, 0.0, 1.0]
            ]
        },
        {
            "name": "Hand_R",
            "time": [0.0, 0.2, 0.2333, 0.2667, 0.3, 0.3333, 0.3667, 0.4, 0.4333, 0.4667, 0.5, 0.5333, 0.5667, 0.6667, 0.7667, 1.0, 1.3333, 1.6667, 2.0, 2.3333, 2.6667],
            "transform": [
                [1.0, -1e-06, -0.0, -0.0, 0.0, 0.766169, -0.642639, 0.3, 0.0, 0.64264, 0.766169, 0.0, 0.0, 0.0, 0.0, 1.0],
                [1.0, -1e-06, 0.0, 0.0, 0.0, 0.78761, -0.616175, 0.3, 0.0, 0.616175, 0.787609, 0.0, 0.0, 0.0, 0.0, 1.0],
                [1.0, -0.0, -0.0, 0.0, 0.0, 0.841856, -0.539702, 0.3, 0.0, 0.539702, 0.841856, 0.0, 0.0, 0.0, 0.0, 1.0],
                [1.0, -0.0, -0.0, -0.0, 0.0, 0.893284, -0.449494, 0.3, 0.0, 0.449494, 0.893283, 0.0, 0.0, 0.0, 0.0, 1.0],
                [1.0, -0.0, -0.0, -0.0, 0.0, 0.930733, -0.365701, 0.3, 0.0, 0.365701, 0.930733, 0.0, 0.0, 0.0, 0.0, 1.0],
                [1.0, -0.0, -0.0, -0.0, 0.0, 0.95023, -0.311549, 0.3, 0.0, 0.311549, 0.950231, 0.0, 0.0, 0.0, 0.0, 1.0],
                [1.0, -0.0, -0.0, 0.0, -0.0, 0.955056, -0.296425, 0.3, 0.0, 0.296425, 0.955056, -0.0, 0.0, 0.0, 0.0, 1.0],
                [0.999999, -0.0, -0.0, -1e-06, 0.0, 0.951683, -0.307083, 0.3, 0.0, 0.307083, 0.951683, -0.0, 0.0, 0.0, 0.0, 1.0],
                [1.0, -0.0, -0.0, -0.0, -0.0, 0.943118, -0.332459, 0.3, 0.0, 0.332459, 0.943118, -0.0, 0.0, 0.0, 0.0, 1.0],
                [1.0, -0.0, -0.0, 0.0, 0.0, 0.932291, -0.361709, 0.3, 0.0, 0.36171, 0.932291, 0.0, 0.0, 0.0, 0.0, 1.0],
                [0.999999, -0.0, -0.0, -0.0, 0.0, 0.923248, -0.384205, 0.299999, 0.0, 0.384205, 0.923248, -0.0, 0.0, 0.0, 0.0, 1.0],
                [1.0, -0.0, -0.0, -0.0, 0.0, 0.916206, -0.400708, 0.300001, 0.0, 0.400708, 0.916206, -0.0, 0.0, 0.0, 0.0, 1.0],
                [1.0, -0.0, -0.0, 0.0, 0.0, 0.908334, -0.418247, 0.299999, 0.0, 0.418247, 0.908334, -0.0, 0.0, 0.0, 0.0, 1.0],
                [1.0, -0.0, -0.0, -0.0, 0.0, 0.883922, -0.467635, 0.300001, 0.0, 0.467635, 0.883922, 0.0, 0.0, 0.0, 0.0, 1.0],
                [1.0, -0.0, -0.0, 0.0, 0.0, 0.85735, -0.514733, 0.300002, 0.0, 0.514733, 0.857351, -0.0, 0.0, 0.0, 0.0, 1.0],
                [1.0, -0.0, 0.0, 1e-06, 0.0, 0.835407, -0.549632, 0.300001, 0.0, 0.549632, 0.835407, 0.0, 0.0, 0.0, 0.0, 1.0],
                [1.0, -0.0, -0.0, -1e-06, 0.0, 0.896071, -0.443912, 0.3, 1e-06, 0.443912, 0.89607, -0.0, 0.0, 0.0, 0.0, 1.0],
                [1.0, -0.0, -0.0, -0.0, 0.0, 0.886641, -0.462459, 0.300001, 0.0, 0.462459, 0.886641, -0.0, 0.0, 0.0, 0.0, 1.0],
                [1.0, -0.0, -0.0, -1e-06, 0.0, 0.853676, -0.520805, 0.300001, 0.0, 0.520805, 0.853675, -0.0, 0.0, 0.0, 0.0, 1.0],
                [1.0, -0.0, -0.0, -1e-06, 0.0, 0.813315, -0.581825, 0.3, 0.0, 0.581825, 0.813313, 0.0, 0.0, 0.0, 0.0, 1.0],
                [1.0, -1e-06, 0.0, -0.0, 1e-06, 0.766169, -0.642639, 0.3, 0.0, 0.64264, 0.766169, 0.0, 0.0, 0.0, 0.0, 1.0]
            ]
        },
        {
            "name": "Tool_R",
            "time": [0.0, 0.2, 0.2333, 0.2667, 0.3, 0.3333, 0.3667, 0.4, 0.4333, 0.4667, 0.5, 0.5333, 0.5667, 0.6667, 0.7667, 1.0, 1.3333, 1.6667, 2.0, 2.3333, 2.6667],
            "transform": [
                [-0.954645, -0.123325, -0.270917, -0.0, 0.262868, 0.078975, -0.961029, 0.272858, 0.139838, -0.989219, -0.042909, 0.0, 0.0, 0.0, 0.0, 1.0],
