{
    "animation": [
        {
            "name": "Root",
            "time": [0.0, 0.2333, 0.2667, 0.3, 0.3333, 0.5, 0.6667, 0.8, 0.9, 1.0, 1.1667, 1.3333, 1.5, 1.6667, 2.0, 2.1667, 2.3333, 2.5, 2.6667],
            "transform": [
                [1.0, -0.0, 0.0, -2.2e-05, 0.0, -0.0, -1.0, 4.1e-05, 0.0, 1.0, -0.0, 0.681546, 0.0, 0.0, 0.0, 1.0],
                [1.0, -0.0, 0.0, -2.2e-05, 0.0, -0.0, -1.0, -1.399959, 0.0, 1.0, -0.0, 0.376026, 0.0, 0.0, 0.0, 1.0],
                [1.0, -0.0, 0.0, -0.013659, 0.0, -0.0, -1.0, -2.384093, 0.0, 1.0, -0.0, 0.361815, 0.0, 0.0, 0.0, 1.0],
                [1.0, -0.0, 0.0, -0.030779, 0.0, -0.0, -1.0, -3.426909, 0.0, 1.0, -0.0, 0.411551, 0.0, 0.0, 0.0, 1.0],
                [1.0, -0.0, 0.0, -0.039194, 0.0, -0.0, -1.0, -4.285013, 0.0, 1.0, -0.0, 0.425761, 0.0, 0.0, 0.0, 1.0],
                [1.0, -0.0, 0.0, -0.009529, 0.0, -0.0, -1.0, -7.794073, 0.0, 1.0, -0.0, 0.447077, 0.0, 0.0, 0.0, 1.0],
                [1.0, -0.0, 0.0, -2e-05, 0.0, -0.0, -1.0, -10.299959, 0.0, 1.0, -0.0, 0.368921, 0.0, 0.0, 0.0, 1.0],
                [1.0, -0.0, 0.0, -0.050345, 0.0, -0.0, -1.0, -11.109976, 0.0, 1.0, -0.0, 0.32629, 0.0, 0.0, 0.0, 1.0],
                [1.0, -0.0, 0.0, -0.103707, 0.0, -0.0, -1.0, -11.388409, 0.0, 1.0, -0.0, 0.364485, 0.0, 0.0, 0.0, 1.0],
                [1.0, -0.0, 0.0, -0.160528, 0.0, -0.0, -1.0, -11.501513, 0.0, 1.0, -0.0, 0.375774, 0.0, 0.0, 0.0, 1.0],
                [1.0, -0.0, 0.0, -0.238652, 0.0, -0.0, -1.0, -11.607974, 0.0, 1.0, -0.0, 0.403437, 0.0, 0.0, 0.0, 1.0],
                [1.0, -0.0, 0.0, -0.26648, 0.0, -0.0, -1.0, -11.783809, 0.0, 1.0, -0.0, 0.411551, 0.0, 0.0, 0.0, 1.0],
                [1.0, -0.0, 0.0, -0.260315, 0.0, -0.0, -1.0, -11.792793, 0.0, 1.0, -0.0, 0.383131, 0.0, 0.0, 0.0, 1.0],
                [1.0, -0.0, 0.0, -0.260886, 0.0, -0.0, -1.0, -11.780963, 0.0, 1.0, -0.0, 0.390236, 0.0, 0.0, 0.0, 1.0],
                [1.0, -0.0, 0.0, -0.29867, 0.0, -0.0, -1.0, -11.645926, 0.0, 1.0, -0.0, 0.525233, 0.0, 0.0, 0.0, 1.0],
                [1.0, -0.0, 0.0, -0.311304, 0.0, -0.0, -1.0, -11.570965, 0.0, 1.0, -0.0, 0.589179, 0.0, 0.0, 0.0, 1.0],
                [1.0, -0.0, 0.0, -0.303728, 0.0, -0.0, -1.0, -11.562395, 0.0, 1.0, -0.0, 0.653125, 0.0, 0.0, 0.0, 1.0],
                [1.0, -0.0, 0.0, -0.261457, 0.0, -0.0, -1.0, -11.604007, 0.0, 1.0, -0.0, 0.66023, 0.0, 0.0, 0.0, 1.0],
                [1.0, -0.0, 0.0, -0.212184, 0.0, -0.0, -1.0, -11.677488, 0.0, 1.0, -0.0, 0.66023, 0.0, 0.0, 0.0, 1.0]
            ]
        },
        {
            "name": "Thigh_R",
            "time": [0.0, 0.2333, 0.2667, 0.3, 0.3333, 0.5, 0.6667, 0.8, 0.9, 1.0, 1.1667, 1.3333, 1.5, 1.6667, 2.0, 2.1667, 2.3333, 2.5, 2.6667],
            "transform": [
                [0.589238, 0.231014, 0.774229, 0.124994, 0.263976, -0.960709, 0.085754, -0.002831, 0.76362, 0.153848, -0.627069, -1.2e-05, 0.0, 0.0, 0.0, 1.0],
                [0.885593, 0.342803, 0.313387, 0.124994, -0.356555, 0.069377, 0.931694, -0.002831, 0.297646, -0.936843, 0.183667, -1.2e-05, 0.0, 0.0, 0.0, 1.0],
                [0.869265, 0.209462, 0.447777, 0.124994, -0.47518, 0.10427, 0.873688, -0.002831, 0.136315, -0.972242, 0.19017, -1.2e-05, 0.0, 0.0, 0.0, 1.0],
                [0.82716, 0.197823, 0.525996, 0.124994, -0.539732, 0.018981, 0.841622, -0.002831, 0.156509, -0.980054, 0.122471, -1.1e-05, 0.0, 0.0, 0.0, 1.0],
                [0.813606, 0.203071, 0.544799, 0.124994, -0.547659, -0.046962, 0.835382, -0.002831, 0.195227, -0.978038, 0.073004, -1.1e-05, 0.0, 0.0, 0.0, 1.0],
                [0.936065, 0.052285, 0.34792, 0.124994, -0.346959, -0.026745, 0.937498, -0.002831, 0.058322, -0.998274, -0.006895, -1.3e-05, 0.0, 0.0, 0.0, 1.0],
                [0.971248, 0.08228, 0.223397, 0.124994, -0.218814, -0.061162, 0.973847, -0.002831, 0.093792, -0.994731, -0.0414, -1.2e-05, 0.0, 0.0, 0.0, 1.0],
                [0.895902, 0.226689, 0.382063, 0.124994, -0.36313, -0.121756, 0.923748, -0.002831, 0.255922, -0.966328, -0.026764, -1.4e-05, 0.0, 0.0, 0.0, 1.0],
                [0.717585, 0.621238, 0.314858, 0.124994, -0.444927, 0.061093, 0.89348, -0.002831, 0.535829, -0.781237, 0.320244, -1.3e-05, 0.0, 0.0, 0.0, 1.0],
                [0.320197, 0.947239, 0.014546, 0.124994, -0.163896, 0.040266, 0.985655, -0.002831, 0.933066, -0.317988, 0.168141, -1.3e-05, 0.0, 0.0, 0.0, 1.0],
                [-0.250451, 0.941058, 0.227341, 0.124994, 0.501475, -0.074765, 0.861935, -0.00283, 0.828129, 0.329879, -0.453192, -1.2e-05, 0.0, 0.0, 0.0, 1.0],
                [-0.205527, 0.871403, 0.44544, 0.124994, 0.632764, -0.228895, 0.73974, -0.00283, 0.74657, 0.433896, -0.504348, -1.3e-05, 0.0, 0.0, 0.0, 1.0],
                [-0.00807, 0.900905, 0.433942, 0.124994, 0.723009, -0.294527, 0.624909, -0.002831, 0.690791, 0.318788, -0.648985, -1.3e-05, 0.0, 0.0, 0.0, 1.0],
                [0.151706, 0.888425, 0.433228, 0.124994, 0.734029, -0.394796, 0.552572, -0.00283, 0.661956, 0.234174, -0.712023, -1.3e-05, 0.0, 0.0, 0.0, 1.0],
                [0.315165, 0.797007, 0.515219, 0.124995, 0.568307, -0.593283, 0.570125, -0.00283, 0.760064, 0.11312, -0.639926, -1.4e-05, 0.0, 0.0, 0.0, 1.0],
                [0.386144, 0.675562, 0.628099, 0.124994, 0.487293, -0.72754, 0.482939, -0.002831, 0.783223, 0.119585, -0.610132, -1.3e-05, 0.0, 0.0, 0.0, 1.0],
                [0.454353, 0.531873, 0.714615, 0.124994, 0.426931, -0.834079, 0.349345, -0.00283, 0.781852, 0.146366, -0.606039, -1.2e-05, 0.0, 0.0, 0.0, 1.0],
                [0.530236, 0.355388, 0.769772, 0.124994, 0.36209, -0.915869, 0.173422, -0.00283, 0.766642, 0.186773, -0.614309, -1.2e-05, 0.0, 0.0, 0.0, 1.0],
                [0.589238, 0.231006, 0.774232, 0.124995, 0.26398, -0.960709, 0.085741, -0.002831, 0.763619, 0.153861, -0.627067, -1.4e-05, 0.0, 0.0, 0.0, 1.0]
            ]
        },
        {
            "name": "Leg_R",
            "time": [0.0, 0.2333, 0.2667, 0.3, 0.3333, 0.5, 0.6667, 0.8, 0.9, 1.0, 1.1667, 1.3333, 1.5, 1.6667, 2.0, 2.1667, 2.3333, 2.5, 2.6667],
            "transform": [
                [1.0, -1e-06, -1e-06, 0.0, 1e-06, 0.932201, 0.36194, 0.37472, 1e-06, -0.36194, 0.932201, -0.0, 0.0, 0.0, 0.0, 1.0],
                [1.0, -0.0, -2e-06, 0.0, 1e-06, 0.641854, 0.766826, 0.37472, 1e-06, -0.766827, 0.641854, 0.0, 0.0, 0.0, 0.0, 1.0],
                [1.0, -1e-06, -1e-06, -0.0, 1e-06, 0.753094, 0.657914, 0.37472, 1e-06, -0.657914, 0.753093, -0.0, 0.0, 0.0, 0.0, 1.0],
                [1.0, -1e-06, -1e-06, 0.0, 1e-06, 0.759019, 0.651068, 0.37472, 0.0, -0.651069, 0.759019, -0.0, 0.0, 0.0, 0.0, 1.0],
                [1.0, -1e-06, -1e-06, 0.0, 1e-06, 0.744047, 0.668127, 0.37472, 0.0, -0.668127, 0.744047, -0.0, 0.0, 0.0, 0.0, 1.0],
                [1.0, -1e-06, -1e-06, -0.0, 1e-06, 0.715842, 0.698262, 0.374721, 1e-06, -0.698262, 0.715842, -0.0, 0.0, 0.0, 0.0, 1.0],
                [1.0, -1e-06, -1e-06, -0.0, 1e-06, 0.638542, 0.769587, 0.374721, 0.0, -0.769588, 0.638541, 0.0, 0.0, 0.0, 0.0, 1.0],
                [1.0, -1e-06, -1e-06, 0.0, 1e-06, 0.704691, 0.709514, 0.374721, 0.0, -0.709515, 0.70469, 0.0, 0.0, 0.0, 0.0, 1.0],
                [1.0, 0.0, -1e-06, 0.0, 2e-06, -0.010319, 0.999946, 0.374721, 0.0, -0.999947, -0.010319, 0.0, 0.0, 0.0, 0.0, 1.0],
                [1.0, 1e-06, -1e-06, -2e-06, 2e-06, -0.461237, 0.887277, 0.37472, 0.0, -0.887276, -0.461238, -0.0, 0.0, 0.0, 0.0, 1.0],
                [1.0, 0.0, -1e-06, 1e-06, 1e-06, 0.032087, 0.999485, 0.37472, 0.0, -0.999485, 0.032087, -0.0, 0.0, 0.0, 0.0, 1.0],
                [1.0, -0.0, -1e-06, 0.0, 1e-06, 0.460078, 0.887878, 0.37472, 0.0, -0.88788, 0.460077, 0.0, 0.0, 0.0, 0.0, 1.0],
                [1.0, -0.0, -1e-06, 1e-06, 1e-06, 0.427768, 0.903888, 0.37472, 0.0, -0.903889, 0.427767, -1e-06, 0.0, 0.0, 0.0, 1.0],
                [1.0, -0.0, -1e-06, 1e-06, 1e-06, 0.418985, 0.907993, 0.37472, 1e-06, -0.907993, 0.418985, -1e-06, 0.0, 0.0, 0.0, 1.0],
                [1.0, -0.0, -2e-06, -1e-06, 2e-06, 0.440495, 0.897755, 0.37472, 0.0, -0.897756, 0.440495, 1e-06, 0.0, 0.0, 0.0, 1.0],
                [1.0, -0.0, -1e-06, -0.0, 1e-06, 0.595338, 0.803475, 0.37472, 0.0, -0.803476, 0.595338, 0.0, 0.0, 0.0, 0.0, 1.0],
                [1.0, -1e-06, -1e-06, -1e-06, 1e-06, 0.775589, 0.631238, 0.37472, 0.0, -0.631239, 0.775589, 1e-06, 0.0, 0.0, 0.0, 1.0],
                [1.0, -1e-06, -1e-06, 0.0, 1e-06, 0.889127, 0.457662, 0.37472, 0.0, -0.457662, 0.889126, -0.0, 0.0, 0.0, 0.0, 1.0],
                [1.0, -1e-06, -1e-06, -1e-06, 1e-06, 0.932201, 0.361941, 0.37472, 0.0, -0.361941, 0.932201, 1e-06, 0.0, 0.0, 0.0, 1.0]
            ]
        },
        {
            "name": "Knee_R",
            "time": [0.0, 0.2333, 0.2667, 0.3, 0.3333, 0.5, 0.6667, 0.8, 0.9, 1.0, 1.1667, 1.3333, 1.5, 1.6667, 2.0, 2.1667, 2.3333, 2.5, 2.6667],
            "transform": [
                [1.0, 0.0, -0.0, 0.0, -0.0, 1e-06, -1.0, 0.37472, -0.0, 1.0, 1e-06, -0.0, 0.0, 0.0, 0.0, 1.0],
                [1.0, 0.0, -0.0, 0.0, -0.0, 1e-06, -1.0, 0.37472, -0.0, 1.0, 1e-06, 0.0, 0.0, 0.0, 0.0, 1.0],
                [1.0, 0.0, -0.0, -0.0, -0.0, 1e-06, -1.0, 0.37472, -0.0, 1.0, 1e-06, -0.0, 0.0, 0.0, 0.0, 1.0],
                [1.0, 0.0, -0.0, 0.0, -0.0, 1e-06, -1.0, 0.37472, -0.0, 1.0, 1e-06, -0.0, 0.0, 0.0, 0.0, 1.0],
                [1.0, 0.0, -0.0, 0.0, -0.0, 1e-06, -1.0, 0.37472, -0.0, 1.0, 1e-06, -0.0, 0.0, 0.0, 0.0, 1.0],
                [1.0, 0.0, -0.0, -0.0, -0.0, 1e-06, -1.0, 0.374721, -0.0, 1.0, 1e-06, -0.0, 0.0, 0.0, 0.0, 1.0],
                [1.0, 0.0, -0.0, -0.0, -0.0, 1e-06, -1.0, 0.374721, -0.0, 1.0, 1e-06, 0.0, 0.0, 0.0, 0.0, 1.0],
                [1.0, 0.0, -0.0, 0.0, -0.0, 1e-06, -1.0, 0.374721, -0.0, 1.0, 1e-06, 0.0, 0.0, 0.0, 0.0, 1.0],
                [1.0, 0.0, -0.0, 0.0, -0.0, 1e-06, -1.0, 0.374721, 0.0, 1.0, 1e-06, 0.0, 0.0, 0.0, 0.0, 1.0],
                [1.0, 0.0, -0.0, -2e-06, -0.0, 1e-06, -1.0, 0.37472, -0.0, 1.0, 1e-06, -0.0, 0.0, 0.0, 0.0, 1.0],
                [1.0, 0.0, -0.0, 1e-06, -0.0, 1e-06, -1.0, 0.37472, -0.0, 1.0, 1e-06, -0.0, 0.0, 0.0, 0.0, 1.0],
                [1.0, 0.0, -0.0, 0.0, -0.0, 1e-06, -1.0, 0.37472, -0.0, 1.0, 1e-06, 0.0, 0.0, 0.0, 0.0, 1.0],
                [1.0, 0.0, -0.0, 1e-06, -0.0, 1e-06, -1.0, 0.37472, -0.0, 1.0, 1e-06, -1e-06, 0.0, 0.0, 0.0, 1.0],
                [1.0, 0.0, -0.0, 1e-06, -0.0, 1e-06, -1.0, 0.37472, -0.0, 1.0, 1e-06, -1e-06, 0.0, 0.0, 0.0, 1.0],
                [1.0, 0.0, -0.0, -1e-06, -0.0, 1e-06, -1.0, 0.37472, -0.0, 1.0, 1e-06, 1e-06, 0.0, 0.0, 0.0, 1.0],
                [1.0, 0.0, -0.0, -0.0, -0.0, 1e-06, -1.0, 0.37472, -0.0, 1.0, 1e-06, 0.0, 0.0, 0.0, 0.0, 1.0],
                [1.0, 0.0, -0.0, -1e-06, -0.0, 1e-06, -1.0, 0.37472, 0.0, 1.0, 1e-06, 1e-06, 0.0, 0.0, 0.0, 1.0],
                [1.0, 0.0, -0.0, 0.0, -0.0, 1e-06, -1.0, 0.37472, -0.0, 1.0, 1e-06, -0.0, 0.0, 0.0, 0.0, 1.0],
                [1.0, 0.0, -0.0, -1e-06, -0.0, 1e-06, -1.0, 0.37472, -0.0, 1.0, 1e-06, 1e-06, 0.0, 0.0, 0.0, 1.0]
            ]
        },
        {
            "name": "Thigh_L",
            "time": [0.0, 0.2333, 0.2667, 0.3, 0.3333, 0.5, 0.6667, 0.8, 0.9, 1.0, 1.1667, 1.3333, 1.5, 1.6667, 2.0, 2.1667, 2.3333, 2.5, 2.6667],
            "transform": [
                [0.893453, -0.046944, 0.446697, -0.125006, -0.213749, -0.919126, 0.330935, -0.002831, 0.395035, -0.391155, -0.831231, -1.2e-05, 0.0, 0.0, 0.0, 1.0],
                [0.878126, -0.469625, -0.091358, -0.125006, 0.31742, 0.429011, 0.845692, -0.002831, -0.357964, -0.771623, 0.525794, -1.2e-05, 0.0, 0.0, 0.0, 1.0],
                [0.891993, -0.415173, -0.178824, -0.125006, 0.412642, 0.586283, 0.697136, -0.002831, -0.184591, -0.695631, 0.694279, -1.2e-05, 0.0, 0.0, 0.0, 1.0],
                [0.970505, -0.211347, -0.115983, -0.125006, 0.238486, 0.771272, 0.590139, -0.002831, -0.035269, -0.600393, 0.798928, -1.1e-05, 0.0, 0.0, 0.0, 1.0],
                [0.996812, -0.076143, -0.023845, -0.125006, 0.076231, 0.82058, 0.566424, -0.002831, -0.023562, -0.566436, 0.823769, -1.2e-05, 0.0, 0.0, 0.0, 1.0],
                [0.992201, -0.109597, 0.059369, -0.125006, 0.021905, 0.622214, 0.782541, -0.00283, -0.122704, -0.775137, 0.619763, -1.2e-05, 0.0, 0.0, 0.0, 1.0],
                [0.979197, -0.101456, 0.175728, -0.125006, -0.139941, 0.289459, 0.946905, -0.002831, -0.146935, -0.951798, 0.26924, -1.3e-05, 0.0, 0.0, 0.0, 1.0],
                [0.924841, 0.071488, 0.373575, -0.125006, -0.375668, 0.018005, 0.926579, -0.002831, 0.059513, -0.997279, 0.043507, -1.4e-05, 0.0, 0.0, 0.0, 1.0],
                [0.808419, 0.21957, 0.546121, -0.125006, -0.51286, -0.192553, 0.836599, -0.002831, 0.28885, -0.956405, -0.043055, -1.5e-05, 0.0, 0.0, 0.0, 1.0],
                [0.658006, 0.414312, 0.628787, -0.125006, -0.532231, -0.334818, 0.777578, -0.00283, 0.53269, -0.846311, 0.000197, -1.4e-05, 0.0, 0.0, 0.0, 1.0],
                [0.375398, 0.654525, 0.656257, -0.125007, -0.4419, -0.495998, 0.747469, -0.00283, 0.81474, -0.570598, 0.103038, -1.3e-05, 0.0, 0.0, 0.0, 1.0],
                [0.221133, 0.707704, 0.671011, -0.125006, -0.515148, -0.499457, 0.696538, -0.00283, 0.828084, -0.499697, 0.254126, -1.4e-05, 0.0, 0.0, 0.0, 1.0],
                [0.410053, 0.636937, 0.652815, -0.125006, -0.566281, -0.38329, 0.729667, -0.00283, 0.71497, -0.668879, 0.203516, -1.3e-05, 0.0, 0.0, 0.0, 1.0],
                [0.629937, 0.491527, 0.601316, -0.125006, -0.523287, -0.303497, 0.796279, -0.00283, 0.57389, -0.816267, 0.066025, -1.3e-05, 0.0, 0.0, 0.0, 1.0],
                [0.798811, 0.299195, 0.521904, -0.125006, -0.236494, -0.641522, 0.729739, -0.002831, 0.553148, -0.706351, -0.441697, -1.2e-05, 0.0, 0.0, 0.0, 1.0],
                [0.852523, 0.205434, 0.480626, -0.125006, -0.141717, -0.794234, 0.590854, -0.00283, 0.503111, -0.57183, -0.647989, -1.4e-05, 0.0, 0.0, 0.0, 1.0],
                [0.873097, 0.112298, 0.474437, -0.125006, -0.116502, -0.896866, 0.426683, -0.002831, 0.473422, -0.427809, -0.769968, -1.2e-05, 0.0, 0.0, 0.0, 1.0],
                [0.878623, 0.035357, 0.476205, -0.125006, -0.160976, -0.916949, 0.365091, -0.00283, 0.449564, -0.397435, -0.799961, -1.3e-05, 0.0, 0.0, 0.0, 1.0],
                [0.893311, -0.046846, 0.446991, -0.125006, -0.213761, -0.919146, 0.330873, -0.00283, 0.39535, -0.391122, -0.831097, -1.3e-05, 0.0, 0.0, 0.0, 1.0]
            ]
        },
        {
            "name": "Leg_L",
            "time": [0.0, 0.2333, 0.2667, 0.3, 0.3333, 0.5, 0.6667, 0.8, 0.9, 1.0, 1.1667, 1.3333, 1.5, 1.6667, 2.0, 2.1667, 2.3333, 2.5, 2.6667],
            "transform": [
                [1.0, -1e-06, 0.0, 0.0, 1e-06, 0.862423, 0.506188, 0.37472, -1e-06, -0.506187, 0.862424, 0.0, 0.0, 0.0, 0.0, 1.0],
                [1.0, -1e-06, -1e-06, 0.0, 1e-06, -0.180766, 0.983526, 0.37472, -1e-06, -0.983526, -0.180766, -0.0, 0.0, 0.0, 0.0, 1.0],
                [1.0, -0.0, -1e-06, 0.0, 1e-06, -0.406253, 0.913761, 0.37472, -1e-06, -0.913761, -0.406252, 0.0, 0.0, 0.0, 0.0, 1.0],
                [1.0, 0.0, -1e-06, 0.0, 1e-06, -0.676035, 0.73687, 0.37472, -1e-06, -0.73687, -0.676035, -0.0, 0.0, 0.0, 0.0, 1.0],
                [1.0, 0.0, -1e-06, -0.0, 1e-06, -0.805272, 0.592906, 0.37472, -1e-06, -0.592906, -0.805271, -0.0, 0.0, 0.0, 0.0, 1.0],
                [1.0, 1e-06, -1e-06, 0.0, 1e-06, -0.856193, 0.516655, 0.37472, -1e-06, -0.516656, -0.856193, 0.0, 0.0, 0.0, 0.0, 1.0],
                [1.0, 0.0, -1e-06, -0.0, 1e-06, -0.791497, 0.611174, 0.374721, -1e-06, -0.611174, -0.791496, 0.0, 0.0, 0.0, 0.0, 1.0],
                [1.000001, 0.0, -1e-06, 0.0, 1e-06, -0.631081, 0.775717, 0.374721, -1e-06, -0.775717, -0.631081, -0.0, 0.0, 0.0, 0.0, 1.0],
                [1.0, -0.0, -1e-06, -0.0, 1e-06, -0.475147, 0.879906, 0.37472, -1e-06, -0.879907, -0.475146, -0.0, 0.0, 0.0, 0.0, 1.0],
                [1.0, -0.0, -1e-06, 0.0, 1e-06, -0.438267, 0.898845, 0.37472, -1e-06, -0.898845, -0.438267, 0.0, 0.0, 0.0, 0.0, 1.0],
                [1.0, -0.0, -1e-06, 0.0, 1e-06, -0.45467, 0.89066, 0.37472, -1e-06, -0.89066, -0.45467, -0.0, 0.0, 0.0, 0.0, 1.0],
                [1.0, -0.0, -1e-06, 1e-06, 1e-06, -0.410964, 0.911651, 0.374719, -1e-06, -0.911651, -0.410964, -0.0, 0.0, 0.0, 0.0, 1.0],
                [1.0, -0.0, -1e-06, -2e-06, 1e-06, -0.422189, 0.906508, 0.374721, -1e-06, -0.906508, -0.422189, 0.0, 0.0, 0.0, 0.0, 1.0],
                [1.0, -0.0, -1e-06, 0.0, 1e-06, -0.372271, 0.928124, 0.374721, -1e-06, -0.928125, -0.372271, 0.0, 0.0, 0.0, 0.0, 1.0],
                [1.0, -1e-06, -1e-06, 1e-06, 1e-06, 0.056477, 0.998403, 0.374719, -1e-06, -0.998404, 0.056477, 0.0, 0.0, 0.0, 0.0, 1.0],
                [1.000001, -1e-06, -1e-06, -0.0, 1e-06, 0.357155, 0.934045, 0.374721, -1e-06, -0.934045, 0.357155, -0.0, 0.0, 0.0, 0.0, 1.0],
                [1.0, -1e-06, -0.0, -1e-06, 1e-06, 0.637348, 0.770576, 0.37472, -1e-06, -0.770575, 0.637349, -1e-06, 0.0, 0.0, 0.0, 1.0],
                [1.0, -1e-06, 0.0, 1e-06, 1e-06, 0.766629, 0.642091, 0.37472, -1e-06, -0.64209, 0.766629, 1e-06, 0.0, 0.0, 0.0, 1.0],
                [1.0, -1e-06, 0.0, 0.0, 1e-06, 0.862423, 0.506188, 0.37472, -1e-06, -0.506188, 0.862423, 0.0, 0.0, 0.0, 0.0, 1.0]
            ]
        },
        {
            "name": "Knee_L",
            "time": [0.0, 0.2333, 0.2667, 0.3, 0.3333, 0.5, 0.6667, 0.8, 0.9, 1.0, 1.1667, 1.3333, 1.5, 1.6667, 2.0, 2.1667, 2.3333, 2.5, 2.6667],
            "transform": [
                [1.0, 0.0, -0.0, 0.0, -0.0, 1e-06, -1.0, 0.37472, -0.0, 1.0, 1e-06, 0.0, 0.0, 0.0, 0.0, 1.0],
                [1.0, 0.0, -0.0, 0.0, -0.0, 1e-06, -1.0, 0.37472, -0.0, 1.0, 1e-06, -0.0, 0.0, 0.0, 0.0, 1.0],
                [1.0, 0.0, -0.0, 0.0, -0.0, 1e-06, -1.0, 0.37472, -0.0, 1.0, 1e-06, 0.0, 0.0, 0.0, 0.0, 1.0],
                [1.0, 0.0, -0.0, 0.0, -0.0, 1e-06, -1.0, 0.37472, -0.0, 1.0, 1e-06, -0.0, 0.0, 0.0, 0.0, 1.0],
                [1.0, 0.0, -0.0, -0.0, -0.0, 1e-06, -1.0, 0.37472, -0.0, 1.0, 1e-06, -0.0, 0.0, 0.0, 0.0, 1.0],
                [1.0, 0.0, -0.0, 0.0, -0.0, 1e-06, -1.0, 0.37472, -0.0, 1.0, 1e-06, 0.0, 0.0, 0.0, 0.0, 1.0],
                [1.0, 0.0, -0.0, -0.0, -0.0, 1e-06, -1.0, 0.374721, -0.0, 1.0, 1e-06, 0.0, 0.0, 0.0, 0.0, 1.0],
                [1.0, 0.0, -0.0, 0.0, -0.0, 1e-06, -1.0, 0.374721, -0.0, 1.0, 1e-06, -0.0, 0.0, 0.0, 0.0, 1.0],
                [1.0, 0.0, -0.0, -0.0, -0.0, 1e-06, -1.0, 0.37472, -0.0, 1.0, 1e-06, -0.0, 0.0, 0.0, 0.0, 1.0],
                [1.0, 0.0, -0.0, 0.0, -0.0, 1e-06, -1.0, 0.37472, -0.0, 1.0, 1e-06, 0.0, 0.0, 0.0, 0.0, 1.0],
                [1.0, 0.0, -0.0, 0.0, -0.0, 1e-06, -1.0, 0.37472, 0.0, 1.0, 1e-06, -0.0, 0.0, 0.0, 0.0, 1.0],
                [1.0, 0.0, -0.0, 1e-06, -0.0, 1e-06, -1.0, 0.374719, -0.0, 1.0, 1e-06, -0.0, 0.0, 0.0, 0.0, 1.0],
                [1.0, 0.0, -0.0, -2e-06, -0.0, 1e-06, -1.0, 0.374721, -0.0, 1.0, 1e-06, 0.0, 0.0, 0.0, 0.0, 1.0],
                [1.0, 0.0, -0.0, 0.0, -0.0, 1e-06, -1.0, 0.374721, -0.0, 1.0, 1e-06, 0.0, 0.0, 0.0, 0.0, 1.0],
                [1.0, 0.0, -0.0, 1e-06, -0.0, 1e-06, -1.0, 0.374719, -0.0, 1.0, 1e-06, 0.0, 0.0, 0.0, 0.0, 1.0],
                [1.0, 0.0, -0.0, -0.0, -0.0, 1e-06, -1.0, 0.374721, -0.0, 1.0, 1e-06, -0.0, 0.0, 0.0, 0.0, 1.0],
                [1.0, 0.0, -0.0, -1e-06, -0.0, 1e-06, -1.0, 0.37472, -0.0, 1.0, 1e-06, -1e-06, 0.0, 0.0, 0.0, 1.0],
                [1.0, 0.0, -0.0, 1e-06, -0.0, 1e-06, -1.0, 0.37472, -0.0, 1.0, 1e-06, 1e-06, 0.0, 0.0, 0.0, 1.0],
                [1.0, 0.0, -0.0, 0.0, -0.0, 1e-06, -1.0, 0.37472, -0.0, 1.0, 1e-06, 0.0, 0.0, 0.0, 0.0, 1.0]
            ]
        },
        {
            "name": "Torso",
            "time": [0.0, 0.2333, 0.2667, 0.3, 0.3333, 0.5, 0.6667, 0.8, 0.9, 1.0, 1.1667, 1.3333, 1.5, 1.6667, 2.0, 2.1667, 2.3333, 2.5, 2.6667],
            "transform": [
                [0.701234, -0.067462, -0.709732, 0.0, 0.007342, 0.996144, -0.087433, 0.05, 0.712893, 0.0561, 0.699025, 0.0, 0.0, 0.0, 0.0, 1.0],
                [0.801102, -0.1344, -0.583242, 0.0, 0.034594, 0.983231, -0.179055, 0.05, 0.597527, 0.123265, 0.792318, -0.0, 0.0, 0.0, 0.0, 1.0],
                [0.918336, -0.141731, -0.369555, -0.0, -0.064184, 0.868004, -0.492392, 0.05, 0.390563, 0.475901, 0.788023, -0.0, 0.0, 0.0, 0.0, 1.0],
                [0.983781, -0.060043, -0.169026, -0.0, -0.090262, 0.648604, -0.755755, 0.05, 0.155009, 0.758755, 0.632664, -0.0, 0.0, 0.0, 0.0, 1.0],
                [0.997016, 0.004592, -0.077056, 0.0, -0.068572, 0.511095, -0.856784, 0.05, 0.035449, 0.859512, 0.509885, -0.0, 0.0, 0.0, 0.0, 1.0],
                [0.991946, -0.104576, -0.071464, 0.0, 0.009787, 0.625805, -0.779918, 0.05, 0.126283, 0.772937, 0.621788, -0.0, 0.0, 0.0, 0.0, 1.0],
                [0.935468, -0.222068, -0.274928, 0.0, 0.048326, 0.850998, -0.522942, 0.05, 0.350092, 0.475909, 0.806812, -1e-06, 0.0, 0.0, 0.0, 1.0],
                [0.848828, -0.153523, -0.505888, -0.0, 0.009338, 0.961112, -0.276001, 0.05, 0.528588, 0.229553, 0.817252, -1e-06, 0.0, 0.0, 0.0, 1.0],
                [0.739698, -0.024948, -0.672477, -0.0, -0.006053, 0.999026, -0.043721, 0.05, 0.672912, 0.036411, 0.738826, -1e-06, 0.0, 0.0, 0.0, 1.0],
                [0.606451, 0.141993, -0.78234, 0.0, 0.01187, 0.982199, 0.187468, 0.05, 0.795033, -0.122976, 0.59397, -1e-06, 0.0, 0.0, 0.0, 1.0],
                [0.412102, 0.387849, -0.824466, 0.0, 0.101618, 0.879666, 0.46461, 0.05, 0.905453, -0.275248, 0.323099, -1e-06, 0.0, 0.0, 0.0, 1.0],
                [0.355113, 0.463393, -0.811888, -0.0, 0.18461, 0.816628, 0.546844, 0.05, 0.916414, -0.344074, 0.204448, -1e-06, 0.0, 0.0, 0.0, 1.0],
                [0.397619, 0.405034, -0.823314, -0.0, 0.212816, 0.832116, 0.512144, 0.05, 0.892529, -0.378853, 0.244668, -1e-06, 0.0, 0.0, 0.0, 1.0],
                [0.436107, 0.33217, -0.836346, -0.0, 0.195738, 0.872115, 0.448444, 0.05, 0.878349, -0.359274, 0.315317, -1e-06, 0.0, 0.0, 0.0, 1.0],
                [0.484324, 0.195842, -0.852688, 0.0, 0.050926, 0.966661, 0.250945, 0.05, 0.873405, -0.164962, 0.458204, -1e-06, 0.0, 0.0, 0.0, 1.0],
                [0.523279, 0.123621, -0.843147, -0.0, -0.023035, 0.991112, 0.131019, 0.05, 0.85185, -0.049137, 0.521476, -1e-06, 0.0, 0.0, 0.0, 1.0],
                [0.573732, 0.058176, -0.816974, -0.0, -0.055308, 0.997949, 0.032222, 0.05, 0.817173, 0.026699, 0.575773, -1e-06, 0.0, 0.0, 0.0, 1.0],
                [0.639005, -0.004925, -0.769186, -0.0, -0.031219, 0.99899, -0.032331, 0.05, 0.768568, 0.044673, 0.638206, -1e-06, 0.0, 0.0, 0.0, 1.0],
                [0.701234, -0.067462, -0.709732, -0.0, 0.007342, 0.996144, -0.087433, 0.05, 0.712893, 0.0561, 0.699025, -1e-06, 0.0, 0.0, 0.0, 1.0]
            ]
        },
        {
            "name": "Chest",
            "time": [0.0, 0.2333, 0.2667, 0.3, 0.3333, 0.5, 0.6667, 0.8, 0.9, 1.0, 1.1667, 1.3333, 1.5, 1.6667, 2.0, 2.1667, 2.3333, 2.5, 2.6667],
            "transform": [
                [0.961218, -0.076493, -0.264969, -0.0, 0.082781, 0.996488, 0.012627, 0.3, 0.263072, -0.034072, 0.964175, 0.0, 0.0, 0.0, 0.0, 1.0],
                [0.945802, -0.06552, 0.318064, 0.0, -0.053358, 0.93477, 0.351225, 0.3, -0.320328, -0.349161, 0.880611, -0.0, 0.0, 0.0, 0.0, 1.0],
                [0.954578, 0.006847, 0.297883, 0.0, -0.138521, 0.895329, 0.423318, 0.3, -0.263804, -0.445353, 0.85561, -0.0, 0.0, 0.0, 0.0, 1.0],
                [0.963008, 0.072329, 0.259584, 0.0, -0.19415, 0.854259, 0.482232, 0.3, -0.186873, -0.514791, 0.836701, 0.0, 0.0, 0.0, 0.0, 1.0],
                [0.972834, 0.105459, 0.206086, -0.0, -0.200243, 0.830051, 0.520499, 0.3, -0.11617, -0.547626, 0.82862, -0.0, 0.0, 0.0, 0.0, 1.0],
                [0.968022, 0.028666, -0.249218, -0.0, 0.117294, 0.826446, 0.550663, 0.3, 0.22175, -0.562286, 0.796657, -0.0, 0.0, 0.0, 0.0, 1.0],
                [0.800287, -0.075423, -0.594855, -0.0, 0.401649, 0.804035, 0.438413, 0.3, 0.445217, -0.589779, 0.673752, 1e-06, 0.0, 0.0, 0.0, 1.0],
                [0.753181, -0.080911, -0.652817, -0.0, 0.435476, 0.805137, 0.402636, 0.3, 0.493029, -0.587545, 0.641649, 1e-06, 0.0, 0.0, 0.0, 1.0],
                [0.754257, -0.077782, -0.651955, 1e-06, 0.422751, 0.81728, 0.391581, 0.3, 0.502372, -0.570968, 0.649322, -1e-06, 0.0, 0.0, 0.0, 1.0],
                [0.772816, -0.071118, -0.630632, -0.0, 0.392781, 0.834112, 0.387273, 0.3, 0.498476, -0.546992, 0.672549, 0.0, 0.0, 0.0, 0.0, 1.0],
                [0.811432, -0.060946, -0.58126, 0.0, 0.335403, 0.863033, 0.377728, 0.3, 0.478626, -0.501457, 0.720734, -0.0, 0.0, 0.0, 0.0, 1.0],
                [0.832004, -0.039884, -0.553334, -0.0, 0.280147, 0.891103, 0.357005, 0.3, 0.478838, -0.452045, 0.752575, -0.0, 0.0, 0.0, 0.0, 1.0],
                [0.854626, -0.000577, -0.519243, -0.0, 0.202925, 0.920842, 0.332973, 0.3, 0.477949, -0.389935, 0.787093, 0.0, 0.0, 0.0, 0.0, 1.0],
                [0.872761, 0.029183, -0.487275, 1e-06, 0.128876, 0.94902, 0.287667, 0.299999, 0.470828, -0.313862, 0.824507, 0.0, 0.0, 0.0, 0.0, 1.0],
                [0.90365, 0.012169, -0.428098, -0.0, 0.034207, 0.994352, 0.100471, 0.3, 0.426903, -0.105434, 0.89813, 1e-06, 0.0, 0.0, 0.0, 1.0],
                [0.920409, -0.006644, -0.3909, 1e-06, 0.033542, 0.997511, 0.062022, 0.3, 0.389514, -0.070198, 0.918341, -0.0, 0.0, 0.0, 0.0, 1.0],
                [0.935959, -0.028926, -0.350918, 1e-06, 0.045973, 0.998127, 0.040342, 0.3, 0.349094, -0.053892, 0.935537, -0.0, 0.0, 0.0, 0.0, 1.0],
                [0.950265, -0.052838, -0.306927, -1e-06, 0.064314, 0.997554, 0.027391, 0.3, 0.304728, -0.045769, 0.951339, 1e-06, 0.0, 0.0, 0.0, 1.0],
                [0.961218, -0.076493, -0.264969, 0.0, 0.082781, 0.996488, 0.012627, 0.3, 0.263072, -0.034072, 0.964175, 0.0, 0.0, 0.0, 0.0, 1.0]
            ]
        },
        {
            "name": "Head",
            "time": [0.0, 0.2333, 0.2667, 0.3, 0.3333, 0.5, 0.6667, 0.8, 0.9, 1.0, 1.1667, 1.3333, 1.5, 1.6667, 2.0, 2.1667, 2.3333, 2.5, 2.6667],
            "transform": [
                [0.548036, 0.020703, 0.836199, 0.0, -0.120741, 0.991182, 0.054592, 0.4, -0.827693, -0.130882, 0.545704, -0.0, 0.0, 0.0, 0.0, 1.0],
                [0.955225, 0.180482, 0.234458, 0.0, -0.173357, 0.983546, -0.050828, 0.4, -0.239773, 0.007907, 0.970797, -0.0, 0.0, 0.0, 0.0, 1.0],
                [0.985566, 0.162593, -0.047126, -0.0, -0.14884, 0.964907, 0.216336, 0.4, 0.080646, -0.206199, 0.975182, -0.0, 0.0, 0.0, 0.0, 1.0],
                [0.943754, 0.191723, -0.269387, 0.0, -0.074096, 0.916638, 0.392791, 0.4, 0.322237, -0.350738, 0.879288, 0.0, 0.0, 0.0, 0.0, 1.0],
                [0.92129, 0.1963, -0.335693, -0.0, -0.029502, 0.896036, 0.443001, 0.4, 0.387754, -0.398229, 0.831301, 0.0, 0.0, 0.0, 0.0, 1.0],
                [0.990115, 0.081515, 0.11413, -0.0, -0.11834, 0.922303, 0.367903, 0.4, -0.075273, -0.377773, 0.922834, -1e-06, 0.0, 0.0, 0.0, 1.0],
                [0.794929, 0.10918, 0.596797, -0.0, -0.229748, 0.964588, 0.129558, 0.4, -0.561518, -0.240102, 0.791864, 1e-06, 0.0, 0.0, 0.0, 1.0],
                [0.63592, 0.207892, 0.743228, 0.0, -0.200784, 0.974439, -0.10077, 0.4, -0.745178, -0.085146, 0.661407, 0.0, 0.0, 0.0, 0.0, 1.0],
                [0.534684, 0.295234, 0.791802, -1e-06, -0.14467, 0.955133, -0.258442, 0.4, -0.832576, 0.023635, 0.553406, 0.0, 0.0, 0.0, 0.0, 1.0],
                [0.454451, 0.377395, 0.806875, -1e-06, -0.071962, 0.91841, -0.389032, 0.4, -0.887859, 0.118732, 0.444531, -0.0, 0.0, 0.0, 0.0, 1.0],
                [0.352977, 0.482222, 0.801791, 0.0, 0.049715, 0.846074, -0.530742, 0.399999, -0.93431, 0.227201, 0.274671, -0.0, 0.0, 0.0, 0.0, 1.0],
                [0.245578, 0.524138, 0.815457, 0.0, 0.14693, 0.811373, -0.565762, 0.4, -0.958176, 0.258753, 0.122243, 0.0, 0.0, 0.0, 0.0, 1.0],
                [0.123228, 0.496733, 0.859111, 0.0, 0.210192, 0.833003, -0.511787, 0.4, -0.969863, 0.243645, -0.00176, 0.0, 0.0, 0.0, 0.0, 1.0],
                [0.063323, 0.444227, 0.893674, 0.0, 0.175809, 0.876502, -0.448148, 0.4, -0.982385, 0.185494, -0.022596, 0.0, 0.0, 0.0, 0.0, 1.0],
                [0.281779, 0.301194, 0.910979, 1e-06, -0.196183, 0.947479, -0.252579, 0.4, -0.939208, -0.107547, 0.326069, -0.0, 0.0, 0.0, 0.0, 1.0],
                [0.363057, 0.236237, 0.901323, -2e-06, -0.215438, 0.962397, -0.165465, 0.4, -0.906518, -0.134106, 0.4003, -0.0, 0.0, 0.0, 0.0, 1.0],
                [0.431812, 0.166526, 0.886458, -0.0, -0.193343, 0.977053, -0.089363, 0.4, -0.880997, -0.132802, 0.454101, 0.0, 0.0, 0.0, 0.0, 1.0],
                [0.492092, 0.092881, 0.865575, 0.0, -0.154025, 0.987895, -0.018441, 0.4, -0.856808, -0.124245, 0.500442, -0.0, 0.0, 0.0, 0.0, 1.0],
                [0.548036, 0.020703, 0.836199, 0.0, -0.120741, 0.991182, 0.054592, 0.4, -0.827693, -0.130882, 0.545704, 0.0, 0.0, 0.0, 0.0, 1.0]
            ]
        },
        {
            "name": "Shoulder_R",
            "time": [0.0, 0.2333, 0.2667, 0.3, 0.3333, 0.5, 0.6667, 0.8, 0.9, 1.0, 1.1667, 1.3333, 1.5, 1.6667, 2.0, 2.1667, 2.3333, 2.5, 2.6667],
            "transform": [
                [0.292909, 0.909181, -0.295961, 0.0, 0.747623, -0.410742, -0.521873, 0.4, -0.59604, -0.068406, -0.800036, -0.0, 0.0, 0.0, 0.0, 1.0],
                [0.25929, 0.693142, -0.672548, 0.0, 0.674058, -0.62859, -0.387969, 0.4, -0.691676, -0.352739, -0.630206, -0.0, 0.0, 0.0, 0.0, 1.0],
                [0.234859, 0.687992, -0.686664, -0.0, 0.680559, -0.620772, -0.389205, 0.4, -0.694034, -0.375906, -0.614014, -0.0, 0.0, 0.0, 0.0, 1.0],
                [0.189065, 0.731492, -0.655113, 0.0, 0.702506, -0.566896, -0.430248, 0.4, -0.686105, -0.378875, -0.621059, 0.0, 0.0, 0.0, 0.0, 1.0],
                [0.159141, 0.765846, -0.623018, -0.0, 0.715523, -0.524273, -0.461697, 0.4, -0.680222, -0.372308, -0.631416, 0.0, 0.0, 0.0, 0.0, 1.0],
                [0.146849, 0.801079, -0.580264, -0.0, 0.715745, -0.490959, -0.496657, 0.4, -0.682748, -0.342387, -0.645467, -1e-06, 0.0, 0.0, 0.0, 1.0],
                [0.163625, 0.816365, -0.553873, -0.0, 0.681742, -0.499379, -0.534647, 0.4, -0.713058, -0.290117, -0.638263, 1e-06, 0.0, 0.0, 0.0, 1.0],
                [0.183346, 0.84063, -0.509632, 0.0, 0.658541, -0.489931, -0.571219, 0.4, -0.729868, -0.230883, -0.643417, 0.0, 0.0, 0.0, 0.0, 1.0],
                [0.204326, 0.859126, -0.469205, -1e-06, 0.644028, -0.478952, -0.596518, 0.4, -0.737209, -0.180297, -0.651165, 0.0, 0.0, 0.0, 0.0, 1.0],
                [0.22417, 0.876355, -0.426321, -1e-06, 0.634524, -0.463276, -0.618672, 0.4, -0.739679, -0.131823, -0.659922, -0.0, 0.0, 0.0, 0.0, 1.0],
                [0.238874, 0.900901, -0.362375, 0.0, 0.630589, -0.427701, -0.647633, 0.399999, -0.73844, -0.073806, -0.670267, -0.0, 0.0, 0.0, 0.0, 1.0],
                [0.199534, 0.924877, -0.323709, 0.0, 0.651859, -0.371937, -0.660866, 0.4, -0.731618, -0.079147, -0.677105, 0.0, 0.0, 0.0, 0.0, 1.0],
                [0.125181, 0.943916, -0.305536, 0.0, 0.679751, -0.305918, -0.666597, 0.4, -0.722679, -0.124243, -0.679925, 0.0, 0.0, 0.0, 0.0, 1.0],
                [0.083231, 0.951119, -0.297398, 0.0, 0.677381, -0.272884, -0.683147, 0.4, -0.730907, -0.144593, -0.666984, 0.0, 0.0, 0.0, 0.0, 1.0],
                [0.137621, 0.945801, -0.294144, 1e-06, 0.540458, -0.320569, -0.777908, 0.4, -0.830039, -0.051916, -0.555284, -0.0, 0.0, 0.0, 0.0, 1.0],
                [0.178752, 0.938112, -0.296636, -2e-06, 0.576338, -0.344187, -0.741195, 0.4, -0.797422, -0.038473, -0.602195, -0.0, 0.0, 0.0, 0.0, 1.0],
                [0.217846, 0.929834, -0.296563, -0.0, 0.63508, -0.36578, -0.680352, 0.4, -0.741091, -0.040129, -0.670205, 0.0, 0.0, 0.0, 0.0, 1.0],
                [0.257677, 0.920245, -0.294533, 0.0, 0.697867, -0.388076, -0.601979, 0.4, -0.668269, -0.050428, -0.742209, -0.0, 0.0, 0.0, 0.0, 1.0],
                [0.292909, 0.909181, -0.295961, 0.0, 0.747624, -0.410742, -0.521872, 0.4, -0.59604, -0.068406, -0.800036, 0.0, 0.0, 0.0, 0.0, 1.0]
            ]
        },
        {
            "name": "Arm_R",
            "time": [0.0, 0.2333, 0.2667, 0.3, 0.3333, 0.5, 0.6667, 0.8, 0.9, 1.0, 1.1667, 1.3333, 1.5, 1.6667, 2.0, 2.1667, 2.3333, 2.5, 2.6667],
            "transform": [
                [0.386234, -0.818537, 0.42523, -0.0, 0.755358, 0.545258, 0.363494, 0.39386, -0.529393, 0.180808, 0.828886, -0.0, 0.0, 0.0, 0.0, 1.0],
                [0.889481, -0.314751, 0.331294, -0.0, 0.083301, 0.824509, 0.559685, 0.393861, -0.449315, -0.470231, 0.759605, -0.0, 0.0, 0.0, 0.0, 1.0],
                [0.96241, -0.228557, 0.146721, 0.0, 0.061728, 0.710146, 0.701344, 0.39386, -0.26449, -0.665923, 0.697562, 0.0, 0.0, 0.0, 0.0, 1.0],
                [0.96811, -0.24567, -0.049082, 0.0, 0.175091, 0.523373, 0.833922, 0.393861, -0.179181, -0.815921, 0.549697, 0.0, 0.0, 0.0, 0.0, 1.0],
                [0.95708, -0.258236, -0.131563, 0.0, 0.231936, 0.410272, 0.881978, 0.393861, -0.173781, -0.874638, 0.452559, 0.0, 0.0, 0.0, 0.0, 1.0],
                [0.948887, -0.273412, 0.157659, 0.0, 0.016528, 0.541896, 0.840285, 0.39386, -0.315177, -0.79473, 0.518719, -0.0, 0.0, 0.0, 0.0, 1.0],
                [0.813135, -0.368128, 0.450878, -0.0, 0.026446, 0.797174, 0.603171, 0.393861, -0.581472, -0.478537, 0.657945, 1e-06, 0.0, 0.0, 0.0, 1.0],
                [0.738145, -0.448238, 0.504207, 0.0, 0.2096, 0.862755, 0.460134, 0.39386, -0.641255, -0.233964, 0.730788, 0.0, 0.0, 0.0, 0.0, 1.0],
                [0.693416, -0.506692, 0.512287, -0.0, 0.373099, 0.860736, 0.346315, 0.39386, -0.616418, -0.049006, 0.785891, 0.0, 0.0, 0.0, 0.0, 1.0],
                [0.649935, -0.565756, 0.507449, -0.0, 0.526815, 0.816639, 0.235731, 0.393861, -0.547769, 0.114122, 0.828808, 0.0, 0.0, 0.0, 0.0, 1.0],
                [0.568036, -0.655449, 0.497717, 0.0, 0.713624, 0.69352, 0.098856, 0.393861, -0.409972, 0.29903, 0.861686, -0.0, 0.0, 0.0, 0.0, 1.0],
                [0.492498, -0.733422, 0.46855, -0.0, 0.79701, 0.596337, 0.095699, 0.393859, -0.349602, 0.326308, 0.878236, 0.0, 0.0, 0.0, 0.0, 1.0],
                [0.446735, -0.802375, 0.395757, 0.0, 0.814254, 0.547928, 0.191751, 0.393861, -0.370704, 0.236586, 0.89811, -0.0, 0.0, 0.0, 0.0, 1.0],
                [0.427479, -0.820188, 0.380206, 0.0, 0.797425, 0.540232, 0.268821, 0.393859, -0.425884, 0.188271, 0.884971, 0.0, 0.0, 0.0, 0.0, 1.0],
                [0.417322, -0.720871, 0.553342, -0.0, 0.68775, 0.648536, 0.326193, 0.393861, -0.594006, 0.244434, 0.766425, 0.0, 0.0, 0.0, 0.0, 1.0],
                [0.417534, -0.700537, 0.578717, -0.0, 0.656102, 0.673054, 0.341363, 0.393861, -0.628646, 0.237168, 0.740645, -0.0, 0.0, 0.0, 0.0, 1.0],
                [0.419291, -0.714644, 0.559893, 0.0, 0.659307, 0.663667, 0.353358, 0.39386, -0.624107, 0.220982, 0.749437, -0.0, 0.0, 0.0, 0.0, 1.0],
                [0.41119, -0.765951, 0.494209, 0.0, 0.706692, 0.610315, 0.357915, 0.393861, -0.575769, 0.202083, 0.792244, 0.0, 0.0, 0.0, 0.0, 1.0],
                [0.386234, -0.818537, 0.42523, -0.0, 0.755358, 0.545258, 0.363494, 0.393861, -0.529393, 0.180808, 0.828886, -1e-06, 0.0, 0.0, 0.0, 1.0]
            ]
        },
        {
            "name": "Hand_R",
            "time": [0.0, 0.2333, 0.2667, 0.3, 0.3333, 0.5, 0.6667, 0.8, 0.9, 1.0, 1.1667, 1.3333, 1.5, 1.6667, 2.0, 2.1667, 2.3333, 2.5, 2.6667],
            "transform": [
                [1.000001, 2e-06, -0.0, -0.0, -1e-06, 0.766168, -0.642641, 0.3, -1e-06, 0.64264, 0.766169, -0.0, 0.0, 0.0, 0.0, 1.0],
                [1.000002, 2e-06, 0.0, 0.0, -1e-06, 0.849515, -0.527562, 0.3, -1e-06, 0.527561, 0.849517, -0.0, 0.0, 0.0, 0.0, 1.0],
                [1.000001, 2e-06, 0.0, -0.0, -2e-06, 0.898102, -0.439784, 0.3, -1e-06, 0.439783, 0.898104, 0.0, 0.0, 0.0, 0.0, 1.0],
                [1.000001, 2e-06, 0.0, 0.0, -2e-06, 0.93714, -0.348952, 0.3, -1e-06, 0.348952, 0.93714, -0.0, 0.0, 0.0, 0.0, 1.0],
                [1.000001, 2e-06, 0.0, 0.0, -2e-06, 0.950227, -0.311554, 0.3, -1e-06, 0.311554, 0.950227, 0.0, 0.0, 0.0, 0.0, 1.0],
                [1.0, 2e-06, 0.0, -0.0, -2e-06, 0.877057, -0.480387, 0.3, -1e-06, 0.480386, 0.877057, 0.0, 0.0, 0.0, 0.0, 1.0],
                [0.999999, 2e-06, -0.0, 0.0, -1e-06, 0.779251, -0.626712, 0.3, -1e-06, 0.626712, 0.779251, 0.0, 0.0, 0.0, 0.0, 1.0],
                [1.0, 2e-06, -0.0, -1e-06, -1e-06, 0.787089, -0.61684, 0.299999, -1e-06, 0.616839, 0.787089, 0.0, 0.0, 0.0, 0.0, 1.0],
                [1.0, 2e-06, -0.0, 0.0, -1e-06, 0.813424, -0.581672, 0.3, -1e-06, 0.581672, 0.813423, -0.0, 0.0, 0.0, 0.0, 1.0],
                [1.0, 2e-06, -0.0, 1e-06, -2e-06, 0.844962, -0.534826, 0.3, -1e-06, 0.534826, 0.844962, 0.0, 0.0, 0.0, 0.0, 1.0],
                [1.000001, 2e-06, -0.0, 0.0, -2e-06, 0.884976, -0.465637, 0.3, -1e-06, 0.465636, 0.884977, -1e-06, 0.0, 0.0, 0.0, 1.0],
                [1.0, 2e-06, 0.0, -0.0, -2e-06, 0.896582, -0.442877, 0.3, -1e-06, 0.442877, 0.896583, 1e-06, 0.0, 0.0, 0.0, 1.0],
                [1.000001, 2e-06, 0.0, 0.0, -2e-06, 0.895217, -0.445628, 0.3, -1e-06, 0.445628, 0.895218, 0.0, 0.0, 0.0, 0.0, 1.0],
                [1.000001, 2e-06, -0.0, 1e-06, -2e-06, 0.887016, -0.461738, 0.300001, -1e-06, 0.461738, 0.887016, 1e-06, 0.0, 0.0, 0.0, 1.0],
                [1.000001, 2e-06, 0.0, 1e-06, -2e-06, 0.855253, -0.518209, 0.299999, -1e-06, 0.518209, 0.855253, 0.0, 0.0, 0.0, 0.0, 1.0],
                [1.0, 2e-06, 0.0, -0.0, -1e-06, 0.834527, -0.550966, 0.3, -1e-06, 0.550965, 0.834528, 0.0, 0.0, 0.0, 0.0, 1.0],
                [1.000001, 2e-06, -0.0, 1e-06, -1e-06, 0.813573, -0.581462, 0.3, -1e-06, 0.581463, 0.813573, -0.0, 0.0, 0.0, 0.0, 1.0],
                [1.000001, 2e-06, -0.0, -1e-06, -1e-06, 0.79062, -0.612307, 0.3, -1e-06, 0.612307, 0.790619, 0.0, 0.0, 0.0, 0.0, 1.0],
                [1.0, 2e-06, -0.0, -1e-06, -1e-06, 0.766167, -0.642641, 0.3, -1e-06, 0.64264, 0.766168, -0.0, 0.0, 0.0, 0.0, 1.0]
            ]
        },
        {
            "name": "Tool_R",
            "time": [0.0, 0.2333, 0.2667, 0.3, 0.3333, 0.5, 0.6667, 0.8, 0.9, 1.0, 1.1667, 1.3333, 1.5, 1.6667, 2.0, 2.1667, 2.3333, 2.5, 2.6667],
            "transform": [
                [-0.954645, -0.123325, -0.270917, 0.0, 0.262867, 0.078976, -0.961032, 0.272858, 0.139839, -0.989216, -0.04291, 0.0, 0.0, 0.0, 0.0, 1.0],
                [-0.741316, 0.446805, -0.500782, 0.0, 0.655546, 0.321766, -0.682953, 0.272858, -0.143925, -0.834761, -0.530669, 0.0, 0.0, 0.0, 0.0, 1.0],
                [-0.799369, 0.294722, -0.523426, -0.0, 0.59994, 0.343655, -0.722213, 0.272858, -0.032948, -0.891647, -0.450835, 1e-06, 0.0, 0.0, 0.0, 1.0],
                [-0.840353, 0.125062, -0.527163, 0.0, 0.534656, 0.351471, -0.768199, 0.272858, 0.089164, -0.927806, -0.361645, 1e-06, 0.0, 0.0, 0.0, 1.0],
                [-0.854825, 0.053268, -0.51592, -0.0, 0.499714, 0.352872, -0.79072, 0.272858, 0.139859, -0.934153, -0.327729, 0.0, 0.0, 0.0, 0.0, 1.0],
                [-0.83811, 0.34706, -0.420805, -0.0, 0.537485, 0.393427, -0.745637, 0.272858, -0.093165, -0.851331, -0.515526, 1e-06, 0.0, 0.0, 0.0, 1.0],
                [-0.738217, 0.611444, -0.285294, -0.0, 0.596506, 0.393868, -0.699174, 0.272858, -0.314982, -0.686299, -0.654661, -0.0, 0.0, 0.0, 0.0, 1.0],
                [-0.73402, 0.627882, -0.259274, 0.0, 0.58597, 0.392186, -0.708955, 0.272856, -0.343295, -0.672276, -0.654964, 1e-06, 0.0, 0.0, 0.0, 1.0],
                [-0.75326, 0.603293, -0.262442, 1e-06, 0.567025, 0.393064, -0.7237, 0.272858, -0.333288, -0.693932, -0.637336, 0.0, 0.0, 0.0, 0.0, 1.0],
                [-0.779332, 0.564165, -0.273093, 0.0, 0.541793, 0.387314, -0.745759, 0.272856, -0.314804, -0.729183, -0.606695, 1e-06, 0.0, 0.0, 0.0, 1.0],
                [-0.811729, 0.512582, -0.280285, -1e-06, 0.493432, 0.344663, -0.798312, 0.272857, -0.312444, -0.786425, -0.531935, -0.0, 0.0, 0.0, 0.0, 1.0],
                [-0.800475, 0.544214, -0.251756, 1e-06, 0.421857, 0.212573, -0.880991, 0.27286, -0.425768, -0.811568, -0.399112, 2e-06, 0.0, 0.0, 0.0, 1.0],
                [-0.756524, 0.614844, -0.223813, 1e-06, 0.296358, 0.016696, -0.954403, 0.272858, -0.582962, -0.788471, -0.194517, -1e-06, 0.0, 0.0, 0.0, 1.0],
                [-0.757415, 0.615117, -0.220074, -1e-06, 0.213357, -0.085864, -0.972632, 0.272855, -0.617092, -0.783747, -0.066098, -1e-06, 0.0, 0.0, 0.0, 1.0],
