{
    "animation": [
        {
            "name": "Root",
            "time": [0.0, 0.0333, 0.0667, 0.1, 0.1333, 0.1667, 0.2, 0.2333, 0.2667, 0.3, 0.3333, 0.3667, 0.4, 0.4333, 0.4667, 0.5, 0.5333, 0.5667, 0.6, 0.6333, 0.6667, 0.7, 0.7333, 0.7667, 0.8, 0.8333, 0.8667, 0.9, 0.9333, 0.9667, 1.0, 1.0333, 1.0667, 1.1, 1.1333, 1.4333, 1.6667, 2.0, 2.3333, 2.6667, 2.8333, 3.0, 3.1667, 3.3333, 3.5, 3.6667, 3.8333, 4.0, 4.1667],
            "transform": [
                [1.0, -0.0, 0.0, -2.2e-05, 0.0, -0.0, -1.0, 4.1e-05, 0.0, 1.0, -0.0, 0.764762, 0.0, 0.0, 0.0, 1.0],
                [1.0, -0.0, 0.0, -0.00011, 0.0, -0.0, -1.0, -0.170473, 0.0, 1.0, -0.0, 0.764762, 0.0, 0.0, 0.0, 1.0],
                [1.0, -0.0, 0.0, -0.000258, 0.0, -0.0, -1.0, -0.335871, 0.0, 1.0, -0.0, 0.764762, 0.0, 0.0, 0.0, 1.0],
                [1.0, -0.0, 0.0, -0.000288, 0.0, -0.0, -1.0, -0.511503, 0.0, 1.0, -0.0, 0.764762, 0.0, 0.0, 0.0, 1.0],
                [1.0, -0.0, 0.0, -2.2e-05, 0.0, -0.0, -1.0, -0.712723, 0.0, 1.0, -0.0, 0.764762, 0.0, 0.0, 0.0, 1.0],
                [1.0, -0.0, 0.0, 0.000724, 0.0, -0.0, -1.0, -0.943377, 0.0, 1.0, -0.0, 0.764762, 0.0, 0.0, 0.0, 1.0],
                [1.0, -0.0, 0.0, 0.001817, 0.0, -0.0, -1.0, -1.192104, 0.0, 1.0, -0.0, 0.764762, 0.0, 0.0, 0.0, 1.0],
                [1.0, -0.0, 0.0, 0.002963, 0.0, -0.0, -1.0, -1.451446, 0.0, 1.0, -0.0, 0.764762, 0.0, 0.0, 0.0, 1.0],
                [1.0, -0.0, 0.0, 0.003867, 0.0, -0.0, -1.0, -1.713946, 0.0, 1.0, -0.0, 0.764762, 0.0, 0.0, 0.0, 1.0],
                [1.0, -0.0, 0.0, 0.004234, 0.0, -0.0, -1.0, -1.972144, 0.0, 1.0, -0.0, 0.764762, 0.0, 0.0, 0.0, 1.0],
                [1.0, -0.0, 0.0, 0.004693, 0.0, -0.0, -1.0, -2.232191, 0.0, 1.0, -0.0, 0.764762, 0.0, 0.0, 0.0, 1.0],
                [1.0, -0.0, 0.0, 0.005442, 0.0, -0.0, -1.0, -2.499057, 0.0, 1.0, -0.0, 0.764762, 0.0, 0.0, 0.0, 1.0],
                [1.0, -0.0, 0.0, 0.005536, 0.0, -0.0, -1.0, -2.763521, 0.0, 1.0, -0.0, 0.764762, 0.0, 0.0, 0.0, 1.0],
                [1.0, -0.0, 0.0, 0.00403, 0.0, -0.0, -1.0, -3.01636, 0.0, 1.0, -0.0, 0.764762, 0.0, 0.0, 0.0, 1.0],
                [1.0, -0.0, 0.0, -2.1e-05, 0.0, -0.0, -1.0, -3.248354, 0.0, 1.0, -0.0, 0.764762, 0.0, 0.0, 0.0, 1.0],
                [1.0, -0.0, 0.0, -0.010168, 0.0, -0.0, -1.0, -3.444911, 0.0, 1.0, -0.0, 0.764762, 0.0, 0.0, 0.0, 1.0],
                [1.0, -0.0, 0.0, -0.025633, 0.0, -0.0, -1.0, -3.600639, 0.0, 1.0, -0.0, 0.764762, 0.0, 0.0, 0.0, 1.0],
                [1.0, -0.0, 0.0, -0.040869, 0.0, -0.0, -1.0, -3.720122, 0.0, 1.0, -0.0, 0.764762, 0.0, 0.0, 0.0, 1.0],
                [1.0, -0.0, 0.0, -0.05671, 0.0, -0.0, -1.0, -3.805413, 0.0, 1.0, -0.0, 0.764762, 0.0, 0.0, 0.0, 1.0],
                [1.0, -0.0, 0.0, -0.075077, 0.0, -0.0, -1.0, -3.866585, 0.0, 1.0, -0.0, 0.764762, 0.0, 0.0, 0.0, 1.0],
                [1.0, -0.0, 0.0, -0.092058, 0.0, -0.0, -1.0, -3.920244, 0.0, 1.0, -0.0, 0.764762, 0.0, 0.0, 0.0, 1.0],
                [1.0, -0.0, 0.0, -0.103736, 0.0, -0.0, -1.0, -3.982998, 0.0, 1.0, -0.0, 0.764762, 0.0, 0.0, 0.0, 1.0],
                [1.0, -0.0, 0.0, -0.106198, 0.0, -0.0, -1.0, -4.071454, 0.0, 1.0, -0.0, 0.764762, 0.0, 0.0, 0.0, 1.0],
                [1.0, -0.0, 0.0, -0.092916, 0.0, -0.0, -1.0, -4.196312, 0.0, 1.0, -0.0, 0.764762, 0.0, 0.0, 0.0, 1.0],
                [1.0, -0.0, 0.0, -0.066199, 0.0, -0.0, -1.0, -4.348424, 0.0, 1.0, -0.0, 0.764762, 0.0, 0.0, 0.0, 1.0],
                [1.0, -0.0, 0.0, -0.035384, 0.0, -0.0, -1.0, -4.514612, 0.0, 1.0, -0.0, 0.764762, 0.0, 0.0, 0.0, 1.0],
                [1.0, -0.0, 0.0, -0.009809, 0.0, -0.0, -1.0, -4.681702, 0.0, 1.0, -0.0, 0.764762, 0.0, 0.0, 0.0, 1.0],
                [1.0, -0.0, 0.0, 0.010199, 0.0, -0.0, -1.0, -4.847228, 0.0, 1.0, -0.0, 0.764762, 0.0, 0.0, 0.0, 1.0],
                [1.0, -0.0, 0.0, 0.026423, 0.0, -0.0, -1.0, -5.022164, 0.0, 1.0, -0.0, 0.821603, 0.0, 0.0, 0.0, 1.0],
                [1.0, -0.0, 0.0, 0.032692, 0.0, -0.0, -1.0, -5.213497, 0.0, 1.0, -0.0, 0.899759, 0.0, 0.0, 0.0, 1.0],
                [1.0, -0.0, 0.0, 0.023346, 0.0, -0.0, -1.0, -5.425487, 0.0, 1.0, -0.0, 0.747473, 0.0, 0.0, 0.0, 1.0],
                [1.0, -0.0, 0.0, 0.004043, 0.0, -0.0, -1.0, -5.653872, 0.0, 1.0, -0.0, 0.49832, 0.0, 0.0, 0.0, 1.0],
                [1.0, -0.0, 0.0, -0.014416, 0.0, -0.0, -1.0, -5.892855, 0.0, 1.0, -0.0, 0.338455, 0.0, 0.0, 0.0, 1.0],
                [1.0, -0.0, 0.0, -0.029537, 0.0, -0.0, -1.0, -6.153029, 0.0, 1.0, -0.0, 0.318324, 0.0, 0.0, 0.0, 1.0],
                [1.0, -0.0, 0.0, -0.0448, 0.0, -0.0, -1.0, -6.429063, 0.0, 1.0, -0.0, 0.306482, 0.0, 0.0, 0.0, 1.0],
                [1.0, -0.0, 0.0, -0.101917, 0.0, -0.0, -1.0, -8.00608, 0.0, 1.0, -0.0, 0.350297, 0.0, 0.0, 0.0, 1.0],
                [1.0, -0.0, 0.0, -0.13039, 0.0, -0.0, -1.0, -8.857998, 0.0, 1.0, -0.0, 0.335045, 0.0, 0.0, 0.0, 1.0],
                [1.0, -0.0, 0.0, -0.148159, 0.0, -0.0, -1.0, -9.556671, 0.0, 1.0, -0.0, 0.324813, 0.0, 0.0, 0.0, 1.0],
                [1.0, -0.0, 0.0, -0.153261, 0.0, -0.0, -1.0, -9.837961, 0.0, 1.0, -0.0, 0.324813, 0.0, 0.0, 0.0, 1.0],
                [1.0, -0.0, 0.0, -0.142369, 0.0, -0.0, -1.0, -9.989423, 0.0, 1.0, -0.0, 0.314771, 0.0, 0.0, 0.0, 1.0],
                [1.0, -0.0, 0.0, -0.09017, 0.0, -0.0, -1.0, -10.061025, 0.0, 1.0, -0.0, 0.36806, 0.0, 0.0, 0.0, 1.0],
                [1.0, -0.0, 0.0, -0.049502, 0.0, -0.0, -1.0, -10.049705, 0.0, 1.0, -0.0, 0.409506, 0.0, 0.0, 0.0, 1.0],
                [1.0, -0.0, 0.0, -0.024414, 0.0, -0.0, -1.0, -10.02972, 0.0, 1.0, -0.0, 0.468716, 0.0, 0.0, 0.0, 1.0],
                [1.0, -0.0, 0.0, -0.007645, 0.0, -0.0, -1.0, -9.968494, 0.0, 1.0, -0.0, 0.510162, 0.0, 0.0, 0.0, 1.0],
                [1.0, -0.0, 0.0, -0.002017, 0.0, -0.0, -1.0, -9.885441, 0.0, 1.0, -0.0, 0.569371, 0.0, 0.0, 0.0, 1.0],
                [1.0, -0.0, 0.0, -0.007199, 0.0, -0.0, -1.0, -9.792058, 0.0, 1.0, -0.0, 0.598976, 0.0, 0.0, 0.0, 1.0],
                [1.0, -0.0, 0.0, -0.014822, 0.0, -0.0, -1.0, -9.75816, 0.0, 1.0, -0.0, 0.628581, 0.0, 0.0, 0.0, 1.0],
                [1.0, -0.0, 0.0, -0.025505, 0.0, -0.0, -1.0, -9.764462, 0.0, 1.0, -0.0, 0.62266, 0.0, 0.0, 0.0, 1.0],
                [1.0, -0.0, 0.0, -0.036629, 0.0, -0.0, -1.0, -9.770762, 0.0, 1.0, -0.0, 0.640422, 0.0, 0.0, 0.0, 1.0]
            ]
        },
        {
            "name": "Thigh_R",
            "time": [0.0, 0.0333, 0.0667, 0.1, 0.1333, 0.1667, 0.2, 0.2333, 0.2667, 0.3, 0.3333, 0.3667, 0.4, 0.4333, 0.4667, 0.5, 0.5333, 0.5667, 0.6, 0.6333, 0.6667, 0.7, 0.7333, 0.7667, 0.8, 0.8333, 0.8667, 0.9, 0.9333, 0.9667, 1.0, 1.0333, 1.0667, 1.1, 1.1333, 1.4333, 1.6667, 2.0, 2.3333, 2.6667, 2.8333, 3.0, 3.1667, 3.3333, 3.5, 3.6667, 3.8333, 4.0, 4.1667],
            "transform": [
                [0.983187, 0.168258, 0.070942, 0.124994, 0.041109, -0.582488, 0.811799, -0.002831, 0.177914, -0.795234, -0.579612, -1.2e-05, 0.0, 0.0, 0.0, 1.0],
                [0.98343, 0.161609, 0.08215, 0.124994, 0.002221, -0.463844, 0.885914, -0.002831, 0.181276, -0.871052, -0.456517, -1.2e-05, 0.0, 0.0, 0.0, 1.0],
                [0.983655, 0.154084, 0.093164, 0.124994, -0.037219, -0.332234, 0.942462, -0.002831, 0.17617, -0.930526, -0.32107, -1.2e-05, 0.0, 0.0, 0.0, 1.0],
                [0.983457, 0.148398, 0.103873, 0.124994, -0.073098, -0.19954, 0.97716, -0.002831, 0.165735, -0.968587, -0.185392, -1.2e-05, 0.0, 0.0, 0.0, 1.0],
                [0.982592, 0.146599, 0.114108, 0.124994, -0.103314, -0.079264, 0.991486, -0.002831, 0.154396, -0.986015, -0.062739, -1.2e-05, 0.0, 0.0, 0.0, 1.0],
                [0.980386, 0.151251, 0.12636, 0.124994, -0.129454, 0.010745, 0.991527, -0.002831, 0.148612, -0.988437, 0.030114, -1.2e-05, 0.0, 0.0, 0.0, 1.0],
                [0.977051, 0.159203, 0.141511, 0.124994, -0.1551, 0.076388, 0.984941, -0.002831, 0.145996, -0.984286, 0.099327, -1.2e-05, 0.0, 0.0, 0.0, 1.0],
                [0.973877, 0.164812, 0.156207, 0.124994, -0.179962, 0.140672, 0.973563, -0.002831, 0.138481, -0.976242, 0.166657, -1.2e-05, 0.0, 0.0, 0.0, 1.0],
                [0.97237, 0.164475, 0.165663, 0.124994, -0.20069, 0.226476, 0.953117, -0.002831, 0.119246, -0.960029, 0.253226, -1.2e-05, 0.0, 0.0, 0.0, 1.0],
                [0.973833, 0.156364, 0.164924, 0.124994, -0.211173, 0.354361, 0.910952, -0.002831, 0.083998, -0.921942, 0.378109, -1.2e-05, 0.0, 0.0, 0.0, 1.0],
                [0.978434, 0.140862, 0.151081, 0.124994, -0.203273, 0.52665, 0.825421, -0.002831, 0.036704, -0.83833, 0.543925, -1.2e-05, 0.0, 0.0, 0.0, 1.0],
                [0.984307, 0.120326, 0.129083, 0.124994, -0.176202, 0.710249, 0.681542, -0.002831, -0.009674, -0.69359, 0.720305, -1.2e-05, 0.0, 0.0, 0.0, 1.0],
                [0.989559, 0.097275, 0.106349, 0.124994, -0.136719, 0.867064, 0.47907, -0.002831, -0.04561, -0.488607, 0.871311, -1.3e-05, 0.0, 0.0, 0.0, 1.0],
                [0.993153, 0.076215, 0.088536, 0.124994, -0.095295, 0.966918, 0.236617, -0.002831, -0.067574, -0.243434, 0.967561, -1.2e-05, 0.0, 0.0, 0.0, 1.0],
                [0.994888, 0.063092, 0.078847, 0.124994, -0.062217, 0.997971, -0.013498, -0.002831, -0.079539, 0.008523, 0.996796, -1.2e-05, 0.0, 0.0, 0.0, 1.0],
                [0.994887, 0.063575, 0.078472, 0.124994, -0.040621, 0.963278, -0.265415, -0.002831, -0.092464, 0.26087, 0.960936, -1.2e-05, 0.0, 0.0, 0.0, 1.0],
                [0.99333, 0.082677, 0.080374, 0.124994, -0.031194, 0.86374, -0.502971, -0.002831, -0.111006, 0.497109, 0.860559, -1.2e-05, 0.0, 0.0, 0.0, 1.0],
                [0.988999, 0.119101, 0.087725, 0.124994, -0.027081, 0.728815, -0.684175, -0.002831, -0.145421, 0.674273, 0.724023, -1.2e-05, 0.0, 0.0, 0.0, 1.0],
                [0.976909, 0.177931, 0.118276, 0.124994, -0.009288, 0.588427, -0.808497, -0.002831, -0.213454, 0.788729, 0.576493, -1.2e-05, 0.0, 0.0, 0.0, 1.0],
                [0.950423, 0.260892, 0.169208, 0.124994, 0.035071, 0.450744, -0.891964, -0.002831, -0.308975, 0.853677, 0.419249, -1.2e-05, 0.0, 0.0, 0.0, 1.0],
                [0.908829, 0.352692, 0.222798, 0.124994, 0.102603, 0.328686, -0.938849, -0.002831, -0.404355, 0.876112, 0.262532, -1.2e-05, 0.0, 0.0, 0.0, 1.0],
                [0.862621, 0.434593, 0.258872, 0.124994, 0.177593, 0.218996, -0.959428, -0.002831, -0.473652, 0.873596, 0.11173, -1.2e-05, 0.0, 0.0, 0.0, 1.0],
                [0.834961, 0.487407, 0.25549, 0.124994, 0.237805, 0.099112, -0.966243, -0.002831, -0.496276, 0.867532, -0.033153, -1.2e-05, 0.0, 0.0, 0.0, 1.0],
                [0.856964, 0.479226, 0.189616, 0.124994, 0.245713, -0.056502, -0.967695, -0.002831, -0.453031, 0.875871, -0.166172, -1.1e-05, 0.0, 0.0, 0.0, 1.0],
                [0.914706, 0.395569, 0.082692, 0.124994, 0.185532, -0.229272, -0.955517, -0.002831, -0.359014, 0.889359, -0.283107, -1.2e-05, 0.0, 0.0, 0.0, 1.0],
                [0.965538, 0.259309, -0.02225, 0.124994, 0.080612, -0.379251, -0.921776, -0.002831, -0.247463, 0.888215, -0.387085, -1.1e-05, 0.0, 0.0, 0.0, 1.0],
                [0.986591, 0.139618, -0.084524, 0.124994, -0.005843, -0.487334, -0.873196, -0.002831, -0.163105, 0.861982, -0.479984, -1.3e-05, 0.0, 0.0, 0.0, 1.0],
                [0.992462, 0.072282, -0.098966, 0.124994, -0.038779, -0.580817, -0.81311, -0.00283, -0.116254, 0.810818, -0.573636, -1.3e-05, 0.0, 0.0, 0.0, 1.0],
                [0.995914, 0.034917, -0.083287, 0.124994, -0.040146, -0.654928, -0.754624, -0.002831, -0.080896, 0.754884, -0.65085, -1.3e-05, 0.0, 0.0, 0.0, 1.0],
                [0.998548, 0.020363, -0.049857, 0.124994, -0.022408, -0.684732, -0.72845, -0.002831, -0.048972, 0.72851, -0.683282, -1.2e-05, 0.0, 0.0, 0.0, 1.0],
                [0.999587, 0.026922, 0.010062, 0.124994, 0.024686, -0.624906, -0.780309, -0.002831, -0.01472, 0.780235, -0.625313, -1.1e-05, 0.0, 0.0, 0.0, 1.0],
                [0.99624, 0.030818, 0.080966, 0.124994, 0.085305, -0.512027, -0.854723, -0.002831, 0.015116, 0.858416, -0.512731, -1.1e-05, 0.0, 0.0, 0.0, 1.0],
                [0.990036, 0.038927, 0.135329, 0.124994, 0.137385, -0.477895, -0.867607, -0.002831, 0.0309, 0.877553, -0.478481, -1.2e-05, 0.0, 0.0, 0.0, 1.0],
                [0.979019, 0.098556, 0.178348, 0.124994, 0.202877, -0.553222, -0.807952, -0.002831, 0.019038, 0.827183, -0.56161, -1.1e-05, 0.0, 0.0, 0.0, 1.0],
                [0.961516, 0.195327, 0.193219, 0.124994, 0.27463, -0.703928, -0.65503, -0.00283, 0.008067, 0.682885, -0.730481, -1.2e-05, 0.0, 0.0, 0.0, 1.0],
                [0.876874, 0.462732, -0.13027, 0.124994, 0.478791, -0.864925, 0.150543, -0.002831, -0.043013, -0.194379, -0.979983, -1.2e-05, 0.0, 0.0, 0.0, 1.0],
                [0.796309, 0.55327, -0.24451, 0.124994, 0.601805, -0.683858, 0.412516, -0.002832, 0.061022, -0.475637, -0.877523, -1.1e-05, 0.0, 0.0, 0.0, 1.0],
                [0.764361, 0.586632, -0.267611, 0.124995, 0.604148, -0.506569, 0.615137, -0.002832, 0.225295, -0.631864, -0.741613, -1.1e-05, 0.0, 0.0, 0.0, 1.0],
                [0.776883, 0.560546, -0.286779, 0.124994, 0.530399, -0.337166, 0.777815, -0.002832, 0.339308, -0.756379, -0.559251, -1.2e-05, 0.0, 0.0, 0.0, 1.0],
                [0.7669, 0.602132, -0.222042, 0.124994, 0.444677, -0.249093, 0.860357, -0.002831, 0.462739, -0.758545, -0.458784, -1.2e-05, 0.0, 0.0, 0.0, 1.0],
                [0.829379, 0.553731, -0.074239, 0.124994, 0.302577, -0.333492, 0.892877, -0.002831, 0.469656, -0.762998, -0.444138, -1.1e-05, 0.0, 0.0, 0.0, 1.0],
                [0.863211, 0.502589, 0.047667, 0.124994, 0.227469, -0.471492, 0.852028, -0.002831, 0.450694, -0.724638, -0.521321, -1.1e-05, 0.0, 0.0, 0.0, 1.0],
                [0.886375, 0.447052, 0.120353, 0.124995, 0.21371, -0.625695, 0.750222, -0.002831, 0.410692, -0.639257, -0.65014, -1.2e-05, 0.0, 0.0, 0.0, 1.0],
                [0.894009, 0.400682, 0.200504, 0.124994, 0.198914, -0.755928, 0.623703, -0.002831, 0.401473, -0.517713, -0.755508, -1.2e-05, 0.0, 0.0, 0.0, 1.0],
                [0.871171, 0.384991, 0.304702, 0.124995, 0.218671, -0.85989, 0.461272, -0.00283, 0.439596, -0.335217, -0.833298, -1.3e-05, 0.0, 0.0, 0.0, 1.0],
                [0.827044, 0.368609, 0.424412, 0.124993, 0.259525, -0.920093, 0.293385, -0.002831, 0.498643, -0.132497, -0.856621, -1.2e-05, 0.0, 0.0, 0.0, 1.0],
                [0.800862, 0.332606, 0.49799, 0.124994, 0.27274, -0.942908, 0.191148, -0.002831, 0.533136, -0.017261, -0.845854, -1.2e-05, 0.0, 0.0, 0.0, 1.0],
                [0.635394, 0.315059, 0.704991, 0.124993, 0.272851, -0.945687, 0.176711, -0.002831, 0.722376, 0.080077, -0.686849, -1.1e-05, 0.0, 0.0, 0.0, 1.0],
                [0.532992, 0.239077, 0.811641, 0.124994, 0.270951, -0.956963, 0.103954, -0.002831, 0.801564, 0.164509, -0.574832, -1.2e-05, 0.0, 0.0, 0.0, 1.0]
            ]
        },
        {
            "name": "Leg_R",
            "time": [0.0, 0.0333, 0.0667, 0.1, 0.1333, 0.1667, 0.2, 0.2333, 0.2667, 0.3, 0.3333, 0.3667, 0.4, 0.4333, 0.4667, 0.5, 0.5333, 0.5667, 0.6, 0.6333, 0.6667, 0.7, 0.7333, 0.7667, 0.8, 0.8333, 0.8667, 0.9, 0.9333, 0.9667, 1.0, 1.0333, 1.0667, 1.1, 1.1333, 1.4333, 1.6667, 2.0, 2.3333, 2.6667, 2.8333, 3.0, 3.1667, 3.3333, 3.5, 3.6667, 3.8333, 4.0, 4.1667],
            "transform": [
                [1.0, 1e-06, -1e-06, -0.0, 0.0, 0.420826, 0.907142, 0.37472, 1e-06, -0.907141, 0.420827, 0.0, 0.0, 0.0, 0.0, 1.0],
                [1.0, 1e-06, -1e-06, -0.0, 0.0, 0.409473, 0.912323, 0.37472, 1e-06, -0.912322, 0.409473, 0.0, 0.0, 0.0, 0.0, 1.0],
                [1.0, 1e-06, -1e-06, 0.0, 0.0, 0.392502, 0.919752, 0.37472, 1e-06, -0.919751, 0.392502, -0.0, 0.0, 0.0, 0.0, 1.0],
                [1.0, 1e-06, -1e-06, -0.0, 0.0, 0.386635, 0.922233, 0.37472, 1e-06, -0.922233, 0.386636, -0.0, 0.0, 0.0, 0.0, 1.0],
                [1.0, 1e-06, -1e-06, 0.0, 0.0, 0.408343, 0.91283, 0.37472, 1e-06, -0.912828, 0.408344, 0.0, 0.0, 0.0, 0.0, 1.0],
                [1.0, 1e-06, -1e-06, 0.0, 0.0, 0.47513, 0.879916, 0.37472, 1e-06, -0.879916, 0.47513, 0.0, 0.0, 0.0, 0.0, 1.0],
                [1.0, 1e-06, -1e-06, -0.0, 0.0, 0.570477, 0.821314, 0.37472, 2e-06, -0.821314, 0.570477, -0.0, 0.0, 0.0, 0.0, 1.0],
                [1.0, 1e-06, -1e-06, 0.0, 0.0, 0.661969, 0.749532, 0.37472, 1e-06, -0.749531, 0.661969, 0.0, 0.0, 0.0, 0.0, 1.0],
                [1.0, 1e-06, -1e-06, 0.0, 0.0, 0.725105, 0.688638, 0.37472, 1e-06, -0.688638, 0.725105, 0.0, 0.0, 0.0, 0.0, 1.0],
                [1.0, 1e-06, -1e-06, -0.0, 0.0, 0.742866, 0.66944, 0.37472, 1e-06, -0.66944, 0.742866, 0.0, 0.0, 0.0, 0.0, 1.0],
                [1.0, 1e-06, -1e-06, -0.0, 0.0, 0.706891, 0.707323, 0.37472, 1e-06, -0.707323, 0.706891, 0.0, 0.0, 0.0, 0.0, 1.0],
                [1.0, 1e-06, -1e-06, 0.0, 0.0, 0.626136, 0.779714, 0.37472, 1e-06, -0.779713, 0.626137, -0.0, 0.0, 0.0, 0.0, 1.0],
                [1.0, 1e-06, -1e-06, -0.0, 0.0, 0.511378, 0.859357, 0.37472, 1e-06, -0.859356, 0.511378, 0.0, 0.0, 0.0, 0.0, 1.0],
                [1.0, 1e-06, -1e-06, 0.0, 0.0, 0.38101, 0.924572, 0.37472, 1e-06, -0.92457, 0.381011, 0.0, 0.0, 0.0, 0.0, 1.0],
                [1.0, 1e-06, -1e-06, 0.0, 0.0, 0.260845, 0.965381, 0.37472, 1e-06, -0.965381, 0.260845, -0.0, 0.0, 0.0, 0.0, 1.0],
                [1.0, 1e-06, -1e-06, -0.0, 0.0, 0.143819, 0.989604, 0.37472, 1e-06, -0.989604, 0.143819, 0.0, 0.0, 0.0, 0.0, 1.0],
                [1.0, 1e-06, -0.0, -0.0, 0.0, 0.030983, 0.999521, 0.37472, 1e-06, -0.99952, 0.030983, 0.0, 0.0, 0.0, 0.0, 1.0],
                [1.0, 1e-06, -0.0, -0.0, 0.0, -0.035637, 0.999365, 0.37472, 1e-06, -0.999365, -0.035637, -0.0, 0.0, 0.0, 0.0, 1.0],
                [1.0, 1e-06, -0.0, -0.0, 0.0, -0.059758, 0.998214, 0.37472, 1e-06, -0.998213, -0.059758, -0.0, 0.0, 0.0, 0.0, 1.0],
                [0.999999, 2e-06, -0.0, -0.0, 0.0, -0.069822, 0.99756, 0.37472, 1e-06, -0.997559, -0.069822, 0.0, 0.0, 0.0, 0.0, 1.0],
                [1.0, 1e-06, -0.0, 0.0, 0.0, -0.061802, 0.998088, 0.37472, 1e-06, -0.998089, -0.061802, 0.0, 0.0, 0.0, 0.0, 1.0],
                [1.0, 1e-06, -0.0, 0.0, 0.0, -0.031425, 0.999506, 0.37472, 2e-06, -0.999506, -0.031425, 0.0, 0.0, 0.0, 0.0, 1.0],
                [1.0, 1e-06, -0.0, 0.0, 0.0, 0.025367, 0.999678, 0.37472, 1e-06, -0.999678, 0.025367, -0.0, 0.0, 0.0, 0.0, 1.0],
                [1.0, 1e-06, -0.0, -0.0, 0.0, 0.134527, 0.99091, 0.374721, 2e-06, -0.99091, 0.134527, -0.0, 0.0, 0.0, 0.0, 1.0],
                [1.0, 1e-06, -1e-06, 0.0, 0.0, 0.290305, 0.956935, 0.37472, 1e-06, -0.956934, 0.290305, 0.0, 0.0, 0.0, 0.0, 1.0],
                [1.0, 1e-06, -1e-06, -0.0, 0.0, 0.448344, 0.893861, 0.37472, 1e-06, -0.893861, 0.448345, -0.0, 0.0, 0.0, 0.0, 1.0],
                [1.0, 1e-06, -1e-06, -0.0, 0.0, 0.570363, 0.821392, 0.37472, 1e-06, -0.821393, 0.570363, -0.0, 0.0, 0.0, 0.0, 1.0],
                [1.0, 1e-06, -1e-06, 0.0, 0.0, 0.639474, 0.768813, 0.37472, 2e-06, -0.768813, 0.639474, 0.0, 0.0, 0.0, 0.0, 1.0],
                [1.0, 1e-06, -1e-06, -0.0, 0.0, 0.684175, 0.729318, 0.37472, 1e-06, -0.729318, 0.684175, -0.0, 0.0, 0.0, 0.0, 1.0],
                [1.0, 1e-06, -1e-06, 0.0, 0.0, 0.73679, 0.676121, 0.37472, 1e-06, -0.676122, 0.73679, 0.0, 0.0, 0.0, 0.0, 1.0],
                [1.0, 1e-06, -1e-06, 0.0, 0.0, 0.836804, 0.547503, 0.37472, 1e-06, -0.547502, 0.836804, 0.0, 0.0, 0.0, 0.0, 1.0],
                [1.0, 0.0, -1e-06, -0.0, 0.0, 0.920618, 0.390463, 0.37472, 1e-06, -0.390463, 0.920619, -0.0, 0.0, 0.0, 0.0, 1.0],
                [1.0, 0.0, -1e-06, 0.0, 0.0, 0.927119, 0.374766, 0.37472, 1e-06, -0.374766, 0.92712, -0.0, 0.0, 0.0, 0.0, 1.0],
                [1.0, 1e-06, -1e-06, 0.0, 0.0, 0.809377, 0.587289, 0.37472, 1e-06, -0.587289, 0.809377, 0.0, 0.0, 0.0, 0.0, 1.0],
                [1.0, 1e-06, -1e-06, 0.0, 0.0, 0.529726, 0.848169, 0.37472, 1e-06, -0.848168, 0.529726, 0.0, 0.0, 0.0, 0.0, 1.0],
                [1.0, 1e-06, 0.0, -0.0, 0.0, -0.506875, 0.86202, 0.37472, 1e-06, -0.86202, -0.506875, -0.0, 0.0, 0.0, 0.0, 1.0],
                [1.0, 1e-06, 0.0, 0.0, 0.0, -0.588046, 0.808828, 0.37472, 1e-06, -0.808828, -0.588045, -0.0, 0.0, 0.0, 0.0, 1.0],
                [1.0, 1e-06, 0.0, -0.0, 0.0, -0.550202, 0.835032, 0.37472, 1e-06, -0.835032, -0.550201, 0.0, 0.0, 0.0, 0.0, 1.0],
                [1.0, 1e-06, 0.0, 0.0, 0.0, -0.551815, 0.833966, 0.37472, 1e-06, -0.833967, -0.551815, 0.0, 0.0, 0.0, 0.0, 1.0],
                [1.0, 1e-06, 0.0, -0.0, 0.0, -0.513557, 0.858055, 0.37472, 1e-06, -0.858055, -0.513557, -0.0, 0.0, 0.0, 0.0, 1.0],
                [1.0, 1e-06, 0.0, -0.0, 0.0, -0.40564, 0.914033, 0.37472, 1e-06, -0.914033, -0.40564, 0.0, 0.0, 0.0, 0.0, 1.0],
                [1.0, 2e-06, 0.0, -0.0, 0.0, -0.253226, 0.967407, 0.374721, 1e-06, -0.967407, -0.253227, -0.0, 0.0, 0.0, 0.0, 1.0],
                [1.0, 1e-06, -0.0, 0.0, 0.0, -0.077246, 0.997012, 0.374721, 1e-06, -0.997012, -0.077246, -0.0, 0.0, 0.0, 0.0, 1.0],
                [1.0, 1e-06, -1e-06, -0.0, 0.0, 0.130186, 0.991489, 0.37472, 1e-06, -0.99149, 0.130186, 0.0, 0.0, 0.0, 0.0, 1.0],
                [1.0, 1e-06, -1e-06, 0.0, 0.0, 0.362264, 0.932075, 0.374721, 1e-06, -0.932075, 0.362265, -1e-06, 0.0, 0.0, 0.0, 1.0],
                [1.0, 1e-06, -1e-06, -0.0, 0.0, 0.603478, 0.797379, 0.37472, 2e-06, -0.79738, 0.603478, 0.0, 0.0, 0.0, 0.0, 1.0],
                [1.0, 1e-06, -1e-06, 0.0, 0.0, 0.764286, 0.644877, 0.37472, 1e-06, -0.644877, 0.764286, 1e-06, 0.0, 0.0, 0.0, 1.0],
                [1.0, 1e-06, -1e-06, 0.0, 0.0, 0.823973, 0.566629, 0.37472, 1e-06, -0.566629, 0.823973, -0.0, 0.0, 0.0, 0.0, 1.0],
                [1.0, 0.0, -1e-06, -1e-06, 0.0, 0.932178, 0.361999, 0.37472, 1e-06, -0.361999, 0.932178, 0.0, 0.0, 0.0, 0.0, 1.0]
            ]
        },
        {
            "name": "Knee_R",
            "time": [0.0, 0.9333, 0.9667, 1.0, 1.0333, 1.0667, 1.1, 1.1333, 1.4333, 1.6667, 2.0, 2.3333, 2.6667, 2.8333, 3.0, 3.1667, 3.3333, 3.5, 3.6667, 3.8333, 4.0, 4.1667],
            "transform": [
                [1.0, 0.0, -0.0, -0.0, -0.0, 1e-06, -1.0, 0.37472, -0.0, 1.0, 1e-06, 0.0, 0.0, 0.0, 0.0, 1.0],
                [1.0, 0.0, -0.0, -0.0, -0.0, 1e-06, -1.0, 0.37472, -0.0, 1.0, 1e-06, -0.0, 0.0, 0.0, 0.0, 1.0],
                [1.0, 0.0, -0.0, 0.0, -0.0, 1e-06, -1.0, 0.37472, -0.0, 1.0, 1e-06, 0.0, 0.0, 0.0, 0.0, 1.0],
                [1.0, 0.0, -0.0, 0.0, -0.0, 1e-06, -1.0, 0.37472, -0.0, 1.0, 1e-06, 0.0, 0.0, 0.0, 0.0, 1.0],
                [1.0, 0.0, -0.0, -0.0, -0.0, 1e-06, -1.0, 0.37472, -0.0, 1.0, 1e-06, -0.0, 0.0, 0.0, 0.0, 1.0],
                [1.0, 0.0, -0.0, 0.0, -0.0, 1e-06, -1.0, 0.37472, -0.0, 1.0, 1e-06, -0.0, 0.0, 0.0, 0.0, 1.0],
                [1.0, 0.0, -0.0, 0.0, -0.0, 1e-06, -1.0, 0.37472, -0.0, 1.0, 1e-06, 0.0, 0.0, 0.0, 0.0, 1.0],
                [1.0, 0.0, -0.0, 0.0, -0.0, 1e-06, -1.0, 0.37472, -0.0, 1.0, 1e-06, 0.0, 0.0, 0.0, 0.0, 1.0],
                [1.0, 0.0, -0.0, -0.0, -0.0, 1e-06, -1.0, 0.37472, -0.0, 1.0, 1e-06, -0.0, 0.0, 0.0, 0.0, 1.0],
                [1.0, 0.0, -0.0, 0.0, -0.0, 1e-06, -1.0, 0.37472, -0.0, 1.0, 1e-06, -0.0, 0.0, 0.0, 0.0, 1.0],
                [1.0, 0.0, -0.0, -0.0, -0.0, 1e-06, -1.0, 0.37472, -0.0, 1.0, 1e-06, 0.0, 0.0, 0.0, 0.0, 1.0],
                [1.0, 0.0, -0.0, 0.0, -0.0, 1e-06, -1.0, 0.37472, -0.0, 1.0, 1e-06, 0.0, 0.0, 0.0, 0.0, 1.0],
                [1.0, 0.0, -0.0, -0.0, -0.0, 1e-06, -1.0, 0.37472, -0.0, 1.0, 1e-06, -0.0, 0.0, 0.0, 0.0, 1.0],
                [1.0, 0.0, -0.0, -0.0, -0.0, 1e-06, -1.0, 0.37472, -0.0, 1.0, 1e-06, 0.0, 0.0, 0.0, 0.0, 1.0],
                [1.0, 0.0, -0.0, -0.0, -0.0, 1e-06, -1.0, 0.374721, -0.0, 1.0, 1e-06, -0.0, 0.0, 0.0, 0.0, 1.0],
                [1.0, 0.0, -0.0, 0.0, -0.0, 1e-06, -1.0, 0.374721, -0.0, 1.0, 1e-06, -0.0, 0.0, 0.0, 0.0, 1.0],
                [1.0, 0.0, -0.0, -0.0, -0.0, 1e-06, -1.0, 0.37472, -0.0, 1.0, 1e-06, 0.0, 0.0, 0.0, 0.0, 1.0],
                [1.0, 0.0, -0.0, 0.0, -0.0, 1e-06, -1.0, 0.374721, -0.0, 1.0, 1e-06, -1e-06, 0.0, 0.0, 0.0, 1.0],
                [1.0, 0.0, -0.0, -0.0, -0.0, 1e-06, -1.0, 0.37472, -0.0, 1.0, 1e-06, 0.0, 0.0, 0.0, 0.0, 1.0],
                [1.0, 0.0, -0.0, 0.0, -0.0, 1e-06, -1.0, 0.37472, -0.0, 1.0, 1e-06, 1e-06, 0.0, 0.0, 0.0, 1.0],
                [1.0, 0.0, -0.0, 0.0, -0.0, 1e-06, -1.0, 0.37472, -0.0, 1.0, 1e-06, -0.0, 0.0, 0.0, 0.0, 1.0],
                [1.0, 0.0, -0.0, -1e-06, -0.0, 1e-06, -1.0, 0.37472, -0.0, 1.0, 1e-06, 0.0, 0.0, 0.0, 0.0, 1.0]
            ]
        },
        {
            "name": "Thigh_L",
            "time": [0.0, 0.0333, 0.0667, 0.1, 0.1333, 0.1667, 0.2, 0.2333, 0.2667, 0.3, 0.3333, 0.3667, 0.4, 0.4333, 0.4667, 0.5, 0.5333, 0.5667, 0.6, 0.6333, 0.6667, 0.7, 0.7333, 0.7667, 0.8, 0.8333, 0.8667, 0.9, 0.9333, 0.9667, 1.0, 1.0333, 1.0667, 1.1, 1.1333, 1.4333, 1.6667, 2.0, 2.3333, 2.6667, 2.8333, 3.0, 3.1667, 3.3333, 3.5, 3.6667, 3.8333, 4.0, 4.1667],
            "transform": [
                [0.977535, -0.175611, -0.116551, -0.125006, 0.029826, -0.432163, 0.901302, -0.002831, -0.208648, -0.884532, -0.417218, -1.2e-05, 0.0, 0.0, 0.0, 1.0],
                [0.977784, -0.169789, -0.122919, -0.125006, 0.061426, -0.328571, 0.94248, -0.002831, -0.20041, -0.929093, -0.310843, -1.2e-05, 0.0, 0.0, 0.0, 1.0],
                [0.978009, -0.163995, -0.128848, -0.125006, 0.090439, -0.223211, 0.970566, -0.002831, -0.187929, -0.960876, -0.203472, -1.2e-05, 0.0, 0.0, 0.0, 1.0],
                [0.978108, -0.158561, -0.134768, -0.125006, 0.118317, -0.109021, 0.986973, -0.002831, -0.171188, -0.981312, -0.087875, -1.2e-05, 0.0, 0.0, 0.0, 1.0],
                [0.978161, -0.15234, -0.14139, -0.125006, 0.146296, 0.021432, 0.989009, -0.002831, -0.147636, -0.988096, 0.043251, -1.2e-05, 0.0, 0.0, 0.0, 1.0],
                [0.977224, -0.1496, -0.150505, -0.125006, 0.175668, 0.172401, 0.969236, -0.002831, -0.11905, -0.973601, 0.194754, -1.2e-05, 0.0, 0.0, 0.0, 1.0],
                [0.975839, -0.146407, -0.162176, -0.125006, 0.203008, 0.333182, 0.920748, -0.002831, -0.08077, -0.931427, 0.354854, -1.2e-05, 0.0, 0.0, 0.0, 1.0],
                [0.974095, -0.144517, -0.173933, -0.125006, 0.223074, 0.487903, 0.843913, -0.002831, -0.037098, -0.860851, 0.507502, -1.2e-05, 0.0, 0.0, 0.0, 1.0],
                [0.972419, -0.144691, -0.182933, -0.125006, 0.233165, 0.622727, 0.746891, -0.002831, 0.005849, -0.768945, 0.639289, -1.2e-05, 0.0, 0.0, 0.0, 1.0],
                [0.971456, -0.146765, -0.186368, -0.125006, 0.2336, 0.728572, 0.643905, -0.002831, 0.041279, -0.669061, 0.74206, -1.1e-05, 0.0, 0.0, 0.0, 1.0],
                [0.970723, -0.149323, -0.188146, -0.125006, 0.230886, 0.79607, 0.559433, -0.002831, 0.066241, -0.586495, 0.80724, -1.2e-05, 0.0, 0.0, 0.0, 1.0],
                [0.969974, -0.15187, -0.189961, -0.125006, 0.228292, 0.837871, 0.495838, -0.002831, 0.08386, -0.524317, 0.847384, -1.2e-05, 0.0, 0.0, 0.0, 1.0],
                [0.969999, -0.156123, -0.186353, -0.125006, 0.223428, 0.874634, 0.430227, -0.002831, 0.095822, -0.458956, 0.883277, -1.2e-05, 0.0, 0.0, 0.0, 1.0],
                [0.970503, -0.168743, -0.172188, -0.125006, 0.21858, 0.917192, 0.333138, -0.002831, 0.101714, -0.360949, 0.927023, -1.2e-05, 0.0, 0.0, 0.0, 1.0],
                [0.97131, -0.190959, -0.141743, -0.125006, 0.213992, 0.961818, 0.170625, -0.002831, 0.103749, -0.196063, 0.975088, -1.2e-05, 0.0, 0.0, 0.0, 1.0],
                [0.972689, -0.227021, -0.048339, -0.125006, 0.215999, 0.961562, -0.169539, -0.002831, 0.084969, 0.154467, 0.984338, -1.2e-05, 0.0, 0.0, 0.0, 1.0],
                [0.970401, -0.228107, 0.079302, -0.125006, 0.230369, 0.775817, -0.587399, -0.002831, 0.072466, 0.588282, 0.805403, -1.2e-05, 0.0, 0.0, 0.0, 1.0],
                [0.96948, -0.197388, 0.145419, -0.125006, 0.228658, 0.513965, -0.826774, -0.002831, 0.088455, 0.834793, 0.543413, -1.2e-05, 0.0, 0.0, 0.0, 1.0],
                [0.973557, -0.168913, 0.153797, -0.125006, 0.202862, 0.329708, -0.92203, -0.002831, 0.105035, 0.92885, 0.355256, -1.2e-05, 0.0, 0.0, 0.0, 1.0],
                [0.98049, -0.129536, 0.14785, -0.125006, 0.168913, 0.170528, -0.970767, -0.002831, 0.100536, 0.976802, 0.189082, -1.2e-05, 0.0, 0.0, 0.0, 1.0],
                [0.987432, -0.086251, 0.132433, -0.125006, 0.136942, 0.04861, -0.989385, -0.002831, 0.078898, 0.995087, 0.059811, -1.2e-05, 0.0, 0.0, 0.0, 1.0],
                [0.992384, -0.05225, 0.111548, -0.125006, 0.109955, -0.032441, -0.993407, -0.002831, 0.055524, 0.998107, -0.026448, -1.2e-05, 0.0, 0.0, 0.0, 1.0],
                [0.995285, -0.044222, 0.086326, -0.125006, 0.082847, -0.075243, -0.993718, -0.002831, 0.05044, 0.996184, -0.071224, -1.2e-05, 0.0, 0.0, 0.0, 1.0],
                [0.994813, -0.087368, 0.052076, -0.125006, 0.049211, -0.034637, -0.998188, -0.002831, 0.089014, 0.995574, -0.030157, -1.2e-05, 0.0, 0.0, 0.0, 1.0],
                [0.987195, -0.159496, -0.002525, -0.125006, 0.013548, 0.0996, -0.994936, -0.002831, 0.158939, 0.982162, 0.100486, -1.2e-05, 0.0, 0.0, 0.0, 1.0],
                [0.974652, -0.209949, -0.077293, -0.125006, -0.020101, 0.261908, -0.964884, -0.002831, 0.22282, 0.94198, 0.251049, -1.1e-05, 0.0, 0.0, 0.0, 1.0],
                [0.966035, -0.215705, -0.142292, -0.125006, -0.052486, 0.375377, -0.925385, -0.00283, 0.253024, 0.901423, 0.351306, -1.2e-05, 0.0, 0.0, 0.0, 1.0],
                [0.963644, -0.183172, -0.194521, -0.125006, -0.100814, 0.424949, -0.899586, -0.002831, 0.24744, 0.886491, 0.391034, -1.3e-05, 0.0, 0.0, 0.0, 1.0],
                [0.960929, -0.138593, -0.239598, -0.125006, -0.160581, 0.425919, -0.890397, -0.002831, 0.225453, 0.894083, 0.387023, -1.2e-05, 0.0, 0.0, 0.0, 1.0],
                [0.95179, -0.124393, -0.280397, -0.125006, -0.221922, 0.351821, -0.909381, -0.002831, 0.21177, 0.927765, 0.307255, -1.2e-05, 0.0, 0.0, 0.0, 1.0],
                [0.9363, -0.174843, -0.304586, -0.125006, -0.283004, 0.13795, -0.949146, -0.002831, 0.207969, 0.974884, 0.079682, -1.2e-05, 0.0, 0.0, 0.0, 1.0],
                [0.919293, -0.264628, -0.291327, -0.125006, -0.33918, -0.157213, -0.927492, -0.002831, 0.19964, 0.95145, -0.234281, -1.3e-05, 0.0, 0.0, 0.0, 1.0],
                [0.901334, -0.331917, -0.278259, -0.125006, -0.394297, -0.36294, -0.844278, -0.002831, 0.179239, 0.870693, -0.458004, -1.2e-05, 0.0, 0.0, 0.0, 1.0],
                [0.874164, -0.362208, -0.323486, -0.125006, -0.466299, -0.439968, -0.767459, -0.002831, 0.135656, 0.821726, -0.553501, -1.2e-05, 0.0, 0.0, 0.0, 1.0],
                [0.83447, -0.378903, -0.400117, -0.125006, -0.545431, -0.464459, -0.697698, -0.00283, 0.078522, 0.800444, -0.594242, -1.2e-05, 0.0, 0.0, 0.0, 1.0],
                [0.804094, -0.484741, -0.34418, -0.125006, -0.593188, -0.615701, -0.518691, -0.002831, 0.039519, 0.621239, -0.782624, -1.1e-05, 0.0, 0.0, 0.0, 1.0],
                [0.845403, -0.50429, -0.176027, -0.125006, -0.532894, -0.77393, -0.342135, -0.002831, 0.036303, 0.383045, -0.923016, -1.1e-05, 0.0, 0.0, 0.0, 1.0],
                [0.88308, -0.469166, 0.00735, -0.125006, -0.468578, -0.882579, -0.038574, -0.002831, 0.024584, 0.030621, -0.999228, -1.2e-05, 0.0, 0.0, 0.0, 1.0],
                [0.882516, -0.462894, 0.083037, -0.125006, -0.470167, -0.872342, 0.13402, -0.002831, 0.0104, -0.157316, -0.987494, -1.3e-05, 0.0, 0.0, 0.0, 1.0],
                [0.868386, -0.48238, 0.114962, -0.125006, -0.494696, -0.826624, 0.268268, -0.002831, -0.034377, -0.289831, -0.95646, -1.3e-05, 0.0, 0.0, 0.0, 1.0],
                [0.85338, -0.486986, 0.185975, -0.125006, -0.520404, -0.775088, 0.358355, -0.00283, -0.030367, -0.402595, -0.914874, -1.2e-05, 0.0, 0.0, 0.0, 1.0],
                [0.837375, -0.51608, 0.18018, -0.125006, -0.543408, -0.750186, 0.376735, -0.002831, -0.059256, -0.413379, -0.908629, -1.1e-05, 0.0, 0.0, 0.0, 1.0],
                [0.829811, -0.540419, 0.139143, -0.125006, -0.551625, -0.756646, 0.350993, -0.002831, -0.084401, -0.368012, -0.925982, -1.2e-05, 0.0, 0.0, 0.0, 1.0],
                [0.872222, -0.420876, 0.249185, -0.125006, -0.488819, -0.732487, 0.473834, -0.00283, -0.016901, -0.535095, -0.844623, -1.3e-05, 0.0, 0.0, 0.0, 1.0],
                [0.919447, -0.281306, 0.274743, -0.125006, -0.393195, -0.664376, 0.635612, -0.002831, 0.003732, -0.692439, -0.721467, -1.4e-05, 0.0, 0.0, 0.0, 1.0],
                [0.944928, -0.135465, 0.297927, -0.125006, -0.316214, -0.612595, 0.724386, -0.002831, 0.084379, -0.778701, -0.621695, -1.2e-05, 0.0, 0.0, 0.0, 1.0],
                [0.966103, -0.080522, 0.245279, -0.125006, -0.206971, -0.809465, 0.54948, -0.002829, 0.154299, -0.58162, -0.798692, -1.3e-05, 0.0, 0.0, 0.0, 1.0],
                [0.937489, -0.050457, 0.344338, -0.125006, -0.211232, -0.868832, 0.447785, -0.002831, 0.276578, -0.492529, -0.825179, -1.3e-05, 0.0, 0.0, 0.0, 1.0],
                [0.893833, -0.047239, 0.445906, -0.125006, -0.213661, -0.919154, 0.330915, -0.002831, 0.394225, -0.391054, -0.831663, -1.2e-05, 0.0, 0.0, 0.0, 1.0]
            ]
        },
        {
            "name": "Leg_L",
            "time": [0.0, 0.0333, 0.0667, 0.1, 0.1333, 0.1667, 0.2, 0.2333, 0.2667, 0.3, 0.3333, 0.3667, 0.4, 0.4333, 0.4667, 0.5, 0.5333, 0.5667, 0.6, 0.6333, 0.6667, 0.7, 0.7333, 0.7667, 0.8, 0.8333, 0.8667, 0.9, 0.9333, 0.9667, 1.0, 1.0333, 1.0667, 1.1, 1.1333, 1.4333, 1.6667, 2.0, 2.3333, 2.6667, 2.8333, 3.0, 3.1667, 3.3333, 3.5, 3.6667, 3.8333, 4.0, 4.1667],
            "transform": [
                [1.0, 0.0, -0.0, 0.0, 0.0, 0.590491, 0.807045, 0.37472, 0.0, -0.807044, 0.590491, 0.0, 0.0, 0.0, 0.0, 1.0],
                [1.0, 0.0, -0.0, -0.0, 0.0, 0.642061, 0.766654, 0.37472, 0.0, -0.766653, 0.642061, 0.0, 0.0, 0.0, 0.0, 1.0],
                [1.0, 0.0, -0.0, -0.0, 0.0, 0.692272, 0.721637, 0.37472, 0.0, -0.721636, 0.692273, -0.0, 0.0, 0.0, 0.0, 1.0],
                [1.0, 0.0, -0.0, 0.0, 0.0, 0.73679, 0.676122, 0.37472, 0.0, -0.676121, 0.736791, 0.0, 0.0, 0.0, 0.0, 1.0],
                [1.0, 0.0, -0.0, 0.0, 0.0, 0.772428, 0.635102, 0.37472, 0.0, -0.635102, 0.772429, -0.0, 0.0, 0.0, 0.0, 1.0],
                [1.0, 0.0, -0.0, -0.0, 0.0, 0.800803, 0.598929, 0.37472, 0.0, -0.598928, 0.800803, 0.0, 0.0, 0.0, 0.0, 1.0],
                [1.0, 0.0, -0.0, 0.0, 0.0, 0.825021, 0.565102, 0.37472, 0.0, -0.565102, 0.825022, 0.0, 0.0, 0.0, 0.0, 1.0],
                [1.0, 0.0, -0.0, 0.0, 0.0, 0.845133, 0.534556, 0.37472, 0.0, -0.534555, 0.845135, 0.0, 0.0, 0.0, 0.0, 1.0],
                [0.999999, 0.0, -0.0, 0.0, 0.0, 0.861299, 0.508099, 0.37472, 0.0, -0.508098, 0.8613, 0.0, 0.0, 0.0, 0.0, 1.0],
                [1.0, 0.0, -0.0, -0.0, 0.0, 0.873523, 0.486784, 0.37472, 0.0, -0.486783, 0.873523, -0.0, 0.0, 0.0, 0.0, 1.0],
                [0.999999, 0.0, -0.0, 0.0, 0.0, 0.894968, 0.446131, 0.37472, 0.0, -0.446131, 0.894969, -0.0, 0.0, 0.0, 0.0, 1.0],
                [1.0, 0.0, -0.0, -0.0, 0.0, 0.92308, 0.384609, 0.37472, 0.0, -0.384608, 0.923081, -0.0, 0.0, 0.0, 0.0, 1.0],
                [0.999999, 0.0, -0.0, 0.0, 0.0, 0.940452, 0.339928, 0.37472, 0.0, -0.339928, 0.940452, 1e-06, 0.0, 0.0, 0.0, 1.0],
                [0.999999, 0.0, -0.0, 0.0, 0.0, 0.93588, 0.352317, 0.37472, 0.0, -0.352317, 0.935881, 0.0, 0.0, 0.0, 0.0, 1.0],
                [1.0, 0.0, -0.0, -0.0, 0.0, 0.888838, 0.458221, 0.37472, 0.0, -0.458221, 0.888839, -0.0, 0.0, 0.0, 0.0, 1.0],
                [1.0, 0.0, -0.0, -0.0, -0.0, 0.62856, 0.777761, 0.37472, 0.0, -0.77776, 0.628561, -1e-06, 0.0, 0.0, 0.0, 1.0],
                [1.0, 0.0, 0.0, 0.0, -0.0, 0.05614, 0.998424, 0.37472, 0.0, -0.998422, 0.05614, -0.0, 0.0, 0.0, 0.0, 1.0],
                [1.0, 0.0, 0.0, -0.0, -0.0, -0.376826, 0.926284, 0.37472, 0.0, -0.926284, -0.376827, -0.0, 0.0, 0.0, 0.0, 1.0],
                [1.0, 0.0, 0.0, 0.0, -0.0, -0.537973, 0.842962, 0.37472, 0.0, -0.842962, -0.537973, -0.0, 0.0, 0.0, 0.0, 1.0],
                [0.999999, 0.0, 0.0, 0.0, -0.0, -0.626126, 0.779723, 0.37472, 1e-06, -0.779723, -0.626126, -0.0, 0.0, 0.0, 0.0, 1.0],
                [1.0, 0.0, 0.0, -0.0, -0.0, -0.662319, 0.749222, 0.37472, 0.0, -0.749223, -0.662319, -0.0, 0.0, 0.0, 0.0, 1.0],
                [0.999999, 0.0, 0.0, 0.0, -0.0, -0.661095, 0.750302, 0.37472, 0.0, -0.750302, -0.661095, 0.0, 0.0, 0.0, 0.0, 1.0],
                [1.0, 0.0, 0.0, 0.0, -0.0, -0.631413, 0.775447, 0.37472, 0.0, -0.775447, -0.631414, -0.0, 0.0, 0.0, 0.0, 1.0],
                [0.999999, 0.0, 0.0, 0.0, -0.0, -0.533801, 0.845611, 0.37472, 0.0, -0.84561, -0.533802, -0.0, 0.0, 0.0, 0.0, 1.0],
                [0.999999, 0.0, 0.0, -0.0, -0.0, -0.343905, 0.939004, 0.37472, 0.0, -0.939004, -0.343906, 0.0, 0.0, 0.0, 0.0, 1.0],
                [1.0, 0.0, -0.0, 0.0, 0.0, -0.11074, 0.99385, 0.37472, 0.0, -0.993849, -0.110741, -0.0, 0.0, 0.0, 0.0, 1.0],
                [1.0, 0.0, 0.0, 0.0, -0.0, 0.093582, 0.995613, 0.37472, 0.0, -0.995611, 0.093583, 0.0, 0.0, 0.0, 0.0, 1.0],
                [0.999999, 0.0, -0.0, 0.0, -0.0, 0.249671, 0.968332, 0.37472, 0.0, -0.96833, 0.249671, -0.0, 0.0, 0.0, 0.0, 1.0],
                [1.0, 0.0, -0.0, 0.0, -0.0, 0.376112, 0.926575, 0.37472, 0.0, -0.926574, 0.376112, 0.0, 0.0, 0.0, 0.0, 1.0],
                [1.0, 0.0, -0.0, -0.0, -0.0, 0.459316, 0.888273, 0.37472, 0.0, -0.888273, 0.459317, 0.0, 0.0, 0.0, 0.0, 1.0],
                [1.0, 0.0, -0.0, -0.0, -0.0, 0.475817, 0.879545, 0.374721, 0.0, -0.879544, 0.475818, 0.0, 0.0, 0.0, 0.0, 1.0],
                [1.0, 0.0, -0.0, 0.0, -0.0, 0.455564, 0.890203, 0.37472, 0.0, -0.890203, 0.455565, 0.0, 0.0, 0.0, 0.0, 1.0],
                [1.0, 0.0, -0.0, -0.0, -0.0, 0.467284, 0.884108, 0.374721, 0.0, -0.884107, 0.467284, -0.0, 0.0, 0.0, 0.0, 1.0],
                [1.0, 0.0, -0.0, -0.0, -0.0, 0.549174, 0.835708, 0.374721, 0.0, -0.835708, 0.549174, 0.0, 0.0, 0.0, 0.0, 1.0],
                [1.0, 0.0, -0.0, 0.0, -0.0, 0.655817, 0.75492, 0.37472, 0.0, -0.754919, 0.655818, -0.0, 0.0, 0.0, 0.0, 1.0],
                [1.0, 0.0, -0.0, 0.0, -0.0, 0.420562, 0.907264, 0.37472, 0.0, -0.907264, 0.420562, -0.0, 0.0, 0.0, 0.0, 1.0],
                [1.0, 0.0, 0.0, 0.0, -0.0, 0.076574, 0.997065, 0.37472, 0.0, -0.997063, 0.076574, -0.0, 0.0, 0.0, 0.0, 1.0],
                [1.0, 0.0, 0.0, -0.0, 0.0, -0.286884, 0.957965, 0.37472, 0.0, -0.957966, -0.286884, -1e-06, 0.0, 0.0, 0.0, 1.0],
                [0.999999, 0.0, 0.0, 0.0, 0.0, -0.400834, 0.916151, 0.37472, 0.0, -0.916151, -0.400834, 2e-06, 0.0, 0.0, 0.0, 1.0],
                [1.0, 0.0, 0.0, -0.0, -0.0, -0.421136, 0.906998, 0.37472, 0.0, -0.906998, -0.421136, -0.0, 0.0, 0.0, 0.0, 1.0],
                [1.0, 0.0, 0.0, -0.0, -0.0, -0.402981, 0.915209, 0.37472, 0.0, -0.915209, -0.402981, 0.0, 0.0, 0.0, 0.0, 1.0],
                [0.999999, 0.0, 0.0, 0.0, -0.0, -0.306741, 0.951794, 0.374721, 0.0, -0.951793, -0.306741, -0.0, 0.0, 0.0, 0.0, 1.0],
                [1.0, 0.0, 0.0, -0.0, -0.0, -0.174866, 0.984593, 0.37472, 0.0, -0.984592, -0.174866, -1e-06, 0.0, 0.0, 0.0, 1.0],
                [1.0, 0.0, 0.0, 0.0, -0.0, -0.235604, 0.97185, 0.374721, 0.0, -0.971849, -0.235605, -1e-06, 0.0, 0.0, 0.0, 1.0],
                [1.0, 0.0, 0.0, -0.0, -0.0, -0.226793, 0.973943, 0.374721, 0.0, -0.973943, -0.226793, -1e-06, 0.0, 0.0, 0.0, 1.0],
                [1.0, 0.0, 0.0, 0.0, -0.0, -0.046028, 0.998941, 0.37472, 1e-06, -0.99894, -0.046028, -1e-06, 0.0, 0.0, 0.0, 1.0],
                [1.0, 0.0, -0.0, -0.0, 0.0, 0.640872, 0.767648, 0.374721, 0.0, -0.767647, 0.640873, 1e-06, 0.0, 0.0, 0.0, 1.0],
                [1.0, 0.0, -0.0, -0.0, -0.0, 0.752276, 0.658848, 0.37472, 0.0, -0.658847, 0.752277, -0.0, 0.0, 0.0, 0.0, 1.0],
                [1.0, 0.0, -0.0, 0.0, -0.0, 0.862454, 0.506135, 0.37472, 0.0, -0.506135, 0.862455, -0.0, 0.0, 0.0, 0.0, 1.0]
            ]
        },
        {
            "name": "Knee_L",
            "time": [0.0, 0.9333, 0.9667, 1.0, 1.0333, 1.0667, 1.1, 1.1333, 1.4333, 1.6667, 2.0, 2.3333, 2.6667, 2.8333, 3.0, 3.1667, 3.3333, 3.5, 3.6667, 3.8333, 4.0, 4.1667],
            "transform": [
                [1.0, 0.0, -0.0, 0.0, -0.0, 1e-06, -1.0, 0.37472, -0.0, 1.0, 1e-06, 0.0, 0.0, 0.0, 0.0, 1.0],
                [1.0, 0.0, -0.0, 0.0, -0.0, 1e-06, -1.0, 0.37472, -0.0, 1.0, 1e-06, 0.0, 0.0, 0.0, 0.0, 1.0],
                [1.0, 0.0, -0.0, -0.0, -0.0, 1e-06, -1.0, 0.37472, -0.0, 1.0, 1e-06, 0.0, 0.0, 0.0, 0.0, 1.0],
