{
    "animation": [
        {
            "name": "Root",
            "time": [0.0, 0.1667, 0.3333, 0.5, 0.6667, 0.8333, 1.0, 1.3333, 1.5, 1.6667, 1.8333, 2.0, 2.1667, 2.3333],
            "transform": [
                [1.0, -0.0, 0.0, -2.2e-05, 0.0, -0.0, -1.0, 4.1e-05, 0.0, 1.0, -0.0, 0.690967, 0.0, 0.0, 0.0, 1.0],
                [1.0, -0.0, 0.0, -0.018685, 0.0, -0.0, -1.0, 0.181231, 0.0, 1.0, -0.0, 0.656758, 0.0, 0.0, 0.0, 1.0],
                [1.0, -0.0, 0.0, -0.031067, 0.0, -0.0, -1.0, 0.422232, 0.0, 1.0, -0.0, 0.446236, 0.0, 0.0, 0.0, 1.0],
                [1.0, -0.0, 0.0, -0.029494, 0.0, -0.0, -1.0, 0.441139, 0.0, 1.0, -0.0, 0.404296, 0.0, 0.0, 0.0, 1.0],
                [1.0, -0.0, 0.0, -0.028929, 0.0, -0.0, -1.0, 0.450013, 0.0, 1.0, -0.0, 0.424855, 0.0, 0.0, 0.0, 1.0],
                [1.0, -0.0, 0.0, -0.0299, 0.0, -0.0, -1.0, 0.445344, 0.0, 1.0, -0.0, 0.408408, 0.0, 0.0, 0.0, 1.0],
                [1.0, -0.0, 0.0, -0.031067, 0.0, -0.0, -1.0, 0.437785, 0.0, 1.0, -0.0, 0.408408, 0.0, 0.0, 0.0, 1.0],
                [1.0, -0.0, 0.0, -0.031067, 0.0, -0.0, -1.0, 0.437785, 0.0, 1.0, -0.0, 0.408408, 0.0, 0.0, 0.0, 1.0],
                [1.0, -0.0, 0.0, 0.006238, 0.0, -0.0, -1.0, 0.261663, 0.0, 1.0, -0.0, 0.468864, 0.0, 0.0, 0.0, 1.0],
                [1.0, -0.0, 0.0, 0.013182, 0.0, -0.0, -1.0, 0.138768, 0.0, 1.0, -0.0, 0.543698, 0.0, 0.0, 0.0, 1.0],
                [1.0, -0.0, 0.0, 0.020582, 0.0, -0.0, -1.0, 0.089332, 0.0, 1.0, -0.0, 0.629222, 0.0, 0.0, 0.0, 1.0],
                [1.0, -0.0, 0.0, 0.02464, 0.0, -0.0, -1.0, 0.054943, 0.0, 1.0, -0.0, 0.648136, 0.0, 0.0, 0.0, 1.0],
                [1.0, -0.0, 0.0, 0.027929, 0.0, -0.0, -1.0, 0.040615, 0.0, 1.0, -0.0, 0.666228, 0.0, 0.0, 0.0, 1.0],
                [1.0, -0.0, 0.0, 0.031023, 0.0, -0.0, -1.0, 0.026103, 0.0, 1.0, -0.0, 0.649781, 0.0, 0.0, 0.0, 1.0]
            ]
        },
        {
            "name": "Thigh_R",
            "time": [0.0, 0.1667, 0.3333, 0.5, 0.6667, 0.8333, 1.0, 1.3333, 1.5, 1.6667, 1.8333, 2.0, 2.1667, 2.3333],
            "transform": [
                [0.531962, 0.239081, 0.812315, 0.124994, 0.271137, -0.956897, 0.104074, -0.002831, 0.802185, 0.164886, -0.573857, -1.2e-05, 0.0, 0.0, 0.0, 1.0],
                [0.542704, 0.289797, 0.788346, 0.124994, 0.364556, -0.926846, 0.089746, -0.002831, 0.756684, 0.238691, -0.60865, -1.2e-05, 0.0, 0.0, 0.0, 1.0],
                [0.608063, 0.583807, 0.537986, 0.124994, 0.566322, -0.793886, 0.221413, -0.002831, 0.556362, 0.170041, -0.813356, -1.2e-05, 0.0, 0.0, 0.0, 1.0],
                [0.580799, 0.64844, 0.492136, 0.124994, 0.647656, -0.734331, 0.20322, -0.002831, 0.493167, 0.200706, -0.846465, -1.2e-05, 0.0, 0.0, 0.0, 1.0],
                [0.589699, 0.618738, 0.519054, 0.124994, 0.638123, -0.750901, 0.170137, -0.002831, 0.495028, 0.230891, -0.837637, -1.2e-05, 0.0, 0.0, 0.0, 1.0],
                [0.580677, 0.64349, 0.498733, 0.124994, 0.64614, -0.736943, 0.198539, -0.002831, 0.495295, 0.206965, -0.843711, -1.2e-05, 0.0, 0.0, 0.0, 1.0],
                [0.567749, 0.64567, 0.510657, 0.124994, 0.654284, -0.73039, 0.196066, -0.002831, 0.499572, 0.222799, -0.837131, -1.2e-05, 0.0, 0.0, 0.0, 1.0],
                [0.567749, 0.64567, 0.510657, 0.124994, 0.654284, -0.73039, 0.196066, -0.002831, 0.499572, 0.222799, -0.837131, -1.2e-05, 0.0, 0.0, 0.0, 1.0],
                [0.627019, 0.657925, 0.417111, 0.124994, 0.483121, -0.748456, 0.454321, -0.002831, 0.611098, -0.083352, -0.787154, -1.2e-05, 0.0, 0.0, 0.0, 1.0],
                [0.658634, 0.584045, 0.474438, 0.124994, 0.326693, -0.789941, 0.518908, -0.002831, 0.677844, -0.186774, -0.711086, -1.2e-05, 0.0, 0.0, 0.0, 1.0],
                [0.647956, 0.417065, 0.637346, 0.124994, 0.263813, -0.907858, 0.325878, -0.002831, 0.714532, -0.043014, -0.698279, -1.2e-05, 0.0, 0.0, 0.0, 1.0],
                [0.658114, 0.33221, 0.675664, 0.124994, 0.255889, -0.942666, 0.214247, -0.002831, 0.7081, 0.031896, -0.705391, -1.2e-05, 0.0, 0.0, 0.0, 1.0],
                [0.619481, 0.297022, 0.726651, 0.124994, 0.256227, -0.951464, 0.170479, -0.002831, 0.742018, 0.08058, -0.665519, -1.2e-05, 0.0, 0.0, 0.0, 1.0],
                [0.531962, 0.239081, 0.812315, 0.124994, 0.271137, -0.956897, 0.104075, -0.002831, 0.802185, 0.164886, -0.573857, -1.2e-05, 0.0, 0.0, 0.0, 1.0]
            ]
        },
        {
            "name": "Leg_R",
            "time": [0.0, 0.1667, 0.3333, 0.5, 0.6667, 0.8333, 1.0, 1.3333, 1.5, 1.6667, 1.8333, 2.0, 2.1667, 2.3333],
            "transform": [
                [1.0, 0.0, 0.0, 0.0, -0.0, 0.932179, 0.361998, 0.37472, -0.0, -0.361998, 0.932179, 0.0, 0.0, 0.0, 0.0, 1.0],
                [1.0, 0.0, 0.0, 0.0, -0.0, 0.943754, 0.330648, 0.37472, 0.0, -0.330648, 0.943754, 0.0, 0.0, 0.0, 0.0, 1.0],
                [1.0, 0.0, 0.0, 0.0, -0.0, 0.264032, 0.964514, 0.37472, 0.0, -0.964514, 0.264032, -0.0, 0.0, 0.0, 0.0, 1.0],
                [1.0, 0.0, 0.0, 0.0, -0.0, 0.198738, 0.980053, 0.37472, 0.0, -0.980053, 0.198739, 0.0, 0.0, 0.0, 0.0, 1.0],
                [1.0, 0.0, 0.0, -0.0, -0.0, 0.265513, 0.964107, 0.37472, 0.0, -0.964107, 0.265513, -0.0, 0.0, 0.0, 0.0, 1.0],
                [1.0, 0.0, 0.0, -0.0, -0.0, 0.226541, 0.974002, 0.37472, 0.0, -0.974002, 0.226541, -0.0, 0.0, 0.0, 0.0, 1.0],
                [1.0, 0.0, 0.0, -0.0, -0.0, 0.231922, 0.972735, 0.37472, 0.0, -0.972734, 0.231922, -0.0, 0.0, 0.0, 0.0, 1.0],
                [1.0, 0.0, 0.0, -0.0, -0.0, 0.231922, 0.972735, 0.37472, 0.0, -0.972734, 0.231922, -0.0, 0.0, 0.0, 0.0, 1.0],
                [1.0, -0.0, -0.0, -0.0, 0.0, 0.057229, 0.998361, 0.37472, -0.0, -0.998361, 0.057229, -0.0, 0.0, 0.0, 0.0, 1.0],
                [1.0, -0.0, 0.0, 0.0, 0.0, 0.215112, 0.97659, 0.37472, 0.0, -0.976589, 0.215112, -0.0, 0.0, 0.0, 0.0, 1.0],
                [1.0, 0.0, -0.0, 0.0, 0.0, 0.657992, 0.753025, 0.37472, 0.0, -0.753025, 0.657992, 0.0, 0.0, 0.0, 0.0, 1.0],
                [1.0, 0.0, -0.0, 0.0, -0.0, 0.836665, 0.547715, 0.37472, 0.0, -0.547715, 0.836665, 0.0, 0.0, 0.0, 0.0, 1.0],
                [1.0, 0.0, -0.0, 0.0, -0.0, 0.884333, 0.466857, 0.37472, 0.0, -0.466857, 0.884333, 0.0, 0.0, 0.0, 0.0, 1.0],
                [1.0, -0.0, -0.0, 0.0, -0.0, 0.932178, 0.361999, 0.37472, 0.0, -0.361999, 0.932179, 0.0, 0.0, 0.0, 0.0, 1.0]
            ]
        },
        {
            "name": "Knee_R",
            "time": [0.0, 0.1667, 0.3333, 0.5, 0.6667, 0.8333, 1.0, 1.3333, 1.5, 1.6667, 1.8333, 2.0, 2.1667, 2.3333],
            "transform": [
                [1.0, 0.0, -0.0, 0.0, -0.0, 1e-06, -1.0, 0.37472, -0.0, 1.0, 1e-06, 0.0, 0.0, 0.0, 0.0, 1.0],
                [1.0, 0.0, -0.0, 0.0, -0.0, 1e-06, -1.0, 0.37472, -0.0, 1.0, 1e-06, 0.0, 0.0, 0.0, 0.0, 1.0],
                [1.0, 0.0, -0.0, 0.0, -0.0, 1e-06, -1.0, 0.37472, -0.0, 1.0, 1e-06, -0.0, 0.0, 0.0, 0.0, 1.0],
                [1.0, 0.0, -0.0, 0.0, -0.0, 1e-06, -1.0, 0.37472, -0.0, 1.0, 1e-06, 0.0, 0.0, 0.0, 0.0, 1.0],
                [1.0, 0.0, -0.0, -0.0, -0.0, 1e-06, -1.0, 0.37472, -0.0, 1.0, 1e-06, -0.0, 0.0, 0.0, 0.0, 1.0],
                [1.0, 0.0, -0.0, -0.0, -0.0, 1e-06, -1.0, 0.37472, -0.0, 1.0, 1e-06, -0.0, 0.0, 0.0, 0.0, 1.0],
                [1.0, 0.0, -0.0, -0.0, -0.0, 1e-06, -1.0, 0.37472, -0.0, 1.0, 1e-06, -0.0, 0.0, 0.0, 0.0, 1.0],
                [1.0, 0.0, -0.0, -0.0, -0.0, 1e-06, -1.0, 0.37472, -0.0, 1.0, 1e-06, -0.0, 0.0, 0.0, 0.0, 1.0],
                [1.0, 0.0, -0.0, -0.0, -0.0, 1e-06, -1.0, 0.37472, -0.0, 1.0, 1e-06, -0.0, 0.0, 0.0, 0.0, 1.0],
                [1.0, 0.0, -0.0, 0.0, -0.0, 1e-06, -1.0, 0.37472, -0.0, 1.0, 1e-06, -0.0, 0.0, 0.0, 0.0, 1.0],
                [1.0, 0.0, -0.0, 0.0, -0.0, 1e-06, -1.0, 0.37472, -0.0, 1.0, 1e-06, 0.0, 0.0, 0.0, 0.0, 1.0],
                [1.0, 0.0, -0.0, 0.0, -0.0, 1e-06, -1.0, 0.37472, -0.0, 1.0, 1e-06, 0.0, 0.0, 0.0, 0.0, 1.0],
                [1.0, 0.0, -0.0, 0.0, -0.0, 1e-06, -1.0, 0.37472, -0.0, 1.0, 1e-06, 0.0, 0.0, 0.0, 0.0, 1.0],
                [1.0, 0.0, -0.0, 0.0, -0.0, 1e-06, -1.0, 0.37472, -0.0, 1.0, 1e-06, 0.0, 0.0, 0.0, 0.0, 1.0]
            ]
        },
        {
            "name": "Thigh_L",
            "time": [0.0, 0.1667, 0.3333, 0.5, 0.6667, 0.8333, 1.0, 1.3333, 1.5, 1.6667, 1.8333, 2.0, 2.1667, 2.3333],
            "transform": [
                [0.893411, -0.047267, 0.446747, -0.125006, -0.214124, -0.919025, 0.330974, -0.002831, 0.394928, -0.391355, -0.831188, -1.2e-05, 0.0, 0.0, 0.0, 1.0],
                [0.931177, 0.027976, 0.363493, -0.125006, -0.184641, -0.823528, 0.536385, -0.002831, 0.314353, -0.566585, -0.761685, -1.2e-05, 0.0, 0.0, 0.0, 1.0],
                [0.914114, -0.231887, 0.332601, -0.125006, -0.383611, -0.229004, 0.89465, -0.002831, -0.13129, -0.945403, -0.298291, -1.2e-05, 0.0, 0.0, 0.0, 1.0],
                [0.913086, -0.18821, 0.361734, -0.125006, -0.384741, -0.103764, 0.917173, -0.002831, -0.135086, -0.976632, -0.167158, -1.2e-05, 0.0, 0.0, 0.0, 1.0],
                [0.915555, -0.179875, 0.359727, -0.125006, -0.38692, -0.149795, 0.909865, -0.002831, -0.109777, -0.972218, -0.206743, -1.2e-05, 0.0, 0.0, 0.0, 1.0],
                [0.915993, -0.190604, 0.353025, -0.125006, -0.381465, -0.141242, 0.913529, -0.002831, -0.12426, -0.971453, -0.202086, -1.2e-05, 0.0, 0.0, 0.0, 1.0],
                [0.914974, -0.207998, 0.345772, -0.125006, -0.374758, -0.120354, 0.919277, -0.002831, -0.149593, -0.970697, -0.18807, -1.2e-05, 0.0, 0.0, 0.0, 1.0],
                [0.914974, -0.207998, 0.345772, -0.125006, -0.374758, -0.120354, 0.919277, -0.002831, -0.149593, -0.970697, -0.18807, -1.2e-05, 0.0, 0.0, 0.0, 1.0],
                [0.923235, -0.14993, 0.353777, -0.125006, -0.381089, -0.239706, 0.892923, -0.002831, -0.049073, -0.959199, -0.278442, -1.2e-05, 0.0, 0.0, 0.0, 1.0],
                [0.903787, -0.119107, 0.411073, -0.125006, -0.41108, -0.508847, 0.756365, -0.002831, 0.119085, -0.852577, -0.508852, -1.2e-05, 0.0, 0.0, 0.0, 1.0],
                [0.866785, 0.065536, 0.494356, -0.125006, -0.218302, -0.841428, 0.494311, -0.002831, 0.44836, -0.53638, -0.715031, -1.2e-05, 0.0, 0.0, 0.0, 1.0],
                [0.906386, -0.060375, 0.418112, -0.125006, -0.200967, -0.932192, 0.301049, -0.002831, 0.371585, -0.356893, -0.85706, -1.2e-05, 0.0, 0.0, 0.0, 1.0],
                [0.911841, -0.095247, 0.399342, -0.125006, -0.20071, -0.951969, 0.231239, -0.002831, 0.358136, -0.291005, -0.887161, -1.2e-05, 0.0, 0.0, 0.0, 1.0],
                [0.893411, -0.047267, 0.446747, -0.125006, -0.214124, -0.919025, 0.330974, -0.002831, 0.394928, -0.391355, -0.831188, -1.2e-05, 0.0, 0.0, 0.0, 1.0]
            ]
        },
        {
            "name": "Leg_L",
            "time": [0.0, 0.1667, 0.3333, 0.5, 0.6667, 0.8333, 1.0, 1.3333, 1.5, 1.6667, 1.8333, 2.0, 2.1667, 2.3333],
            "transform": [
                [1.0, -0.0, -0.0, -0.0, 0.0, 0.862422, 0.506189, 0.37472, 0.0, -0.506189, 0.862422, 0.0, 0.0, 0.0, 0.0, 1.0],
                [1.0, 0.0, 0.0, 0.0, -0.0, 0.546562, 0.837418, 0.37472, 0.0, -0.837419, 0.546562, 0.0, 0.0, 0.0, 0.0, 1.0],
                [1.0, 0.0, -0.0, 0.0, 0.0, 0.064423, 0.997922, 0.37472, 0.0, -0.997923, 0.064423, -0.0, 0.0, 0.0, 0.0, 1.0],
                [1.0, 0.0, -0.0, 0.0, 0.0, -0.200737, 0.979645, 0.37472, 0.0, -0.979645, -0.200737, 0.0, 0.0, 0.0, 0.0, 1.0],
                [1.0, 0.0, -0.0, -0.0, 0.0, -0.178144, 0.984004, 0.37472, 0.0, -0.984005, -0.178144, 0.0, 0.0, 0.0, 0.0, 1.0],
                [1.0, 0.0, -0.0, 0.0, 0.0, -0.180689, 0.98354, 0.37472, -0.0, -0.983541, -0.180689, 0.0, 0.0, 0.0, 0.0, 1.0],
                [1.0, 0.0, -0.0, -0.0, -0.0, -0.185275, 0.982687, 0.37472, 0.0, -0.982687, -0.185275, 0.0, 0.0, 0.0, 0.0, 1.0],
                [1.0, 0.0, -0.0, -0.0, -0.0, -0.185275, 0.982687, 0.37472, 0.0, -0.982687, -0.185275, 0.0, 0.0, 0.0, 0.0, 1.0],
                [1.0, 0.0, 0.0, 0.0, -0.0, 0.296689, 0.954974, 0.37472, -0.0, -0.954974, 0.296689, 0.0, 0.0, 0.0, 0.0, 1.0],
                [1.0, 0.0, 0.0, -0.0, -0.0, 0.642784, 0.766048, 0.37472, -0.0, -0.766048, 0.642784, 0.0, 0.0, 0.0, 0.0, 1.0],
                [1.0, 0.0, 0.0, 0.0, -0.0, 0.606732, 0.794906, 0.37472, -0.0, -0.794907, 0.606732, -0.0, 0.0, 0.0, 0.0, 1.0],
                [1.0, 0.0, 0.0, 0.0, -0.0, 0.894155, 0.447757, 0.37472, -0.0, -0.447757, 0.894155, -0.0, 0.0, 0.0, 0.0, 1.0],
                [1.0, 0.0, 0.0, 0.0, -0.0, 0.949921, 0.31249, 0.37472, -0.0, -0.31249, 0.949921, 0.0, 0.0, 0.0, 0.0, 1.0],
                [1.0, 0.0, 0.0, -0.0, -0.0, 0.862422, 0.506189, 0.37472, -0.0, -0.506189, 0.862422, 0.0, 0.0, 0.0, 0.0, 1.0]
            ]
        },
        {
            "name": "Knee_L",
            "time": [0.0, 0.1667, 0.3333, 0.5, 0.6667, 0.8333, 1.0, 1.3333, 1.5, 1.6667, 1.8333, 2.0, 2.1667, 2.3333],
            "transform": [
                [1.0, 0.0, -0.0, -0.0, -0.0, 1e-06, -1.0, 0.37472, -0.0, 1.0, 1e-06, 0.0, 0.0, 0.0, 0.0, 1.0],
                [1.0, 0.0, -0.0, 0.0, -0.0, 1e-06, -1.0, 0.37472, -0.0, 1.0, 1e-06, 0.0, 0.0, 0.0, 0.0, 1.0],
                [1.0, 0.0, -0.0, 0.0, -0.0, 1e-06, -1.0, 0.37472, -0.0, 1.0, 1e-06, -0.0, 0.0, 0.0, 0.0, 1.0],
                [1.0, 0.0, -0.0, 0.0, -0.0, 1e-06, -1.0, 0.37472, -0.0, 1.0, 1e-06, 0.0, 0.0, 0.0, 0.0, 1.0],
                [1.0, 0.0, -0.0, -0.0, -0.0, 1e-06, -1.0, 0.37472, -0.0, 1.0, 1e-06, 0.0, 0.0, 0.0, 0.0, 1.0],
                [1.0, 0.0, -0.0, 0.0, -0.0, 1e-06, -1.0, 0.37472, -0.0, 1.0, 1e-06, 0.0, 0.0, 0.0, 0.0, 1.0],
                [1.0, 0.0, -0.0, -0.0, -0.0, 1e-06, -1.0, 0.37472, -0.0, 1.0, 1e-06, 0.0, 0.0, 0.0, 0.0, 1.0],
                [1.0, 0.0, -0.0, -0.0, -0.0, 1e-06, -1.0, 0.37472, -0.0, 1.0, 1e-06, 0.0, 0.0, 0.0, 0.0, 1.0],
                [1.0, 0.0, -0.0, 0.0, -0.0, 1e-06, -1.0, 0.37472, -0.0, 1.0, 1e-06, 0.0, 0.0, 0.0, 0.0, 1.0],
                [1.0, 0.0, -0.0, -0.0, -0.0, 1e-06, -1.0, 0.37472, -0.0, 1.0, 1e-06, 0.0, 0.0, 0.0, 0.0, 1.0],
                [1.0, 0.0, -0.0, 0.0, -0.0, 1e-06, -1.0, 0.37472, -0.0, 1.0, 1e-06, -0.0, 0.0, 0.0, 0.0, 1.0],
                [1.0, 0.0, -0.0, 0.0, -0.0, 1e-06, -1.0, 0.37472, -0.0, 1.0, 1e-06, -0.0, 0.0, 0.0, 0.0, 1.0],
                [1.0, 0.0, -0.0, 0.0, -0.0, 1e-06, -1.0, 0.37472, -0.0, 1.0, 1e-06, 0.0, 0.0, 0.0, 0.0, 1.0],
                [1.0, 0.0, -0.0, -0.0, -0.0, 1e-06, -1.0, 0.37472, -0.0, 1.0, 1e-06, 0.0, 0.0, 0.0, 0.0, 1.0]
            ]
        },
        {
            "name": "Torso",
            "time": [0.0, 0.1667, 0.3333, 0.5, 0.6667, 0.8333, 1.0, 1.3333, 1.5, 1.6667, 1.8333, 2.0, 2.1667, 2.3333],
            "transform": [
                [0.701234, -0.067462, -0.709732, -0.0, 0.007342, 0.996143, -0.087433, 0.05, 0.712893, 0.056101, 0.699025, 0.0, 0.0, 0.0, 0.0, 1.0],
                [0.658443, -0.047385, -0.751137, 0.0, -0.00617, 0.997643, -0.068344, 0.05, 0.752605, 0.049635, 0.656598, -0.0, 0.0, 0.0, 0.0, 1.0],
                [0.591832, -0.053824, -0.804262, 0.0, -0.023038, 0.996231, -0.083624, 0.05, 0.805732, 0.06802, 0.588361, 0.0, 0.0, 0.0, 0.0, 1.0],
                [0.58505, -0.084072, -0.806628, 0.0, -0.030521, 0.991625, -0.12549, 0.05, 0.810423, 0.098037, 0.577584, 0.0, 0.0, 0.0, 0.0, 1.0],
                [0.600493, -0.085271, -0.79507, -0.0, -0.031325, 0.991026, -0.129946, 0.05, 0.799016, 0.102937, 0.592433, 0.0, 0.0, 0.0, 0.0, 1.0],
                [0.588931, -0.084333, -0.803771, -0.0, -0.030718, 0.991486, -0.126535, 0.05, 0.807599, 0.099211, 0.581326, 0.0, 0.0, 0.0, 0.0, 1.0],
                [0.569738, -0.083068, -0.817617, -0.0, -0.029661, 0.992152, -0.121469, 0.05, 0.821291, 0.093456, 0.562803, 0.0, 0.0, 0.0, 0.0, 1.0],
                [0.569738, -0.083068, -0.817617, -0.0, -0.029661, 0.992152, -0.121469, 0.05, 0.821291, 0.093456, 0.562803, 0.0, 0.0, 0.0, 0.0, 1.0],
                [0.59533, -0.042308, -0.802366, -0.0, -0.022372, 0.997353, -0.069189, 0.05, 0.80317, 0.059141, 0.592807, 0.0, 0.0, 0.0, 0.0, 1.0],
                [0.624686, -0.027868, -0.780378, -0.0, -0.01544, 0.998727, -0.048026, 0.05, 0.780723, 0.04205, 0.623461, 0.0, 0.0, 0.0, 0.0, 1.0],
                [0.658392, -0.047387, -0.751182, -0.0, -0.006172, 0.997643, -0.068344, 0.05, 0.75265, 0.049634, 0.656547, 0.0, 0.0, 0.0, 0.0, 1.0],
                [0.721828, -0.055252, -0.689863, -0.0, 0.003946, 0.99712, -0.075733, 0.05, 0.692061, 0.051944, 0.719967, 0.0, 0.0, 0.0, 0.0, 1.0],
                [0.731241, -0.06151, -0.67934, -0.0, 0.008059, 0.996636, -0.081564, 0.05, 0.682071, 0.054168, 0.729276, 0.0, 0.0, 0.0, 0.0, 1.0],
                [0.701234, -0.067462, -0.709732, 0.0, 0.007342, 0.996143, -0.087433, 0.05, 0.712893, 0.056101, 0.699025, -0.0, 0.0, 0.0, 0.0, 1.0]
            ]
        },
        {
            "name": "Chest",
            "time": [0.0, 0.1667, 0.3333, 0.5, 0.6667, 0.8333, 1.0, 1.3333, 1.5, 1.6667, 1.8333, 2.0, 2.1667, 2.3333],
            "transform": [
                [0.961219, -0.076486, -0.264967, -0.0, 0.082772, 0.996489, 0.012623, 0.3, 0.263072, -0.034065, 0.964174, 0.0, 0.0, 0.0, 0.0, 1.0],
                [0.865413, -0.200592, -0.459155, -0.0, 0.291266, 0.947034, 0.135244, 0.3, 0.407707, -0.250778, 0.878, -0.0, 0.0, 0.0, 0.0, 1.0],
                [0.856192, -0.513905, -0.053272, -0.0, 0.468904, 0.729617, 0.497784, 0.3, -0.216945, -0.451178, 0.865663, 0.0, 0.0, 0.0, 0.0, 1.0],
                [0.820662, -0.54551, -0.170098, -0.0, 0.527748, 0.609459, 0.591644, 0.3, -0.21908, -0.575309, 0.788051, -0.0, 0.0, 0.0, 0.0, 1.0],
                [0.83171, -0.525718, -0.17855, 0.0, 0.525591, 0.641882, 0.558338, 0.3, -0.17892, -0.55822, 0.810172, 0.0, 0.0, 0.0, 0.0, 1.0],
                [0.825285, -0.535185, -0.180228, -0.0, 0.534016, 0.635808, 0.557293, 0.3, -0.183664, -0.55617, 0.81052, -0.0, 0.0, 0.0, 0.0, 1.0],
                [0.816625, -0.54961, -0.176216, 0.0, 0.5425, 0.626703, 0.559409, 0.3, -0.197022, -0.552425, 0.809944, 0.0, 0.0, 0.0, 0.0, 1.0],
                [0.816625, -0.54961, -0.176216, 0.0, 0.5425, 0.626703, 0.559409, 0.3, -0.197022, -0.552425, 0.809944, 0.0, 0.0, 0.0, 0.0, 1.0],
                [0.868642, -0.454543, -0.19711, -0.0, 0.490506, 0.732982, 0.471319, 0.3, -0.069757, -0.506091, 0.859654, -0.0, 0.0, 0.0, 0.0, 1.0],
                [0.903498, -0.357984, -0.235668, 0.0, 0.424364, 0.824257, 0.374855, 0.3, 0.060059, -0.43869, 0.896629, 0.0, 0.0, 0.0, 0.0, 1.0],
                [0.922577, -0.277971, -0.267554, -0.0, 0.349823, 0.895161, 0.276246, 0.3, 0.162715, -0.348454, 0.923094, -0.0, 0.0, 0.0, 0.0, 1.0],
                [0.937781, -0.214115, -0.273353, 0.0, 0.269098, 0.945675, 0.182444, 0.3, 0.219439, -0.244652, 0.944453, 0.0, 0.0, 0.0, 0.0, 1.0],
                [0.952589, -0.149978, -0.264727, -0.0, 0.18049, 0.978995, 0.094834, 0.3, 0.244943, -0.138118, 0.959649, 0.0, 0.0, 0.0, 0.0, 1.0],
                [0.96122, -0.076484, -0.264967, 0.0, 0.082771, 0.996489, 0.012624, 0.3, 0.263071, -0.034066, 0.964174, 0.0, 0.0, 0.0, 0.0, 1.0]
            ]
        },
        {
            "name": "Head",
            "time": [0.0, 0.1667, 0.3333, 0.5, 0.6667, 0.8333, 1.0, 1.3333, 1.5, 1.6667, 1.8333, 2.0, 2.1667, 2.3333],
            "transform": [
                [0.548037, 0.020691, 0.836198, 0.0, -0.120729, 0.991183, 0.054599, 0.4, -0.827696, -0.130875, 0.545702, -0.0, 0.0, 0.0, 0.0, 1.0],
                [0.36575, 0.211461, 0.906372, 0.0, 0.008614, 0.973037, -0.230489, 0.4, -0.930673, 0.092109, 0.354067, -0.0, 0.0, 0.0, 0.0, 1.0],
                [0.775964, 0.327275, 0.539231, 0.0, -0.055898, 0.887184, -0.458018, 0.4, -0.628295, 0.325264, 0.706717, -0.0, 0.0, 0.0, 0.0, 1.0],
                [0.823715, -0.0033, 0.566994, 0.0, 0.167486, 0.956778, -0.237751, 0.4, -0.541702, 0.290803, 0.788665, 0.0, 0.0, 0.0, 0.0, 1.0],
                [0.825038, -0.09429, 0.557155, -0.0, 0.223506, 0.960028, -0.168498, 0.4, -0.518997, 0.263545, 0.813133, 0.0, 0.0, 0.0, 0.0, 1.0],
                [0.838688, -0.075804, 0.539311, -0.0, 0.219701, 0.953206, -0.20768, 0.4, -0.498331, 0.292666, 0.816096, -0.0, 0.0, 0.0, 0.0, 1.0],
                [0.854743, -0.026902, 0.518354, 0.0, 0.195458, 0.941826, -0.273423, 0.4, -0.480844, 0.335023, 0.810277, -0.0, 0.0, 0.0, 0.0, 1.0],
                [0.854743, -0.026902, 0.518354, 0.0, 0.195458, 0.941826, -0.273423, 0.4, -0.480844, 0.335023, 0.810277, -0.0, 0.0, 0.0, 0.0, 1.0],
                [0.731019, -0.006253, 0.682328, 0.0, 0.223666, 0.946909, -0.230948, 0.4, -0.644659, 0.321441, 0.693607, -0.0, 0.0, 0.0, 0.0, 1.0],
                [0.571274, 0.019243, 0.820533, -0.0, 0.211973, 0.96235, -0.17015, 0.4, -0.792914, 0.271133, 0.545686, -0.0, 0.0, 0.0, 0.0, 1.0],
                [0.457894, 0.05396, 0.887367, 0.0, 0.136399, 0.982074, -0.130102, 0.4, -0.87848, 0.180609, 0.442325, 0.0, 0.0, 0.0, 0.0, 1.0],
                [0.578853, 0.108307, 0.808207, 0.0, -0.008816, 0.991913, -0.126612, 0.4, -0.815384, 0.066164, 0.575126, -0.0, 0.0, 0.0, 0.0, 1.0],
                [0.612764, 0.093711, 0.78469, -0.0, -0.083801, 0.995051, -0.053393, 0.4, -0.78581, -0.033041, 0.617584, -0.0, 0.0, 0.0, 0.0, 1.0],
                [0.548037, 0.02069, 0.836198, -0.0, -0.120727, 0.991183, 0.054599, 0.4, -0.827696, -0.130874, 0.545703, 0.0, 0.0, 0.0, 0.0, 1.0]
            ]
        },
        {
            "name": "Shoulder_R",
            "time": [0.0, 0.1667, 0.3333, 0.5, 0.6667, 0.8333, 1.0, 1.3333, 1.5, 1.6667, 1.8333, 2.0, 2.1667, 2.3333],
            "transform": [
                [0.292901, 0.909186, -0.295956, 0.0, 0.747626, -0.410733, -0.521875, 0.4, -0.59604, -0.068407, -0.800035, -0.0, 0.0, 0.0, 0.0, 1.0],
                [0.020084, 0.752487, -0.658301, 0.0, 0.831694, -0.377993, -0.406701, 0.4, -0.55487, -0.539337, -0.63343, -0.0, 0.0, 0.0, 0.0, 1.0],
                [0.012744, 0.852604, -0.522402, 0.0, 0.870132, -0.266861, -0.414313, 0.4, -0.492653, -0.449279, -0.745279, -0.0, 0.0, 0.0, 0.0, 1.0],
                [0.019811, 0.889325, -0.456847, 0.0, 0.772579, -0.30365, -0.5576, 0.4, -0.634609, -0.341904, -0.693089, 0.0, 0.0, 0.0, 0.0, 1.0],
                [0.067696, 0.92541, -0.372871, -0.0, 0.774236, -0.284441, -0.565377, 0.4, -0.629265, -0.250417, -0.735742, 0.0, 0.0, 0.0, 0.0, 1.0],
                [0.051934, 0.919794, -0.388949, -0.0, 0.785399, -0.278175, -0.552963, 0.4, -0.616808, -0.276762, -0.736852, -0.0, 0.0, 0.0, 0.0, 1.0],
                [0.021452, 0.903897, -0.427211, 0.0, 0.800913, -0.271297, -0.533794, 0.4, -0.598396, -0.330708, -0.729763, -0.0, 0.0, 0.0, 0.0, 1.0],
                [0.021452, 0.903897, -0.427211, 0.0, 0.800913, -0.271297, -0.533794, 0.4, -0.598396, -0.330708, -0.729763, -0.0, 0.0, 0.0, 0.0, 1.0],
                [-0.354841, 0.641531, -0.680092, 0.0, 0.708357, -0.290275, -0.643405, 0.4, -0.610178, -0.710055, -0.351432, -0.0, 0.0, 0.0, 0.0, 1.0],
                [-0.405547, 0.492546, -0.770019, -0.0, 0.717778, -0.349997, -0.60191, 0.4, -0.565973, -0.796806, -0.211598, -0.0, 0.0, 0.0, 0.0, 1.0],
                [-0.107724, 0.605572, -0.788465, 0.0, 0.751919, -0.469208, -0.4631, 0.4, -0.650395, -0.642749, -0.404796, 0.0, 0.0, 0.0, 0.0, 1.0],
                [0.26943, 0.736858, -0.620038, 0.0, 0.758015, -0.559392, -0.3354, 0.4, -0.593986, -0.379632, -0.709266, -0.0, 0.0, 0.0, 0.0, 1.0],
                [0.385551, 0.825079, -0.413031, -0.0, 0.763605, -0.5366, -0.359121, 0.4, -0.517936, -0.176933, -0.836921, -0.0, 0.0, 0.0, 0.0, 1.0],
                [0.2929, 0.909186, -0.295955, -0.0, 0.747627, -0.410731, -0.521875, 0.4, -0.596039, -0.068407, -0.800036, 0.0, 0.0, 0.0, 0.0, 1.0]
            ]
        },
        {
            "name": "Arm_R",
            "time": [0.0, 0.1667, 0.3333, 0.5, 0.6667, 0.8333, 1.0, 1.3333, 1.5, 1.6667, 1.8333, 2.0, 2.1667, 2.3333],
            "transform": [
                [0.386234, -0.818538, 0.425228, -0.0, 0.755359, 0.545257, 0.363495, 0.39386, -0.529393, 0.180806, 0.828886, -0.0, 0.0, 0.0, 0.0, 1.0],
                [0.907313, -0.323579, 0.268478, -0.0, 0.336725, 0.941598, -0.003101, 0.39386, -0.251795, 0.093217, 0.963281, -0.0, 0.0, 0.0, 0.0, 1.0],
                [0.671851, -0.589714, 0.448167, -0.0, 0.355975, 0.787687, 0.502822, 0.39386, -0.649537, -0.178285, 0.739132, -0.0, 0.0, 0.0, 0.0, 1.0],
                [0.672139, -0.501861, 0.544394, 0.0, 0.393205, 0.864937, 0.311888, 0.393861, -0.627391, 0.004426, 0.778692, 0.0, 0.0, 0.0, 0.0, 1.0],
                [0.722793, -0.443784, 0.529742, 0.0, 0.412529, 0.892073, 0.184458, 0.39386, -0.554428, 0.085209, 0.827858, -0.0, 0.0, 0.0, 0.0, 1.0],
                [0.701532, -0.471432, 0.534419, -0.0, 0.423713, 0.878898, 0.219103, 0.39386, -0.572993, 0.072732, 0.816327, -0.0, 0.0, 0.0, 0.0, 1.0],
                [0.661607, -0.519792, 0.540456, 0.0, 0.43075, 0.853419, 0.293481, 0.393861, -0.613784, 0.038632, 0.788529, -0.0, 0.0, 0.0, 0.0, 1.0],
                [0.661607, -0.519792, 0.540456, 0.0, 0.43075, 0.853419, 0.293481, 0.393861, -0.613784, 0.038632, 0.788529, -0.0, 0.0, 0.0, 0.0, 1.0],
                [0.576457, -0.57784, 0.577754, 0.0, 0.420235, 0.816029, 0.39686, 0.39386, -0.700786, 0.01402, 0.713234, -0.0, 0.0, 0.0, 0.0, 1.0],
                [0.57121, -0.633921, 0.521405, -0.0, 0.457502, 0.773301, 0.438973, 0.39386, -0.681478, -0.012202, 0.731737, -0.0, 0.0, 0.0, 0.0, 1.0],
                [0.672333, -0.597162, 0.437454, 0.0, 0.469876, 0.800913, 0.371153, 0.39386, -0.572001, -0.043989, 0.819072, 0.0, 0.0, 0.0, 0.0, 1.0],
                [0.758295, -0.575809, 0.305668, -0.0, 0.501488, 0.814813, 0.290842, 0.39386, -0.416532, -0.067255, 0.90663, 0.0, 0.0, 0.0, 0.0, 1.0],
                [0.678986, -0.673985, 0.291073, 0.0, 0.615032, 0.738699, 0.27579, 0.39386, -0.400893, -0.008238, 0.916088, 0.0, 0.0, 0.0, 0.0, 1.0],
                [0.386235, -0.818537, 0.425229, -0.0, 0.755359, 0.545257, 0.363494, 0.39386, -0.529392, 0.180806, 0.828887, 0.0, 0.0, 0.0, 0.0, 1.0]
            ]
        },
        {
            "name": "Hand_R",
            "time": [0.0, 0.1667, 0.3333, 0.5, 0.6667, 0.8333, 1.0, 1.3333, 1.5, 1.6667, 1.8333, 2.0, 2.1667, 2.3333],
            "transform": [
                [1.0, 0.0, 1e-06, 0.0, 0.0, 0.76617, -0.642639, 0.3, -1e-06, 0.64264, 0.766169, 0.0, 0.0, 0.0, 0.0, 1.0],
                [1.0, 0.0, 1e-06, 0.0, 0.0, 0.74313, -0.669147, 0.3, -1e-06, 0.669148, 0.743129, -0.0, 0.0, 0.0, 0.0, 1.0],
                [1.0, 0.0, 1e-06, -0.0, 1e-06, 0.702389, -0.711794, 0.3, -1e-06, 0.711795, 0.702388, 0.0, 0.0, 0.0, 0.0, 1.0],
                [1.0, 0.0, 1e-06, 0.0, 0.0, 0.890988, -0.454029, 0.3, -1e-06, 0.454029, 0.890987, 0.0, 0.0, 0.0, 0.0, 1.0],
                [1.0, 0.0, 1e-06, 0.0, 0.0, 0.887715, -0.460395, 0.3, -1e-06, 0.460396, 0.887713, 0.0, 0.0, 0.0, 0.0, 1.0],
                [1.0, 0.0, 1e-06, 0.0, 0.0, 0.866113, -0.49985, 0.3, -1e-06, 0.499851, 0.866112, 0.0, 0.0, 0.0, 0.0, 1.0],
                [1.0, 0.0, 1e-06, 0.0, 0.0, 0.830966, -0.556324, 0.3, -1e-06, 0.556325, 0.830965, 0.0, 0.0, 0.0, 0.0, 1.0],
                [1.0, 0.0, 1e-06, 0.0, 0.0, 0.830966, -0.556324, 0.3, -1e-06, 0.556325, 0.830965, 0.0, 0.0, 0.0, 0.0, 1.0],
                [1.0, 0.0, 1e-06, 0.0, 0.0, 0.795374, -0.60612, 0.3, -1e-06, 0.60612, 0.795373, 0.0, 0.0, 0.0, 0.0, 1.0],
                [1.0, 0.0, 1e-06, -0.0, 0.0, 0.778524, -0.627615, 0.3, -1e-06, 0.627616, 0.778523, 0.0, 0.0, 0.0, 0.0, 1.0],
                [1.0, 0.0, 1e-06, 0.0, 0.0, 0.774453, -0.632632, 0.3, -1e-06, 0.632632, 0.774452, -0.0, 0.0, 0.0, 0.0, 1.0],
                [1.0, 0.0, 1e-06, -0.0, 0.0, 0.773143, -0.634232, 0.3, -1e-06, 0.634233, 0.773142, 0.0, 0.0, 0.0, 0.0, 1.0],
                [1.0, 0.0, 1e-06, -0.0, 0.0, 0.769953, -0.638101, 0.3, -1e-06, 0.638102, 0.769952, 0.0, 0.0, 0.0, 0.0, 1.0],
                [1.0, 0.0, 1e-06, -0.0, 0.0, 0.76617, -0.642638, 0.3, -1e-06, 0.642639, 0.766169, 0.0, 0.0, 0.0, 0.0, 1.0]
            ]
        },
        {
            "name": "Tool_R",
            "time": [0.0, 0.1667, 0.3333, 0.5, 0.6667, 0.8333, 1.0, 1.3333, 1.5, 1.6667, 1.8333, 2.0, 2.1667, 2.3333],
            "transform": [
                [0.954656, 0.123256, -0.270917, 0.0, -0.262879, -0.078922, -0.961029, 0.272858, -0.139758, 0.989231, -0.042876, -0.0, 0.0, 0.0, 0.0, 1.0],
                [0.454421, -0.890032, -0.047602, 0.0, -0.016309, 0.045179, -0.998254, 0.272858, 0.890126, 0.454662, 0.005994, -0.0, 0.0, 0.0, 0.0, 1.0],
                [0.868304, -0.381751, -0.316835, -0.0, -0.401578, -0.165535, -0.900226, 0.272858, 0.291046, 0.909418, -0.296519, 0.0, 0.0, 0.0, 0.0, 1.0],
                [0.940396, 0.096351, -0.326007, -0.0, -0.303064, -0.198223, -0.931599, 0.272858, -0.154299, 0.975424, -0.156938, 0.0, 0.0, 0.0, 0.0, 1.0],
                [0.943782, 0.051756, -0.326342, -0.0, -0.310929, -0.196946, -0.929277, 0.272858, -0.112308, 0.979057, -0.16949, 0.0, 0.0, 0.0, 0.0, 1.0],
                [0.944957, 0.002297, -0.32703, -0.0, -0.320639, -0.193409, -0.926719, 0.272858, -0.065346, 0.981123, -0.181714, -0.0, 0.0, 0.0, 0.0, 1.0],
                [0.942437, -0.073192, -0.326129, 0.0, -0.334369, -0.188314, -0.922912, 0.272858, 0.006128, 0.979388, -0.201598, -0.0, 0.0, 0.0, 0.0, 1.0],
                [0.942437, -0.073192, -0.326129, 0.0, -0.334369, -0.188314, -0.922912, 0.272858, 0.006128, 0.979388, -0.201598, -0.0, 0.0, 0.0, 0.0, 1.0],
                [0.970788, 0.107411, -0.214518, -0.0, -0.208945, -0.061994, -0.975384, 0.272858, -0.118001, 0.992276, -0.037683, 0.0, 0.0, 0.0, 0.0, 1.0],
                [0.969068, 0.187741, -0.160305, -0.0, -0.163089, -0.001133, -0.986025, 0.272858, -0.185197, 0.982226, 0.029457, 0.0, 0.0, 0.0, 0.0, 1.0],
                [0.966511, 0.181027, -0.181962, 0.0, -0.182571, -0.014048, -0.982509, 0.272858, -0.180317, 0.983385, 0.019428, 0.0, 0.0, 0.0, 0.0, 1.0],
                [0.963305, 0.151531, -0.221531, 0.0, -0.217276, -0.045181, -0.974487, 0.272858, -0.157587, 0.987421, -0.01059, 0.0, 0.0, 0.0, 0.0, 1.0],
                [0.959261, 0.135896, -0.24764, 0.0, -0.241169, -0.063512, -0.967831, 0.272858, -0.147172, 0.988685, -0.028111, 0.0, 0.0, 0.0, 0.0, 1.0],
                [0.954656, 0.123253, -0.270918, -0.0, -0.262879, -0.078925, -0.961029, 0.272858, -0.139756, 0.989231, -0.04288, -0.0, 0.0, 0.0, 0.0, 1.0]
            ]
        },
        {
            "name": "Elbow_R",
            "time": [0.0, 0.1667, 0.3333, 0.5, 0.6667, 0.8333, 1.0, 1.3333, 1.5, 1.6667, 1.8333, 2.0, 2.1667, 2.3333],
            "transform": [
                [-1.0, 0.0, -0.0, 0.0, 0.0, -0.0, -1.0, 0.3, -0.0, -1.0, 0.0, 0.0, 0.0, 0.0, 0.0, 1.0],
                [-1.0, 0.0, -0.0, 0.0, 0.0, -0.0, -1.0, 0.3, -0.0, -1.0, -0.0, -0.0, 0.0, 0.0, 0.0, 1.0],
                [-1.0, 0.0, -0.0, -0.0, 0.0, -0.0, -1.0, 0.3, -0.0, -1.0, 0.0, 0.0, 0.0, 0.0, 0.0, 1.0],
                [-1.0, 0.0, -0.0, 0.0, 0.0, -0.0, -1.0, 0.3, -0.0, -1.0, 0.0, 0.0, 0.0, 0.0, 0.0, 1.0],
                [-1.0, 0.0, -0.0, 0.0, 0.0, -0.0, -1.0, 0.3, -0.0, -1.0, 0.0, 0.0, 0.0, 0.0, 0.0, 1.0],
                [-1.0, 0.0, -0.0, 0.0, 0.0, -0.0, -1.0, 0.3, -0.0, -1.0, 0.0, 0.0, 0.0, 0.0, 0.0, 1.0],
                [-1.0, 0.0, -0.0, 0.0, 0.0, -0.0, -1.0, 0.3, -0.0, -1.0, 0.0, 0.0, 0.0, 0.0, 0.0, 1.0],
                [-1.0, 0.0, -0.0, 0.0, 0.0, -0.0, -1.0, 0.3, -0.0, -1.0, 0.0, 0.0, 0.0, 0.0, 0.0, 1.0],
                [-1.0, 0.0, -0.0, 0.0, 0.0, 0.0, -1.0, 0.3, -0.0, -1.0, 0.0, 0.0, 0.0, 0.0, 0.0, 1.0],
                [-1.0, 0.0, 0.0, -0.0, 0.0, 0.0, -1.0, 0.3, -0.0, -1.0, 0.0, 0.0, 0.0, 0.0, 0.0, 1.0],
                [-1.0, 0.0, -0.0, 0.0, -0.0, -0.0, -1.0, 0.3, -0.0, -1.0, 0.0, -0.0, 0.0, 0.0, 0.0, 1.0],
                [-1.0, 0.0, 0.0, -0.0, 0.0, 0.0, -1.0, 0.3, -0.0, -1.0, 0.0, 0.0, 0.0, 0.0, 0.0, 1.0],
                [-1.0, 0.0, 0.0, -0.0, -0.0, 0.0, -1.0, 0.3, -0.0, -1.0, 0.0, 0.0, 0.0, 0.0, 0.0, 1.0],
                [-1.0, 0.0, -0.0, -0.0, 0.0, 0.0, -1.0, 0.3, -0.0, -1.0, 0.0, 0.0, 0.0, 0.0, 0.0, 1.0]
            ]
        },
        {
            "name": "Shoulder_L",
            "time": [0.0, 0.1667, 0.3333, 0.5, 0.6667, 0.8333, 1.0, 1.3333, 1.5, 1.6667, 1.8333, 2.0, 2.1667, 2.3333],
            "transform": [
                [0.326664, -0.942252, 0.073836, 0.0, -0.863637, -0.329321, -0.381671, 0.4, 0.383942, 0.06091, -0.92135, -0.0, 0.0, 0.0, 0.0, 1.0],
                [0.015047, -0.998911, -0.044187, 0.0, -0.98173, -0.006377, -0.19015, 0.4, 0.189659, 0.046241, -0.980765, -0.0, 0.0, 0.0, 0.0, 1.0],
                [-0.128722, -0.989038, 0.072351, 0.0, -0.979966, 0.115685, -0.162092, 0.4, 0.151944, -0.091767, -0.984124, -0.0, 0.0, 0.0, 0.0, 1.0],
                [-0.24052, -0.968645, 0.062277, 0.0, -0.890332, 0.194613, -0.411617, 0.4, 0.386586, -0.15445, -0.909232, 0.0, 0.0, 0.0, 0.0, 1.0],
                [-0.250488, -0.952688, 0.172168, -0.0, -0.902858, 0.165696, -0.396717, 0.4, 0.349416, -0.254817, -0.901656, 0.0, 0.0, 0.0, 0.0, 1.0],
                [-0.234471, -0.958262, 0.163577, -0.0, -0.915183, 0.160852, -0.369539, 0.4, 0.3278, -0.236349, -0.914709, -0.0, 0.0, 0.0, 0.0, 1.0],
                [-0.210424, -0.968604, 0.132396, 0.0, -0.93028, 0.156768, -0.331656, 0.4, 0.300485, -0.192953, -0.934069, -0.0, 0.0, 0.0, 0.0, 1.0],
                [-0.210424, -0.968604, 0.132396, 0.0, -0.93028, 0.156768, -0.331656, 0.4, 0.300485, -0.192953, -0.934069, -0.0, 0.0, 0.0, 0.0, 1.0],
                [0.112147, -0.985588, -0.126654, 0.0, -0.936252, -0.062099, -0.345787, 0.4, 0.332935, 0.157359, -0.929731, -0.0, 0.0, 0.0, 0.0, 1.0],
                [0.301923, -0.904171, -0.302188, -0.0, -0.921387, -0.195399, -0.335943, 0.4, 0.2447, 0.379862, -0.892095, -0.0, 0.0, 0.0, 0.0, 1.0],
                [0.331556, -0.895023, -0.298337, 0.0, -0.916594, -0.230712, -0.326526, 0.4, 0.223416, 0.381716, -0.896875, 0.0, 0.0, 0.0, 0.0, 1.0],
                [0.344559, -0.913006, -0.218403, 0.0, -0.904245, -0.260283, -0.338507, 0.4, 0.252209, 0.314125, -0.915272, -0.0, 0.0, 0.0, 0.0, 1.0],
                [0.340521, -0.937434, -0.072549, -0.0, -0.885204, -0.293628, -0.360819, 0.4, 0.316938, 0.187088, -0.929815, -0.0, 0.0, 0.0, 0.0, 1.0],
                [0.326665, -0.942252, 0.073836, -0.0, -0.863638, -0.329322, -0.381668, 0.4, 0.383939, 0.06091, -0.921351, 0.0, 0.0, 0.0, 0.0, 1.0]
            ]
        },
        {
            "name": "Arm_L",
            "time": [0.0, 0.1667, 0.3333, 0.5, 0.6667, 0.8333, 1.0, 1.3333, 1.5, 1.6667, 1.8333, 2.0, 2.1667, 2.3333],
            "transform": [
                [0.589835, 0.802069, -0.093744, 0.0, -0.801623, 0.595577, 0.051916, 0.39386, 0.097472, 0.044525, 0.994235, 0.0, 0.0, 0.0, 0.0, 1.0],
                [0.769676, 0.636749, 0.046442, -0.0, -0.618327, 0.761571, -0.194135, 0.39386, -0.158985, 0.120706, 0.979868, 0.0, 0.0, 0.0, 0.0, 1.0],
                [0.702674, -0.13072, -0.699398, -0.0, -0.013373, 0.980383, -0.196668, 0.39386, 0.71139, 0.147548, 0.687132, 0.0, 0.0, 0.0, 0.0, 1.0],
                [0.183811, -0.058332, -0.981223, 0.0, 0.074497, 0.996198, -0.045266, 0.39386, 0.980137, -0.064778, 0.187455, -0.0, 0.0, 0.0, 0.0, 1.0],
                [0.230968, -0.017039, -0.972805, 0.0, 0.155236, 0.987689, 0.019556, 0.39386, 0.9605, -0.155532, 0.230766, 0.0, 0.0, 0.0, 0.0, 1.0],
                [0.263672, -0.046788, -0.963471, -0.0, 0.161032, 0.986946, -0.003858, 0.39386, 0.951079, -0.154134, 0.267761, -0.0, 0.0, 0.0, 0.0, 1.0],
                [0.31346, -0.094739, -0.944857, -0.0, 0.150352, 0.987416, -0.049125, 0.39386, 0.937626, -0.126664, 0.323755, 0.0, 0.0, 0.0, 0.0, 1.0],
                [0.31346, -0.094739, -0.944857, -0.0, 0.150352, 0.987416, -0.049125, 0.39386, 0.937626, -0.126664, 0.323755, 0.0, 0.0, 0.0, 0.0, 1.0],
                [0.563059, 0.431109, -0.705057, -0.0, -0.34194, 0.898235, 0.276147, 0.39386, 0.752361, 0.085601, 0.653164, 0.0, 0.0, 0.0, 0.0, 1.0],
                [0.684244, 0.632394, -0.363171, -0.0, -0.611684, 0.768849, 0.186334, 0.39386, 0.397062, 0.094649, 0.912892, -0.0, 0.0, 0.0, 0.0, 1.0],
                [0.744132, 0.579703, -0.331989, 0.0, -0.641952, 0.758038, -0.11525, 0.39386, 0.184851, 0.298885, 0.936208, -0.0, 0.0, 0.0, 0.0, 1.0],
                [0.727727, 0.645378, -0.232178, 0.0, -0.678702, 0.726422, -0.108086, 0.39386, 0.098903, 0.236239, 0.966642, 0.0, 0.0, 0.0, 0.0, 1.0],
                [0.673632, 0.723107, -0.152785, -0.0, -0.733511, 0.679434, -0.018423, 0.39386, 0.090486, 0.124481, 0.988081, 0.0, 0.0, 0.0, 0.0, 1.0],
                [0.58983, 0.802072, -0.093749, 0.0, -0.801624, 0.595574, 0.051934, 0.39386, 0.09749, 0.044519, 0.994233, -0.0, 0.0, 0.0, 0.0, 1.0]
            ]
        },
        {
            "name": "Hand_L",
            "time": [0.0, 0.1667, 0.3333, 0.5, 0.6667, 0.8333, 1.0, 1.3333, 1.5, 1.6667, 1.8333, 2.0, 2.1667, 2.3333],
            "transform": [
                [0.999999, -8e-06, -1.6e-05, 0.0, -1e-06, 0.852984, -0.521938, 0.3, 1.8e-05, 0.521938, 0.852984, 0.0, 0.0, 0.0, 0.0, 1.0],
                [0.999999, -1e-05, -1.5e-05, -0.0, -1e-06, 0.787862, -0.615852, 0.3, 1.8e-05, 0.615852, 0.787862, 0.0, 0.0, 0.0, 0.0, 1.0],
                [0.999999, -1.8e-05, -1e-06, 0.0, -2e-06, -0.064553, -0.997915, 0.3, 1.8e-05, 0.997915, -0.064553, 0.0, 0.0, 0.0, 0.0, 1.0],
                [0.999999, -1.8e-05, -2e-06, -0.0, -2e-06, 0.014663, -0.999893, 0.3, 1.8e-05, 0.999893, 0.014663, 0.0, 0.0, 0.0, 0.0, 1.0],
                [0.999999, -1.8e-05, -2e-06, -0.0, -2e-06, 0.012909, -0.999917, 0.3, 1.8e-05, 0.999917, 0.012909, 0.0, 0.0, 0.0, 0.0, 1.0],
                [0.999999, -1.8e-05, -2e-06, 0.0, -1e-06, 0.010476, -0.999946, 0.3, 1.8e-05, 0.999946, 0.010476, 0.0, 0.0, 0.0, 0.0, 1.0],
                [0.999999, -1.9e-05, -2e-06, 0.0, -1e-06, 0.007151, -0.999975, 0.3, 1.9e-05, 0.999975, 0.007151, -0.0, 0.0, 0.0, 0.0, 1.0],
                [0.999999, -1.9e-05, -2e-06, 0.0, -1e-06, 0.007151, -0.999975, 0.3, 1.9e-05, 0.999975, 0.007151, -0.0, 0.0, 0.0, 0.0, 1.0],
                [0.999999, -2e-06, 1e-06, 0.0, 1e-06, 0.170364, -0.985382, 0.3, 2e-06, 0.985382, 0.170364, 0.0, 0.0, 0.0, 0.0, 1.0],
                [0.999999, -2e-06, -0.0, 0.0, 1e-06, 0.518115, -0.855312, 0.3, 2e-06, 0.855312, 0.518115, -0.0, 0.0, 0.0, 0.0, 1.0],
                [0.999999, -2e-06, -1e-06, 0.0, 1e-06, 0.891076, -0.453856, 0.3, 2e-06, 0.453856, 0.891076, 0.0, 0.0, 0.0, 0.0, 1.0],
                [0.999999, -2e-06, -1e-06, -0.0, 1e-06, 0.914806, -0.403895, 0.3, 2e-06, 0.403895, 0.914806, 0.0, 0.0, 0.0, 0.0, 1.0],
                [0.999999, -2e-06, -1e-06, -0.0, 1e-06, 0.885862, -0.46395, 0.3, 2e-06, 0.46395, 0.885862, -0.0, 0.0, 0.0, 0.0, 1.0],
                [0.999999, -2e-06, -1e-06, -0.0, 1e-06, 0.852989, -0.52193, 0.3, 2e-06, 0.52193, 0.852989, -0.0, 0.0, 0.0, 0.0, 1.0]
            ]
        },
        {
            "name": "Tool_L",
            "time": [0.0, 0.1667, 0.3333, 0.5, 0.6667, 0.8333, 1.0, 1.3333, 1.5, 1.6667, 1.8333, 2.0, 2.1667, 2.3333],
            "transform": [
                [-0.345206, -0.916725, -0.20148, 0.0, 0.26346, 0.111633, -0.957667, 0.272858, 0.900871, -0.383477, 0.202617, 0.0, 0.0, 0.0, 0.0, 1.0],
                [-0.680408, -0.570341, -0.460478, -0.0, 0.53419, 0.045508, -0.843829, 0.272858, 0.502487, -0.81971, 0.273216, -0.0, 0.0, 0.0, 0.0, 1.0],
                [0.143792, -0.423607, -0.893856, -0.0, 0.973978, -0.102229, 0.204713, 0.272858, -0.178176, -0.899573, 0.397186, -0.0, 0.0, 0.0, 0.0, 1.0],
                [0.331244, -0.396713, -0.855668, -0.0, 0.943776, 0.114412, 0.311545, 0.272858, -0.025698, -0.910289, 0.411584, 0.0, 0.0, 0.0, 0.0, 1.0],
                [0.348432, -0.41119, -0.841921, -0.0, 0.936855, 0.109772, 0.333296, 0.272858, -0.044641, -0.904424, 0.422732, -0.0, 0.0, 0.0, 0.0, 1.0],
                [0.340955, -0.400658, -0.850008, -0.0, 0.939699, 0.104124, 0.327059, 0.272858, -0.042544, -0.909797, 0.411278, 0.0, 0.0, 0.0, 0.0, 1.0],
                [0.321041, -0.388671, -0.863201, 0.0, 0.946743, 0.091772, 0.310042, 0.272858, -0.041297, -0.916296, 0.396737, -0.0, 0.0, 0.0, 0.0, 1.0],
                [0.321041, -0.388671, -0.863201, 0.0, 0.946743, 0.091772, 0.310042, 0.272858, -0.041297, -0.916296, 0.396737, -0.0, 0.0, 0.0, 0.0, 1.0],
                [0.12103, -0.724355, -0.678363, 0.0, 0.772163, 0.498704, -0.394396, 0.272858, 0.624311, -0.475824, 0.618583, -0.0, 0.0, 0.0, 0.0, 1.0],
