{
    "animation": [
        {
            "name": "Root",
            "time": [0.0, 0.0333, 0.0667, 0.1, 0.1333, 0.1667, 0.2, 0.2333, 0.2667, 0.3, 0.3333, 0.3667, 0.4, 0.4333, 0.4667, 0.5, 0.5333, 0.5667, 0.6, 0.6333, 0.6667, 0.7, 0.7333, 0.7667, 0.8, 0.8333, 0.8667, 0.9, 0.9333, 0.9667, 1.0, 1.0333, 1.0667, 1.1, 1.1333, 1.1667, 1.2, 1.2333, 1.2667, 1.3, 1.3333],
            "transform": [
                [1.0, -0.0, 0.0, -2.2e-05, 0.0, -0.0, -1.0, 4.1e-05, 0.0, 1.0, -0.0, 0.691599, 0.0, 0.0, 0.0, 1.0],
                [1.0, -0.0, 0.0, 0.008283, 0.0, -0.0, -1.0, -0.014085, 0.0, 1.0, -0.0, 0.691599, 0.0, 0.0, 0.0, 1.0],
                [1.0, -0.0, 0.0, 0.017987, 0.0, -0.0, -1.0, -0.030168, 0.0, 1.0, -0.0, 0.691599, 0.0, 0.0, 0.0, 1.0],
                [1.0, -0.0, 0.0, 0.02804, 0.0, -0.0, -1.0, -0.04674, 0.0, 1.0, -0.0, 0.691599, 0.0, 0.0, 0.0, 1.0],
                [1.0, -0.0, 0.0, 0.037394, 0.0, -0.0, -1.0, -0.062333, 0.0, 1.0, -0.0, 0.691599, 0.0, 0.0, 0.0, 1.0],
                [1.0, -0.0, 0.0, 0.045, 0.0, -0.0, -1.0, -0.075481, 0.0, 1.0, -0.0, 0.691599, 0.0, 0.0, 0.0, 1.0],
                [1.0, -0.0, 0.0, 0.049808, 0.0, -0.0, -1.0, -0.084713, 0.0, 1.0, -0.0, 0.691599, 0.0, 0.0, 0.0, 1.0],
                [1.0, -0.0, 0.0, 0.050771, 0.0, -0.0, -1.0, -0.088563, 0.0, 1.0, -0.0, 0.691599, 0.0, 0.0, 0.0, 1.0],
                [1.0, -0.0, 0.0, 0.048801, 0.0, -0.0, -1.0, -0.088487, 0.0, 1.0, -0.0, 0.691599, 0.0, 0.0, 0.0, 1.0],
                [1.0, -0.0, 0.0, 0.045624, 0.0, -0.0, -1.0, -0.087031, 0.0, 1.0, -0.0, 0.691599, 0.0, 0.0, 0.0, 1.0],
                [1.0, -0.0, 0.0, 0.041411, 0.0, -0.0, -1.0, -0.084361, 0.0, 1.0, -0.0, 0.691599, 0.0, 0.0, 0.0, 1.0],
                [1.0, -0.0, 0.0, 0.036333, 0.0, -0.0, -1.0, -0.080646, 0.0, 1.0, -0.0, 0.691599, 0.0, 0.0, 0.0, 1.0],
                [1.0, -0.0, 0.0, 0.030559, 0.0, -0.0, -1.0, -0.076053, 0.0, 1.0, -0.0, 0.691599, 0.0, 0.0, 0.0, 1.0],
                [1.0, -0.0, 0.0, 0.02426, 0.0, -0.0, -1.0, -0.070748, 0.0, 1.0, -0.0, 0.691599, 0.0, 0.0, 0.0, 1.0],
                [1.0, -0.0, 0.0, 0.017605, 0.0, -0.0, -1.0, -0.064898, 0.0, 1.0, -0.0, 0.691599, 0.0, 0.0, 0.0, 1.0],
                [1.0, -0.0, 0.0, 0.010766, 0.0, -0.0, -1.0, -0.058672, 0.0, 1.0, -0.0, 0.691599, 0.0, 0.0, 0.0, 1.0],
                [1.0, -0.0, 0.0, 0.003913, 0.0, -0.0, -1.0, -0.052237, 0.0, 1.0, -0.0, 0.691599, 0.0, 0.0, 0.0, 1.0],
                [1.0, -0.0, 0.0, -0.002784, 0.0, -0.0, -1.0, -0.045758, 0.0, 1.0, -0.0, 0.691599, 0.0, 0.0, 0.0, 1.0],
                [1.0, -0.0, 0.0, -0.009155, 0.0, -0.0, -1.0, -0.039405, 0.0, 1.0, -0.0, 0.691599, 0.0, 0.0, 0.0, 1.0],
                [1.0, -0.0, 0.0, -0.015029, 0.0, -0.0, -1.0, -0.033343, 0.0, 1.0, -0.0, 0.691599, 0.0, 0.0, 0.0, 1.0],
                [1.0, -0.0, 0.0, -0.020236, 0.0, -0.0, -1.0, -0.027741, 0.0, 1.0, -0.0, 0.691599, 0.0, 0.0, 0.0, 1.0],
                [1.0, -0.0, 0.0, -0.024607, 0.0, -0.0, -1.0, -0.022766, 0.0, 1.0, -0.0, 0.691599, 0.0, 0.0, 0.0, 1.0],
                [1.0, -0.0, 0.0, -0.027969, 0.0, -0.0, -1.0, -0.018583, 0.0, 1.0, -0.0, 0.691599, 0.0, 0.0, 0.0, 1.0],
                [1.0, -0.0, 0.0, -0.030154, 0.0, -0.0, -1.0, -0.015362, 0.0, 1.0, -0.0, 0.691599, 0.0, 0.0, 0.0, 1.0],
                [1.0, -0.0, 0.0, -0.031315, 0.0, -0.0, -1.0, -0.01288, 0.0, 1.0, -0.0, 0.691599, 0.0, 0.0, 0.0, 1.0],
                [1.0, -0.0, 0.0, -0.031766, 0.0, -0.0, -1.0, -0.01078, 0.0, 1.0, -0.0, 0.691599, 0.0, 0.0, 0.0, 1.0],
                [1.0, -0.0, 0.0, -0.031574, 0.0, -0.0, -1.0, -0.009025, 0.0, 1.0, -0.0, 0.691599, 0.0, 0.0, 0.0, 1.0],
                [1.0, -0.0, 0.0, -0.03081, 0.0, -0.0, -1.0, -0.007577, 0.0, 1.0, -0.0, 0.691599, 0.0, 0.0, 0.0, 1.0],
                [1.0, -0.0, 0.0, -0.029542, 0.0, -0.0, -1.0, -0.0064, 0.0, 1.0, -0.0, 0.691599, 0.0, 0.0, 0.0, 1.0],
                [1.0, -0.0, 0.0, -0.027838, 0.0, -0.0, -1.0, -0.005457, 0.0, 1.0, -0.0, 0.691599, 0.0, 0.0, 0.0, 1.0],
                [1.0, -0.0, 0.0, -0.025768, 0.0, -0.0, -1.0, -0.004711, 0.0, 1.0, -0.0, 0.691599, 0.0, 0.0, 0.0, 1.0],
                [1.0, -0.0, 0.0, -0.0234, 0.0, -0.0, -1.0, -0.004125, 0.0, 1.0, -0.0, 0.691599, 0.0, 0.0, 0.0, 1.0],
                [1.0, -0.0, 0.0, -0.020802, 0.0, -0.0, -1.0, -0.003662, 0.0, 1.0, -0.0, 0.691599, 0.0, 0.0, 0.0, 1.0],
                [1.0, -0.0, 0.0, -0.018044, 0.0, -0.0, -1.0, -0.003285, 0.0, 1.0, -0.0, 0.691599, 0.0, 0.0, 0.0, 1.0],
                [1.0, -0.0, 0.0, -0.015194, 0.0, -0.0, -1.0, -0.002958, 0.0, 1.0, -0.0, 0.691599, 0.0, 0.0, 0.0, 1.0],
                [1.0, -0.0, 0.0, -0.012322, 0.0, -0.0, -1.0, -0.002643, 0.0, 1.0, -0.0, 0.691599, 0.0, 0.0, 0.0, 1.0],
                [1.0, -0.0, 0.0, -0.009495, 0.0, -0.0, -1.0, -0.002303, 0.0, 1.0, -0.0, 0.691599, 0.0, 0.0, 0.0, 1.0],
                [1.0, -0.0, 0.0, -0.006783, 0.0, -0.0, -1.0, -0.001902, 0.0, 1.0, -0.0, 0.691599, 0.0, 0.0, 0.0, 1.0],
                [1.0, -0.0, 0.0, -0.004254, 0.0, -0.0, -1.0, -0.001402, 0.0, 1.0, -0.0, 0.691599, 0.0, 0.0, 0.0, 1.0],
                [1.0, -0.0, 0.0, -0.001978, 0.0, -0.0, -1.0, -0.000766, 0.0, 1.0, -0.0, 0.691599, 0.0, 0.0, 0.0, 1.0],
                [1.0, -0.0, 0.0, -2.2e-05, 0.0, -0.0, -1.0, 4.1e-05, 0.0, 1.0, -0.0, 0.691599, 0.0, 0.0, 0.0, 1.0]
            ]
        },
        {
            "name": "Thigh_R",
            "time": [0.0, 0.0333, 0.0667, 0.1, 0.1333, 0.1667, 0.2, 0.2333, 0.2667, 0.3, 0.3333, 0.3667, 0.4, 0.4333, 0.4667, 0.5, 0.5333, 0.5667, 0.6, 0.6333, 0.6667, 0.7, 0.7333, 0.7667, 0.8, 0.8333, 0.8667, 0.9, 0.9333, 0.9667, 1.0, 1.0333, 1.0667, 1.1, 1.1333, 1.1667, 1.2, 1.2333, 1.2667, 1.3, 1.3333],
            "transform": [
                [0.53196, 0.239081, 0.812317, 0.124994, 0.271138, -0.956898, 0.104075, -0.002831, 0.802186, 0.164886, -0.573855, -1.2e-05, 0.0, 0.0, 0.0, 1.0],
                [0.570858, 0.24832, 0.782597, 0.124994, 0.261716, -0.958481, 0.113222, -0.002831, 0.77822, 0.140185, -0.612146, -1.2e-05, 0.0, 0.0, 0.0, 1.0],
                [0.615227, 0.25723, 0.745203, 0.124994, 0.249752, -0.960176, 0.125244, -0.002831, 0.747743, 0.109064, -0.654969, -1.2e-05, 0.0, 0.0, 0.0, 1.0],
                [0.657535, 0.264792, 0.70536, 0.124994, 0.236215, -0.961456, 0.140731, -0.002831, 0.715437, 0.074081, -0.694738, -1.2e-05, 0.0, 0.0, 0.0, 1.0],
                [0.697692, 0.27148, 0.662966, 0.124994, 0.223306, -0.961724, 0.158816, -0.002831, 0.680706, 0.03724, -0.731609, -1.2e-05, 0.0, 0.0, 0.0, 1.0],
                [0.727, 0.277186, 0.628202, 0.124994, 0.212238, -0.960809, 0.178328, -0.002831, 0.653012, 0.003684, -0.757338, -1.2e-05, 0.0, 0.0, 0.0, 1.0],
                [0.745142, 0.282567, 0.604085, 0.124994, 0.205162, -0.959001, 0.195514, -0.002831, 0.634564, -0.02175, -0.772564, -1.2e-05, 0.0, 0.0, 0.0, 1.0],
                [0.749114, 0.290431, 0.59538, 0.124994, 0.206322, -0.956356, 0.206921, -0.002831, 0.62949, -0.032167, -0.776342, -1.2e-05, 0.0, 0.0, 0.0, 1.0],
                [0.741691, 0.295052, 0.60236, 0.124994, 0.207238, -0.954917, 0.21257, -0.002831, 0.637924, -0.03283, -0.769399, -1.2e-05, 0.0, 0.0, 0.0, 1.0],
                [0.728557, 0.302662, 0.614492, 0.124994, 0.212256, -0.952684, 0.217578, -0.002831, 0.651269, -0.028088, -0.758326, -1.2e-05, 0.0, 0.0, 0.0, 1.0],
                [0.710785, 0.311032, 0.630906, 0.124994, 0.2188, -0.950195, 0.221937, -0.002831, 0.668514, -0.019706, -0.743438, -1.2e-05, 0.0, 0.0, 0.0, 1.0],
                [0.688861, 0.319855, 0.65051, 0.124994, 0.226549, -0.947431, 0.225945, -0.002831, 0.688582, -0.008272, -0.72511, -1.2e-05, 0.0, 0.0, 0.0, 1.0],
                [0.663228, 0.328985, 0.672233, 0.124994, 0.235193, -0.944319, 0.2301, -0.002831, 0.710502, 0.005496, -0.703674, -1.2e-05, 0.0, 0.0, 0.0, 1.0],
                [0.634386, 0.338041, 0.695185, 0.124994, 0.244321, -0.940896, 0.234567, -0.002831, 0.73339, 0.021043, -0.679482, -1.2e-05, 0.0, 0.0, 0.0, 1.0],
                [0.603086, 0.346764, 0.71836, 0.124994, 0.253525, -0.937196, 0.239558, -0.002831, 0.756315, 0.037649, -0.653123, -1.2e-05, 0.0, 0.0, 0.0, 1.0],
                [0.571346, 0.355044, 0.739937, 0.124994, 0.26271, -0.933263, 0.244955, -0.002831, 0.777526, 0.054435, -0.626489, -1.2e-05, 0.0, 0.0, 0.0, 1.0],
                [0.537499, 0.362434, 0.761404, 0.124994, 0.271198, -0.929252, 0.250884, -0.002831, 0.798465, 0.071641, -0.597763, -1.2e-05, 0.0, 0.0, 0.0, 1.0],
                [0.503756, 0.368708, 0.781206, 0.124994, 0.279008, -0.925314, 0.256807, -0.002831, 0.817548, 0.088595, -0.569005, -1.2e-05, 0.0, 0.0, 0.0, 1.0],
                [0.471199, 0.373779, 0.798912, 0.124994, 0.285793, -0.921604, 0.26262, -0.002831, 0.834443, 0.104578, -0.541081, -1.2e-05, 0.0, 0.0, 0.0, 1.0],
                [0.440286, 0.37758, 0.814605, 0.124994, 0.291509, -0.918242, 0.268058, -0.002831, 0.849218, 0.119443, -0.514356, -1.2e-05, 0.0, 0.0, 0.0, 1.0],
                [0.41134, 0.379845, 0.828563, 0.124994, 0.29602, -0.915425, 0.272707, -0.002831, 0.862074, 0.133097, -0.488992, -1.2e-05, 0.0, 0.0, 0.0, 1.0],
                [0.389212, 0.381199, 0.838571, 0.124994, 0.299631, -0.913239, 0.276073, -0.002831, 0.871055, 0.143811, -0.469662, -1.2e-05, 0.0, 0.0, 0.0, 1.0],
                [0.37275, 0.380787, 0.846202, 0.124994, 0.301468, -0.91215, 0.277667, -0.002831, 0.877596, 0.151603, -0.454799, -1.2e-05, 0.0, 0.0, 0.0, 1.0],
                [0.361936, 0.37977, 0.851338, 0.124994, 0.303963, -0.91142, 0.277345, -0.002831, 0.881254, 0.158395, -0.445311, -1.2e-05, 0.0, 0.0, 0.0, 1.0],
                [0.356311, 0.375231, 0.855712, 0.124994, 0.302559, -0.912812, 0.274286, -0.002831, 0.884025, 0.161172, -0.438774, -1.2e-05, 0.0, 0.0, 0.0, 1.0],
                [0.355084, 0.369894, 0.858541, 0.124994, 0.301624, -0.914604, 0.2693, -0.002831, 0.884838, 0.163334, -0.43633, -1.2e-05, 0.0, 0.0, 0.0, 1.0],
                [0.35702, 0.363725, 0.860372, 0.124994, 0.301237, -0.916696, 0.262535, -0.002831, 0.884191, 0.165446, -0.436846, -1.2e-05, 0.0, 0.0, 0.0, 1.0],
                [0.361772, 0.35721, 0.861116, 0.124994, 0.301196, -0.91893, 0.254654, -0.002831, 0.882271, 0.167239, -0.440033, -1.2e-05, 0.0, 0.0, 0.0, 1.0],
                [0.369061, 0.35022, 0.860895, 0.124994, 0.30148, -0.921311, 0.245554, -0.002831, 0.87915, 0.168919, -0.445603, -1.2e-05, 0.0, 0.0, 0.0, 1.0],
                [0.379271, 0.343191, 0.859286, 0.124994, 0.302235, -0.923683, 0.23551, -0.002831, 0.874533, 0.170384, -0.45405, -1.2e-05, 0.0, 0.0, 0.0, 1.0],
                [0.391462, 0.334409, 0.857279, 0.124994, 0.300201, -0.927069, 0.224551, -0.002831, 0.869849, 0.169453, -0.463302, -1.2e-05, 0.0, 0.0, 0.0, 1.0],
                [0.404925, 0.325422, 0.85448, 0.124994, 0.298417, -0.930385, 0.212914, -0.002831, 0.864282, 0.168777, -0.473847, -1.2e-05, 0.0, 0.0, 0.0, 1.0],
                [0.419291, 0.315726, 0.851182, 0.124994, 0.295912, -0.933905, 0.200644, -0.002831, 0.858272, 0.167748, -0.485005, -1.2e-05, 0.0, 0.0, 0.0, 1.0],
                [0.433553, 0.305421, 0.847791, 0.124994, 0.293024, -0.937464, 0.187877, -0.002831, 0.852155, 0.166969, -0.495936, -1.2e-05, 0.0, 0.0, 0.0, 1.0],
                [0.450178, 0.295504, 0.842625, 0.124994, 0.290104, -0.940865, 0.174966, -0.002831, 0.8445, 0.165683, -0.509283, -1.2e-05, 0.0, 0.0, 0.0, 1.0],
                [0.466778, 0.285579, 0.836996, 0.124994, 0.286952, -0.94413, 0.162105, -0.002831, 0.836527, 0.164511, -0.522647, -1.2e-05, 0.0, 0.0, 0.0, 1.0],
                [0.481357, 0.275177, 0.832209, 0.124994, 0.283534, -0.94728, 0.149228, -0.002831, 0.8294, 0.164128, -0.534002, -1.2e-05, 0.0, 0.0, 0.0, 1.0],
                [0.497575, 0.265826, 0.825685, 0.124994, 0.280396, -0.950072, 0.1369, -0.002831, 0.820852, 0.163401, -0.547268, -1.2e-05, 0.0, 0.0, 0.0, 1.0],
                [0.510528, 0.256307, 0.820772, 0.124994, 0.277083, -0.952661, 0.125144, -0.002831, 0.813993, 0.163533, -0.557379, -1.2e-05, 0.0, 0.0, 0.0, 1.0],
                [0.522111, 0.247293, 0.816239, 0.124994, 0.273951, -0.954954, 0.114084, -0.002831, 0.807682, 0.164045, -0.566338, -1.2e-05, 0.0, 0.0, 0.0, 1.0],
                [0.53196, 0.239081, 0.812317, 0.124994, 0.271138, -0.956898, 0.104075, -0.002831, 0.802186, 0.164886, -0.573855, -1.2e-05, 0.0, 0.0, 0.0, 1.0]
            ]
        },
        {
            "name": "Leg_R",
            "time": [0.0, 0.0333, 0.0667, 0.1, 0.1333, 0.1667, 0.2, 0.2333, 0.2667, 0.3, 0.3333, 0.3667, 0.4, 0.4333, 0.4667, 0.5, 0.5333, 0.5667, 0.6, 0.6333, 0.6667, 0.7, 0.7333, 0.7667, 0.8, 0.8333, 0.8667, 0.9, 0.9333, 0.9667, 1.0, 1.0333, 1.0667, 1.1, 1.1333, 1.1667, 1.2, 1.2333, 1.2667, 1.3, 1.3333],
            "transform": [
                [1.0, 0.0, -0.0, 0.0, -0.0, 0.932179, 0.361999, 0.37472, 0.0, -0.361999, 0.932178, -0.0, 0.0, 0.0, 0.0, 1.0],
                [1.0, -4.3e-05, 5e-05, 0.0, 1.9e-05, 0.916921, 0.399069, 0.37472, -6.3e-05, -0.399069, 0.916921, 0.0, 0.0, 0.0, 0.0, 1.0],
                [1.0, -6.1e-05, -1.2e-05, -0.0, 6.1e-05, 0.897983, 0.440031, 0.37472, -1.6e-05, -0.440031, 0.897982, 0.0, 0.0, 0.0, 0.0, 1.0],
                [1.0, -6.3e-05, -4.2e-05, 0.0, 7.6e-05, 0.876558, 0.481296, 0.37472, 7e-06, -0.481296, 0.876558, 0.0, 0.0, 0.0, 0.0, 1.0],
                [1.0, -2.3e-05, -5e-06, 0.0, 2.2e-05, 0.854634, 0.519231, 0.37472, -8e-06, -0.519231, 0.854634, -0.0, 0.0, 0.0, 0.0, 1.0],
                [1.0, -4.9e-05, -2e-06, -0.0, 4.2e-05, 0.834328, 0.551268, 0.37472, -2.5e-05, -0.551268, 0.834328, -0.0, 0.0, 0.0, 0.0, 1.0],
                [1.0, -2e-06, -4.2e-05, -0.0, 2.6e-05, 0.818641, 0.574305, 0.37472, 3.4e-05, -0.574306, 0.81864, -0.0, 0.0, 0.0, 0.0, 1.0],
                [1.0, -7.5e-05, -6.4e-05, -0.0, 9.9e-05, 0.810302, 0.586014, 0.37472, 8e-06, -0.586014, 0.810301, -0.0, 0.0, 0.0, 0.0, 1.0],
                [1.0, -3.6e-05, -3.1e-05, -0.0, 4.8e-05, 0.807462, 0.58992, 0.37472, 4e-06, -0.58992, 0.807461, -0.0, 0.0, 0.0, 0.0, 1.0],
                [1.0, -3.4e-05, -3.3e-05, 0.0, 4.7e-05, 0.806292, 0.591517, 0.37472, 6e-06, -0.591517, 0.806292, -0.0, 0.0, 0.0, 0.0, 1.0],
                [1.0, -2.4e-05, -4.4e-05, 0.0, 4.6e-05, 0.806675, 0.590995, 0.37472, 2.1e-05, -0.590995, 0.806675, -0.0, 0.0, 0.0, 0.0, 1.0],
                [1.0, -4e-06, -7e-05, -0.0, 4.4e-05, 0.808427, 0.588597, 0.37472, 5.4e-05, -0.588597, 0.808426, 0.0, 0.0, 0.0, 0.0, 1.0],
                [1.0, -3.9e-05, -6.4e-05, -0.0, 6.8e-05, 0.811368, 0.584536, 0.37472, 2.9e-05, -0.584536, 0.811368, 0.0, 0.0, 0.0, 0.0, 1.0],
                [1.0, -5.6e-05, -6.6e-05, -0.0, 8.4e-05, 0.815292, 0.57905, 0.37472, 2.2e-05, -0.57905, 0.815292, 0.0, 0.0, 0.0, 0.0, 1.0],
                [1.0, -2.6e-05, -1.4e-05, 0.0, 3e-05, 0.819985, 0.572384, 0.37472, -4e-06, -0.572385, 0.819985, -0.0, 0.0, 0.0, 0.0, 1.0],
                [1.0, -2.9e-05, 1e-05, 0.0, 1.8e-05, 0.82534, 0.564636, 0.37472, -2.5e-05, -0.564636, 0.82534, 0.0, 0.0, 0.0, 0.0, 1.0],
                [1.0, -5e-06, -6.1e-05, -0.0, 3.8e-05, 0.831045, 0.556205, 0.37472, 4.8e-05, -0.556205, 0.831045, -0.0, 0.0, 0.0, 0.0, 1.0],
                [1.000001, -6.8e-05, -0.000111, 0.0, 0.000117, 0.837079, 0.547083, 0.37472, 5.6e-05, -0.547083, 0.837078, 0.0, 0.0, 0.0, 0.0, 1.0],
                [1.0, -4.5e-05, -7.6e-05, -0.0, 7.9e-05, 0.843126, 0.537716, 0.37472, 4e-05, -0.537716, 0.843125, 0.0, 0.0, 0.0, 0.0, 1.0],
                [1.0, -7.3e-05, -8.4e-05, -0.0, 0.000106, 0.849047, 0.528317, 0.37472, 3.2e-05, -0.528317, 0.849047, -0.0, 0.0, 0.0, 0.0, 1.0],
                [1.0, -6.6e-05, -8.3e-05, 0.0, 9.9e-05, 0.854776, 0.518998, 0.37472, 3.7e-05, -0.518998, 0.854775, -0.0, 0.0, 0.0, 0.0, 1.0],
                [1.0, -6.4e-05, -1.9e-05, 0.0, 6.5e-05, 0.860101, 0.510123, 0.37472, -1.6e-05, -0.510123, 0.860101, -0.0, 0.0, 0.0, 0.0, 1.0],
                [1.0, -9.9e-05, -1.4e-05, -0.0, 9.3e-05, 0.86491, 0.501927, 0.37472, -3.8e-05, -0.501927, 0.864909, 0.0, 0.0, 0.0, 0.0, 1.0],
                [1.0, -5.5e-05, -5e-05, -0.0, 7.3e-05, 0.869102, 0.494632, 0.37472, 1.6e-05, -0.494633, 0.869102, -0.0, 0.0, 0.0, 0.0, 1.0],
                [1.0, -7e-05, -2.8e-05, 0.0, 7.4e-05, 0.873287, 0.487207, 0.37472, -1e-05, -0.487207, 0.873286, 0.0, 0.0, 0.0, 0.0, 1.0],
                [1.0, -6.2e-05, -4.1e-05, 0.0, 7.4e-05, 0.877543, 0.479499, 0.37472, 6e-06, -0.479499, 0.877542, -0.0, 0.0, 0.0, 0.0, 1.0],
                [1.0, -2.5e-05, -2.2e-05, -0.0, 3.2e-05, 0.881798, 0.471628, 0.37472, 7e-06, -0.471628, 0.881797, 0.0, 0.0, 0.0, 0.0, 1.0],
                [1.0, -7.6e-05, -4.1e-05, 0.0, 8.6e-05, 0.885804, 0.46406, 0.37472, 1e-06, -0.464061, 0.885803, -0.0, 0.0, 0.0, 0.0, 1.0],
                [1.0, -7.5e-05, -5.4e-05, -0.0, 9.1e-05, 0.889706, 0.456535, 0.37472, 1.4e-05, -0.456535, 0.889705, 0.0, 0.0, 0.0, 0.0, 1.0],
                [1.0, -2.6e-05, -3.7e-05, -0.0, 4e-05, 0.893451, 0.449161, 0.37472, 2.2e-05, -0.449161, 0.89345, 0.0, 0.0, 0.0, 0.0, 1.0],
                [1.0, -5.6e-05, 6e-06, -0.0, 4.8e-05, 0.897014, 0.442002, 0.37472, -3e-05, -0.442002, 0.897014, -0.0, 0.0, 0.0, 0.0, 1.0],
                [1.0, -4.9e-05, -4.7e-05, -0.0, 6.5e-05, 0.900568, 0.434716, 0.37472, 2.1e-05, -0.434716, 0.900567, 0.0, 0.0, 0.0, 0.0, 1.0],
                [1.0, -7.1e-05, 1.3e-05, -0.0, 5.8e-05, 0.904154, 0.427206, 0.37472, -4.2e-05, -0.427206, 0.904154, 0.0, 0.0, 0.0, 0.0, 1.0],
                [1.0, -3.6e-05, -2.3e-05, -0.0, 4.3e-05, 0.907736, 0.419542, 0.37472, 6e-06, -0.419542, 0.907735, 0.0, 0.0, 0.0, 0.0, 1.0],
                [1.0, -3e-05, -3e-05, -0.0, 4e-05, 0.911341, 0.411653, 0.37472, 1.5e-05, -0.411653, 0.91134, -0.0, 0.0, 0.0, 0.0, 1.0],
                [1.0, -5.8e-05, -2.8e-05, -0.0, 6.4e-05, 0.914944, 0.403582, 0.37472, 2e-06, -0.403582, 0.914943, -0.0, 0.0, 0.0, 0.0, 1.0],
                [1.0, -3.5e-05, -2.9e-05, 0.0, 4.4e-05, 0.918588, 0.395217, 0.37472, 1.3e-05, -0.395217, 0.918587, 0.0, 0.0, 0.0, 0.0, 1.0],
                [1.0, -0.000115, 8e-06, -0.0, 0.000103, 0.92212, 0.386905, 0.37472, -5.1e-05, -0.386905, 0.922119, 0.0, 0.0, 0.0, 0.0, 1.0],
                [1.0, -6.9e-05, -1.1e-05, 0.0, 6.8e-05, 0.925594, 0.378519, 0.37472, -1.6e-05, -0.378519, 0.925593, -0.0, 0.0, 0.0, 0.0, 1.0],
                [1.0, -7.9e-05, -4.4e-05, -0.0, 9e-05, 0.928953, 0.370197, 0.37472, 1.1e-05, -0.370197, 0.928953, -0.0, 0.0, 0.0, 0.0, 1.0],
                [1.0, 0.0, -0.0, 0.0, -0.0, 0.932179, 0.361999, 0.37472, 0.0, -0.361999, 0.932178, 0.0, 0.0, 0.0, 0.0, 1.0]
            ]
        },
        {
            "name": "Knee_R",
            "time": [0.0, 1.3333],
            "transform": [
                [1.0, 0.0, -0.0, 0.0, -0.0, 1e-06, -1.0, 0.37472, -0.0, 1.0, 1e-06, -0.0, 0.0, 0.0, 0.0, 1.0],
                [1.0, 0.0, -0.0, 0.0, -0.0, 1e-06, -1.0, 0.37472, -0.0, 1.0, 1e-06, 0.0, 0.0, 0.0, 0.0, 1.0]
            ]
        },
        {
            "name": "Thigh_L",
            "time": [0.0, 0.0333, 0.0667, 0.1, 0.1333, 0.1667, 0.2, 0.2333, 0.2667, 0.3, 0.3333, 0.3667, 0.4, 0.4333, 0.4667, 0.5, 0.5333, 0.5667, 0.6, 0.6333, 0.6667, 0.7, 0.7333, 0.7667, 0.8, 0.8333, 0.8667, 0.9, 0.9333, 0.9667, 1.0, 1.0333, 1.0667, 1.1, 1.1333, 1.1667, 1.2, 1.2333, 1.2667, 1.3, 1.3333],
            "transform": [
                [0.893454, -0.046917, 0.446697, -0.125006, -0.213744, -0.919111, 0.330981, -0.002831, 0.395036, -0.391195, -0.831211, -1.2e-05, 0.0, 0.0, 0.0, 1.0],
                [0.912176, -0.067339, 0.404229, -0.125006, -0.215791, -0.917501, 0.334106, -0.002831, 0.348382, -0.391992, -0.851452, -1.2e-05, 0.0, 0.0, 0.0, 1.0],
                [0.931559, -0.089434, 0.35242, -0.125006, -0.214338, -0.918026, 0.333598, -0.002831, 0.293696, -0.386303, -0.874364, -1.2e-05, 0.0, 0.0, 0.0, 1.0],
                [0.947418, -0.113803, 0.299078, -0.125006, -0.214212, -0.91987, 0.328561, -0.002831, 0.237722, -0.375351, -0.895879, -1.2e-05, 0.0, 0.0, 0.0, 1.0],
                [0.960378, -0.135304, 0.243654, -0.125006, -0.210103, -0.925891, 0.313979, -0.002831, 0.183115, -0.352731, -0.917632, -1.2e-05, 0.0, 0.0, 0.0, 1.0],
                [0.968365, -0.151656, 0.198163, -0.125006, -0.205348, -0.935499, 0.287532, -0.002831, 0.141776, -0.319128, -0.937046, -1.2e-05, 0.0, 0.0, 0.0, 1.0],
                [0.972619, -0.164307, 0.164368, -0.125006, -0.201651, -0.948227, 0.245362, -0.002831, 0.115543, -0.271788, -0.955395, -1.2e-05, 0.0, 0.0, 0.0, 1.0],
                [0.973595, -0.17153, 0.15063, -0.125006, -0.200744, -0.957486, 0.207176, -0.002831, 0.108689, -0.231944, -0.966638, -1.2e-05, 0.0, 0.0, 0.0, 1.0],
                [0.971861, -0.16086, 0.17208, -0.125006, -0.202326, -0.944148, 0.260095, -0.002831, 0.120631, -0.287592, -0.950126, -1.2e-05, 0.0, 0.0, 0.0, 1.0],
                [0.968836, -0.151349, 0.196091, -0.125006, -0.204661, -0.93505, 0.289476, -0.002831, 0.139543, -0.320586, -0.936884, -1.2e-05, 0.0, 0.0, 0.0, 1.0],
                [0.964303, -0.140017, 0.224757, -0.125006, -0.207532, -0.926788, 0.31304, -0.002831, 0.164471, -0.34851, -0.922762, -1.2e-05, 0.0, 0.0, 0.0, 1.0],
                [0.958105, -0.126348, 0.257042, -0.125006, -0.210368, -0.919458, 0.332178, -0.002831, 0.19437, -0.372335, -0.907516, -1.2e-05, 0.0, 0.0, 0.0, 1.0],
                [0.950128, -0.109872, 0.291864, -0.125006, -0.212264, -0.913483, 0.347122, -0.002831, 0.228474, -0.391762, -0.891247, -1.2e-05, 0.0, 0.0, 0.0, 1.0],
                [0.939975, -0.093001, 0.328326, -0.125006, -0.215306, -0.908092, 0.359183, -0.002831, 0.264746, -0.408314, -0.873607, -1.2e-05, 0.0, 0.0, 0.0, 1.0],
                [0.928169, -0.071806, 0.365167, -0.125006, -0.214468, -0.905098, 0.367152, -0.002831, 0.304149, -0.419096, -0.855483, -1.2e-05, 0.0, 0.0, 0.0, 1.0],
                [0.914941, -0.051675, 0.400265, -0.125006, -0.214184, -0.902754, 0.373043, -0.002831, 0.342064, -0.427042, -0.837034, -1.2e-05, 0.0, 0.0, 0.0, 1.0],
                [0.899842, -0.031736, 0.43506, -0.125006, -0.214256, -0.900912, 0.37743, -0.002831, 0.379973, -0.432841, -0.817477, -1.2e-05, 0.0, 0.0, 0.0, 1.0],
                [0.883347, -0.01289, 0.468542, -0.125006, -0.214812, -0.899597, 0.380238, -0.002831, 0.416598, -0.43653, -0.797425, -1.2e-05, 0.0, 0.0, 0.0, 1.0],
                [0.86662, 0.004476, 0.498948, -0.125006, -0.21532, -0.898707, 0.382052, -0.002831, 0.450118, -0.438528, -0.777873, -1.2e-05, 0.0, 0.0, 0.0, 1.0],
                [0.849895, 0.022356, 0.526477, -0.125006, -0.213272, -0.899021, 0.382461, -0.002831, 0.481865, -0.437335, -0.759305, -1.2e-05, 0.0, 0.0, 0.0, 1.0],
                [0.833483, 0.038564, 0.551197, -0.125006, -0.211164, -0.899609, 0.382248, -0.002831, 0.510604, -0.43499, -0.741665, -1.2e-05, 0.0, 0.0, 0.0, 1.0],
                [0.820463, 0.050767, 0.569441, -0.125006, -0.209067, -0.900415, 0.381503, -0.002831, 0.532101, -0.43206, -0.728143, -1.2e-05, 0.0, 0.0, 0.0, 1.0],
                [0.810265, 0.060154, 0.582968, -0.125006, -0.206668, -0.901491, 0.380267, -0.002831, 0.548415, -0.428599, -0.718014, -1.2e-05, 0.0, 0.0, 0.0, 1.0],
                [0.803737, 0.065033, 0.59142, -0.125006, -0.205891, -0.902197, 0.379011, -0.002831, 0.558226, -0.426393, -0.711739, -1.2e-05, 0.0, 0.0, 0.0, 1.0],
                [0.799498, 0.068073, 0.596799, -0.125006, -0.204858, -0.903088, 0.377446, -0.002831, 0.564656, -0.424026, -0.708071, -1.2e-05, 0.0, 0.0, 0.0, 1.0],
                [0.798158, 0.068726, 0.598515, -0.125006, -0.20369, -0.90418, 0.375458, -0.002831, 0.566969, -0.421587, -0.70768, -1.2e-05, 0.0, 0.0, 0.0, 1.0],
                [0.799119, 0.066023, 0.597537, -0.125006, -0.204705, -0.90467, 0.373723, -0.002831, 0.565248, -0.420968, -0.709422, -1.2e-05, 0.0, 0.0, 0.0, 1.0],
                [0.801877, 0.061853, 0.594278, -0.125006, -0.205645, -0.905287, 0.371706, -0.002831, 0.560984, -0.420272, -0.713209, -1.2e-05, 0.0, 0.0, 0.0, 1.0],
                [0.806368, 0.056295, 0.588728, -0.125006, -0.206467, -0.906032, 0.369429, -0.00283, 0.554204, -0.419449, -0.718971, -1.2e-05, 0.0, 0.0, 0.0, 1.0],
                [0.812801, 0.049226, 0.580457, -0.125006, -0.207036, -0.90696, 0.366823, -0.002831, 0.54451, -0.41833, -0.726986, -1.2e-05, 0.0, 0.0, 0.0, 1.0],
                [0.819733, 0.041583, 0.571234, -0.125006, -0.207612, -0.907956, 0.364023, -0.002831, 0.533794, -0.416996, -0.735648, -1.2e-05, 0.0, 0.0, 0.0, 1.0],
                [0.827516, 0.033242, 0.560456, -0.125006, -0.208056, -0.909017, 0.361112, -0.002831, 0.521468, -0.415432, -0.74531, -1.2e-05, 0.0, 0.0, 0.0, 1.0],
                [0.835575, 0.024418, 0.548833, -0.125006, -0.208541, -0.910141, 0.357987, -0.002831, 0.508257, -0.413579, -0.755398, -1.2e-05, 0.0, 0.0, 0.0, 1.0],
                [0.843423, 0.015543, 0.537025, -0.125006, -0.20902, -0.911336, 0.354653, -0.002831, 0.494922, -0.411371, -0.765392, -1.2e-05, 0.0, 0.0, 0.0, 1.0],
                [0.852499, 0.005595, 0.522699, -0.125006, -0.209358, -0.912586, 0.351222, -0.002831, 0.478973, -0.408848, -0.776806, -1.2e-05, 0.0, 0.0, 0.0, 1.0],
                [0.861302, -0.00452, 0.508073, -0.125006, -0.209884, -0.913823, 0.347673, -0.002831, 0.462717, -0.406088, -0.788025, -1.2e-05, 0.0, 0.0, 0.0, 1.0],
                [0.868776, -0.013787, 0.495013, -0.125006, -0.210615, -0.914985, 0.344158, -0.002831, 0.448185, -0.403254, -0.79782, -1.2e-05, 0.0, 0.0, 0.0, 1.0],
                [0.876954, -0.023765, 0.479987, -0.125006, -0.211215, -0.9162, 0.340537, -0.002831, 0.431672, -0.400016, -0.808484, -1.2e-05, 0.0, 0.0, 0.0, 1.0],
                [0.883236, -0.032187, 0.467821, -0.125006, -0.212024, -0.917251, 0.337188, -0.002831, 0.418257, -0.397006, -0.816974, -1.2e-05, 0.0, 0.0, 0.0, 1.0],
                [0.888839, -0.040021, 0.456468, -0.125006, -0.212836, -0.918256, 0.333928, -0.002831, 0.40579, -0.393961, -0.824699, -1.2e-05, 0.0, 0.0, 0.0, 1.0],
                [0.893454, -0.046917, 0.446697, -0.125006, -0.213744, -0.919112, 0.330981, -0.002831, 0.395036, -0.391195, -0.831211, -1.2e-05, 0.0, 0.0, 0.0, 1.0]
            ]
        },
        {
            "name": "Leg_L",
            "time": [0.0, 0.0333, 0.0667, 0.1, 0.1333, 0.1667, 0.2, 0.2333, 0.2667, 0.3, 0.3333, 0.3667, 0.4, 0.4333, 0.4667, 0.5, 0.5333, 0.5667, 0.6, 0.6333, 0.6667, 0.7, 0.7333, 0.7667, 0.8, 0.8333, 0.8667, 0.9, 0.9333, 0.9667, 1.0, 1.0333, 1.0667, 1.1, 1.1333, 1.1667, 1.2, 1.2333, 1.2667, 1.3, 1.3333],
            "transform": [
                [1.0, 0.0, 0.0, -0.0, -0.0, 0.862423, 0.506189, 0.37472, 0.0, -0.50619, 0.862422, 0.0, 0.0, 0.0, 0.0, 1.0],
                [1.0, -6.6e-05, -2.3e-05, 0.0, 6.9e-05, 0.881484, 0.472214, 0.37472, -1.1e-05, -0.472214, 0.881483, 0.0, 0.0, 0.0, 0.0, 1.0],
                [1.0, -1.5e-05, -1e-05, 0.0, 1.8e-05, 0.905365, 0.424635, 0.37472, 3e-06, -0.424635, 0.905365, 0.0, 0.0, 0.0, 0.0, 1.0],
                [1.0, -1.8e-05, 2.7e-05, 0.0, 7e-06, 0.931932, 0.362634, 0.37472, -3.2e-05, -0.362635, 0.931931, -0.0, 0.0, 0.0, 0.0, 1.0],
                [1.0, 4e-05, -3.1e-05, -0.0, -3e-05, 0.958402, 0.285423, 0.37472, 4.1e-05, -0.285423, 0.958401, 0.0, 0.0, 0.0, 0.0, 1.0],
                [1.0, -5.5e-05, -3.6e-05, -0.0, 6.1e-05, 0.981292, 0.192527, 0.37472, 2.5e-05, -0.192527, 0.981291, -0.0, 0.0, 0.0, 0.0, 1.0],
                [1.0, -3.7e-05, -5e-05, -0.0, 4.1e-05, 0.996553, 0.082957, 0.37472, 4.7e-05, -0.082957, 0.996553, 0.0, 0.0, 0.0, 0.0, 1.0],
                [1.0, 2.2e-05, -2.8e-05, 0.0, -2.2e-05, 1.0, 0.001183, 0.37472, 2.8e-05, -0.001183, 0.999999, 0.0, 0.0, 0.0, 0.0, 1.0],
                [1.0, -2.1e-05, -2.7e-05, -0.0, 2.4e-05, 0.994013, 0.109259, 0.37472, 2.4e-05, -0.109259, 0.994013, -0.0, 0.0, 0.0, 0.0, 1.0],
                [1.0, -2.2e-05, 2e-05, -0.0, 1.8e-05, 0.984006, 0.178136, 0.37472, -2.4e-05, -0.178136, 0.984006, -0.0, 0.0, 0.0, 0.0, 1.0],
                [1.0, 6.1e-05, -3.1e-05, -0.0, -5.1e-05, 0.970632, 0.240569, 0.37472, 4.5e-05, -0.240569, 0.970631, 0.0, 0.0, 0.0, 0.0, 1.0],
                [1.0, 0.0, -6.1e-05, -0.0, 1.8e-05, 0.954546, 0.298064, 0.37472, 5.9e-05, -0.298064, 0.954545, -0.0, 0.0, 0.0, 0.0, 1.0],
                [1.0, 2e-06, -2e-06, -0.0, -1e-06, 0.936545, 0.35055, 0.37472, 3e-06, -0.35055, 0.936544, 0.0, 0.0, 0.0, 0.0, 1.0],
                [1.0, -2.1e-05, -3.2e-05, 0.0, 3.2e-05, 0.917275, 0.398255, 0.37472, 2.1e-05, -0.398255, 0.917274, 0.0, 0.0, 0.0, 0.0, 1.0],
                [1.0, -1.3e-05, 1e-06, 0.0, 1.1e-05, 0.897508, 0.440999, 0.37472, -7e-06, -0.440999, 0.897507, 0.0, 0.0, 0.0, 0.0, 1.0],
                [1.0, 2.5e-05, -3.2e-05, 0.0, -7e-06, 0.877787, 0.479052, 0.37472, 4e-05, -0.479052, 0.877786, 0.0, 0.0, 0.0, 0.0, 1.0],
                [1.0, 5e-05, -1.3e-05, 0.0, -3.6e-05, 0.858581, 0.512678, 0.37472, 3.7e-05, -0.512679, 0.85858, 0.0, 0.0, 0.0, 0.0, 1.0],
                [1.0, -5.3e-05, -2.9e-05, -0.0, 6.1e-05, 0.840443, 0.5419, 0.37472, -5e-06, -0.5419, 0.840442, 0.0, 0.0, 0.0, 0.0, 1.0],
                [1.0, 7e-06, 3.1e-05, 0.0, -2.4e-05, 0.823772, 0.566921, 0.37472, -2.2e-05, -0.566921, 0.823772, 0.0, 0.0, 0.0, 0.0, 1.0],
                [1.0, 4.5e-05, -2.3e-05, 0.0, -2.3e-05, 0.808837, 0.588034, 0.37472, 4.5e-05, -0.588034, 0.808836, -0.0, 0.0, 0.0, 0.0, 1.0],
                [1.0, -1.1e-05, 1.4e-05, -0.0, -0.0, 0.796042, 0.605241, 0.37472, -1.8e-05, -0.605241, 0.796042, 0.0, 0.0, 0.0, 0.0, 1.0],
                [1.0, 1.5e-05, -4e-06, 0.0, -9e-06, 0.785683, 0.618629, 0.37472, 1.3e-05, -0.618629, 0.785683, 0.0, 0.0, 0.0, 0.0, 1.0],
                [1.0, 6e-06, 2.8e-05, -0.0, -2.3e-05, 0.77802, 0.628239, 0.37472, -1.8e-05, -0.62824, 0.77802, 0.0, 0.0, 0.0, 0.0, 1.0],
                [1.0, 5.5e-05, 1.4e-05, -0.0, -5.2e-05, 0.773448, 0.63386, 0.37472, 2.4e-05, -0.63386, 0.773448, 0.0, 0.0, 0.0, 0.0, 1.0],
                [1.0, -2.5e-05, 5e-06, -0.0, 1.6e-05, 0.771413, 0.636335, 0.37472, -2e-05, -0.636336, 0.771412, 0.0, 0.0, 0.0, 0.0, 1.0],
                [1.0, -2.7e-05, -1e-06, -0.0, 2.1e-05, 0.77116, 0.636641, 0.37472, -1.7e-05, -0.636642, 0.77116, 0.0, 0.0, 0.0, 0.0, 1.0],
                [1.0, -2.4e-05, -1.3e-05, -0.0, 2.7e-05, 0.77248, 0.635039, 0.37472, -6e-06, -0.63504, 0.772479, -0.0, 0.0, 0.0, 0.0, 1.0],
                [1.0, -4e-06, -2.9e-05, 0.0, 2.1e-05, 0.775164, 0.63176, 0.37472, 2e-05, -0.631761, 0.775163, -0.0, 0.0, 0.0, 0.0, 1.0],
                [1.0, -3.3e-05, 3.8e-05, 0.0, 2e-06, 0.779077, 0.626928, 0.37472, -5e-05, -0.626928, 0.779077, 0.0, 0.0, 0.0, 0.0, 1.0],
                [1.0, 1e-05, 1.1e-05, 0.0, -1.5e-05, 0.784025, 0.620729, 0.37472, -3e-06, -0.62073, 0.784024, 0.0, 0.0, 0.0, 0.0, 1.0],
                [1.0, 1.4e-05, 1e-06, -0.0, -1.2e-05, 0.789935, 0.61319, 0.37472, 8e-06, -0.61319, 0.789935, -0.0, 0.0, 0.0, 0.0, 1.0],
                [1.0, 3.3e-05, -4.2e-05, 0.0, -1e-06, 0.796575, 0.60454, 0.37472, 5.3e-05, -0.60454, 0.796574, -0.0, 0.0, 0.0, 0.0, 1.0],
                [1.0, -1.9e-05, 8e-06, 0.0, 1e-05, 0.803844, 0.59484, 0.37472, -1.8e-05, -0.594841, 0.803843, 0.0, 0.0, 0.0, 0.0, 1.0],
                [1.0, -2e-05, -1e-05, 0.0, 2.2e-05, 0.811518, 0.584327, 0.37472, -4e-06, -0.584327, 0.811518, -0.0, 0.0, 0.0, 0.0, 1.0],
                [1.0, -2.1e-05, 4e-06, -0.0, 1.5e-05, 0.819439, 0.573166, 0.37472, -1.5e-05, -0.573166, 0.819439, 0.0, 0.0, 0.0, 0.0, 1.0],
                [1.0, 2.7e-05, 2.5e-05, 0.0, -3.7e-05, 0.827502, 0.561463, 0.37472, -5e-06, -0.561463, 0.827501, -0.0, 0.0, 0.0, 0.0, 1.0],
                [1.0, 1.8e-05, -4e-06, -0.0, -1.3e-05, 0.835455, 0.54956, 0.37472, 1.3e-05, -0.54956, 0.835454, -0.0, 0.0, 0.0, 0.0, 1.0],
                [1.0, 1.5e-05, -4e-06, 0.0, -1.1e-05, 0.843135, 0.537702, 0.37472, 1.2e-05, -0.537702, 0.843135, -0.0, 0.0, 0.0, 0.0, 1.0],
                [1.0, -1.5e-05, 1.7e-05, -0.0, 4e-06, 0.850257, 0.526367, 0.37472, -2.2e-05, -0.526367, 0.850257, 0.0, 0.0, 0.0, 0.0, 1.0],
                [1.0, 3.8e-05, -8e-06, 0.0, -2.8e-05, 0.856761, 0.515714, 0.37472, 2.7e-05, -0.515714, 0.856761, 0.0, 0.0, 0.0, 0.0, 1.0],
                [1.0, 0.0, 0.0, -0.0, -0.0, 0.862423, 0.506189, 0.37472, 0.0, -0.50619, 0.862422, 0.0, 0.0, 0.0, 0.0, 1.0]
            ]
        },
        {
            "name": "Knee_L",
            "time": [0.0, 1.3333],
            "transform": [
                [1.0, 0.0, -0.0, -0.0, -0.0, 1e-06, -1.0, 0.37472, -0.0, 1.0, 1e-06, 0.0, 0.0, 0.0, 0.0, 1.0],
                [1.0, 0.0, -0.0, -0.0, -0.0, 1e-06, -1.0, 0.37472, -0.0, 1.0, 1e-06, 0.0, 0.0, 0.0, 0.0, 1.0]
            ]
        },
        {
            "name": "Torso",
            "time": [0.0, 0.0333, 0.0667, 0.1, 0.1333, 0.1667, 0.2, 0.2333, 0.2667, 0.3, 0.3333, 0.3667, 0.4, 0.4333, 0.4667, 0.5, 0.5333, 0.5667, 0.6, 0.6333, 0.6667, 0.7, 0.7333, 0.7667, 0.8, 0.8333, 0.8667, 0.9, 0.9333, 0.9667, 1.0, 1.0333, 1.0667, 1.1, 1.1333, 1.1667, 1.2, 1.2333, 1.2667, 1.3, 1.3333],
            "transform": [
                [0.701234, -0.067462, -0.709732, -0.0, 0.007342, 0.996143, -0.087433, 0.05, 0.712893, 0.056101, 0.699025, 0.0, 0.0, 0.0, 0.0, 1.0],
                [0.735751, -0.067411, -0.67389, 0.0, 0.01165, 0.996146, -0.086928, 0.05, 0.677153, 0.056107, 0.733701, -0.0, 0.0, 0.0, 0.0, 1.0],
                [0.773854, -0.067429, -0.629764, 0.0, 0.0167, 0.996143, -0.086136, 0.05, 0.633144, 0.056139, 0.771996, -0.0, 0.0, 0.0, 0.0, 1.0],
                [0.810589, -0.067454, -0.581718, 0.0, 0.021914, 0.996142, -0.084973, 0.05, 0.585206, 0.056131, 0.808939, 0.0, 0.0, 0.0, 0.0, 1.0],
                [0.842027, -0.067425, -0.535205, -0.0, 0.026639, 0.996145, -0.083583, 0.05, 0.538778, 0.056121, 0.840577, 0.0, 0.0, 0.0, 0.0, 1.0],
                [0.865595, -0.067443, -0.496183, -0.0, 0.030441, 0.996143, -0.082295, 0.05, 0.499819, 0.05613, 0.864309, -0.0, 0.0, 0.0, 0.0, 1.0],
                [0.879458, -0.067444, -0.471174, -0.0, 0.032806, 0.996145, -0.081355, 0.05, 0.474845, 0.05609, 0.87828, -0.0, 0.0, 0.0, 0.0, 1.0],
                [0.881928, -0.06745, -0.466533, -0.0, 0.033217, 0.996142, -0.081225, 0.05, 0.470212, 0.056138, 0.880766, -0.0, 0.0, 0.0, 0.0, 1.0],
                [0.875991, -0.067423, -0.477592, -0.0, 0.032193, 0.996147, -0.08158, 0.05, 0.481252, 0.056088, 0.874786, -0.0, 0.0, 0.0, 0.0, 1.0],
                [0.866238, -0.067437, -0.495059, -0.0, 0.030561, 0.996145, -0.082221, 0.05, 0.498696, 0.056094, 0.86496, -0.0, 0.0, 0.0, 0.0, 1.0],
                [0.852876, -0.067439, -0.517739, 0.0, 0.02838, 0.996145, -0.083005, 0.05, 0.521341, 0.056099, 0.851502, -0.0, 0.0, 0.0, 0.0, 1.0],
                [0.83607, -0.067431, -0.544464, 0.0, 0.025724, 0.996145, -0.083869, 0.05, 0.54802, 0.056115, 0.834581, -0.0, 0.0, 0.0, 0.0, 1.0],
                [0.815957, -0.067422, -0.574168, 0.0, 0.022669, 0.996144, -0.084757, 0.05, 0.577669, 0.056142, 0.814339, 0.0, 0.0, 0.0, 0.0, 1.0],
                [0.792855, -0.067416, -0.605669, 0.0, 0.019334, 0.996145, -0.085569, 0.05, 0.609103, 0.056134, 0.791102, 0.0, 0.0, 0.0, 0.0, 1.0],
                [0.767205, -0.067409, -0.63785, 0.0, 0.015803, 0.996147, -0.086266, 0.05, 0.641207, 0.056103, 0.765314, -0.0, 0.0, 0.0, 0.0, 1.0],
                [0.739457, -0.067407, -0.669821, 0.0, 0.012122, 0.996146, -0.086864, 0.05, 0.673095, 0.056112, 0.737424, 0.0, 0.0, 0.0, 0.0, 1.0],
                [0.710395, -0.067405, -0.700568, -0.0, 0.008421, 0.996146, -0.087305, 0.05, 0.703753, 0.056122, 0.708224, 0.0, 0.0, 0.0, 0.0, 1.0],
                [0.680819, -0.067467, -0.729338, -0.0, 0.004877, 0.996144, -0.087595, 0.05, 0.732435, 0.056079, 0.678523, 0.0, 0.0, 0.0, 0.0, 1.0],
                [0.651601, -0.067406, -0.755562, 0.0, 0.001455, 0.996153, -0.087615, 0.05, 0.758561, 0.05599, 0.649192, 0.0, 0.0, 0.0, 0.0, 1.0],
                [0.623792, -0.067431, -0.778676, 0.0, -0.001712, 0.996151, -0.087635, 0.05, 0.781588, 0.055999, 0.621276, -0.0, 0.0, 0.0, 0.0, 1.0],
                [0.598526, -0.067517, -0.798253, 0.0, -0.004535, 0.99614, -0.087655, 0.05, 0.801091, 0.056084, 0.59591, -0.0, 0.0, 0.0, 0.0, 1.0],
                [0.576878, -0.06749, -0.814037, -0.0, -0.006874, 0.996144, -0.08746, 0.05, 0.816801, 0.056049, 0.57419, 0.0, 0.0, 0.0, 0.0, 1.0],
                [0.559985, -0.067506, -0.825748, 0.0, -0.008694, 0.996141, -0.087332, 0.05, 0.828457, 0.056084, 0.557237, -0.0, 0.0, 0.0, 0.0, 1.0],
                [0.549008, -0.067492, -0.833088, 0.0, -0.009866, 0.996142, -0.087204, 0.05, 0.835759, 0.056094, 0.546224, -0.0, 0.0, 0.0, 0.0, 1.0],
                [0.543251, -0.067602, -0.836844, -0.0, -0.010427, 0.996133, -0.087239, 0.05, 0.839506, 0.056118, 0.540445, -0.0, 0.0, 0.0, 0.0, 1.0],
                [0.54129, -0.067625, -0.838113, -0.0, -0.010684, 0.996127, -0.087275, 0.05, 0.840768, 0.056195, 0.538471, -0.0, 0.0, 0.0, 0.0, 1.0],
                [0.542633, -0.067657, -0.837241, -0.0, -0.010513, 0.996126, -0.08731, 0.05, 0.839905, 0.056179, 0.539819, -0.0, 0.0, 0.0, 0.0, 1.0],
                [0.547007, -0.067652, -0.83439, -0.0, -0.010037, 0.996127, -0.087345, 0.05, 0.837067, 0.056153, 0.54421, 0.0, 0.0, 0.0, 0.0, 1.0],
                [0.554025, -0.06759, -0.829751, -0.0, -0.009342, 0.996131, -0.087381, 0.05, 0.832447, 0.056163, 0.55125, 0.0, 0.0, 0.0, 0.0, 1.0],
                [0.563232, -0.067548, -0.823533, 0.0, -0.008351, 0.996137, -0.087416, 0.05, 0.826257, 0.056113, 0.560492, 0.0, 0.0, 0.0, 0.0, 1.0],
                [0.574223, -0.067491, -0.815913, 0.0, -0.007179, 0.996143, -0.087452, 0.05, 0.818668, 0.056074, 0.571523, 0.0, 0.0, 0.0, 0.0, 1.0],
                [0.586642, -0.067487, -0.807029, 0.0, -0.005834, 0.996144, -0.087543, 0.05, 0.809825, 0.056064, 0.583986, 0.0, 0.0, 0.0, 0.0, 1.0],
                [0.600093, -0.067469, -0.79708, 0.0, -0.004403, 0.996143, -0.087633, 0.05, 0.799918, 0.056097, 0.597481, 0.0, 0.0, 0.0, 0.0, 1.0],
                [0.614188, -0.067425, -0.786274, 0.0, -0.002798, 0.996151, -0.087608, 0.05, 0.789155, 0.056008, 0.611636, -0.0, 0.0, 0.0, 0.0, 1.0],
                [0.62851, -0.06735, -0.77488, 0.0, -0.001234, 0.996156, -0.087583, 0.05, 0.7778, 0.056004, 0.626011, -0.0, 0.0, 0.0, 0.0, 1.0],
                [0.642708, -0.067345, -0.763146, 0.0, 0.000415, 0.996159, -0.087558, 0.05, 0.766111, 0.055958, 0.640267, -0.0, 0.0, 0.0, 0.0, 1.0],
                [0.656497, -0.067349, -0.751316, 0.0, 0.002019, 0.996159, -0.087533, 0.05, 0.754326, 0.055949, 0.654112, -0.0, 0.0, 0.0, 0.0, 1.0],
                [0.669521, -0.067358, -0.739733, -0.0, 0.003535, 0.996158, -0.087508, 0.05, 0.742785, 0.055974, 0.667186, 0.0, 0.0, 0.0, 0.0, 1.0],
                [0.68149, -0.067393, -0.728718, -0.0, 0.004964, 0.996154, -0.087483, 0.05, 0.731811, 0.056002, 0.679203, 0.0, 0.0, 0.0, 0.0, 1.0],
                [0.692176, -0.067438, -0.718571, -0.0, 0.006261, 0.996148, -0.087458, 0.05, 0.721702, 0.056038, 0.689932, 0.0, 0.0, 0.0, 0.0, 1.0],
                [0.701234, -0.067462, -0.709732, -0.0, 0.007342, 0.996143, -0.087433, 0.05, 0.712893, 0.056101, 0.699025, 0.0, 0.0, 0.0, 0.0, 1.0]
            ]
        },
        {
            "name": "Chest",
            "time": [0.0, 0.0333, 0.0667, 0.1, 0.1333, 0.1667, 0.2, 0.2333, 0.2667, 0.3, 0.3333, 0.3667, 0.4, 0.4333, 0.4667, 0.5, 0.5333, 0.5667, 0.6, 0.6333, 0.6667, 0.7, 0.7333, 0.7667, 0.8, 0.8333, 0.8667, 0.9, 0.9333, 0.9667, 1.0, 1.0333, 1.0667, 1.1, 1.1333, 1.1667, 1.2, 1.2333, 1.2667, 1.3, 1.3333],
            "transform": [
                [0.961218, -0.076485, -0.26497, 0.0, 0.082771, 0.996489, 0.012624, 0.3, 0.263074, -0.034066, 0.964174, 0.0, 0.0, 0.0, 0.0, 1.0],
                [0.96415, -0.077119, -0.253904, 0.0, 0.081216, 0.996681, 0.005677, 0.3, 0.252623, -0.026095, 0.967213, 0.0, 0.0, 0.0, 0.0, 1.0],
                [0.966756, -0.077821, -0.243571, -0.0, 0.079855, 0.996805, -0.001528, 0.3, 0.242912, -0.017973, 0.969881, -0.0, 0.0, 0.0, 0.0, 1.0],
                [0.968511, -0.078357, -0.236319, 0.0, 0.07848, 0.996876, -0.008902, 0.3, 0.236278, -0.009925, 0.971635, -0.0, 0.0, 0.0, 0.0, 1.0],
                [0.971082, -0.078734, -0.225389, -0.0, 0.077092, 0.996894, -0.016092, 0.3, 0.225956, -0.001749, 0.974135, -0.0, 0.0, 0.0, 0.0, 1.0],
                [0.972971, -0.078618, -0.217134, -0.0, 0.07542, 0.996887, -0.022991, 0.3, 0.218265, 0.005993, 0.975871, 0.0, 0.0, 0.0, 0.0, 1.0],
