{
    "animation": [
        {
            "name": "Root",
            "time": [0.0, 0.1667, 0.3333, 0.5, 0.6667, 0.8333, 1.0],
            "transform": [
                [1.0, -0.0, 0.0, -2.2e-05, 0.0, -0.0, -1.0, 4.1e-05, 0.0, 1.0, -0.0, 0.690967, 0.0, 0.0, 0.0, 1.0],
                [1.0, -0.0, 0.0, -0.018685, 0.0, -0.0, -1.0, 0.181231, 0.0, 1.0, -0.0, 0.656758, 0.0, 0.0, 0.0, 1.0],
                [1.0, -0.0, 0.0, -0.031067, 0.0, -0.0, -1.0, 0.422232, 0.0, 1.0, -0.0, 0.446236, 0.0, 0.0, 0.0, 1.0],
                [1.0, -0.0, 0.0, -0.029494, 0.0, -0.0, -1.0, 0.441139, 0.0, 1.0, -0.0, 0.404296, 0.0, 0.0, 0.0, 1.0],
                [1.0, -0.0, 0.0, -0.028929, 0.0, -0.0, -1.0, 0.450013, 0.0, 1.0, -0.0, 0.424855, 0.0, 0.0, 0.0, 1.0],
                [1.0, -0.0, 0.0, -0.0299, 0.0, -0.0, -1.0, 0.445344, 0.0, 1.0, -0.0, 0.408408, 0.0, 0.0, 0.0, 1.0],
                [1.0, -0.0, 0.0, -0.031067, 0.0, -0.0, -1.0, 0.437785, 0.0, 1.0, -0.0, 0.408408, 0.0, 0.0, 0.0, 1.0]
            ]
        },
        {
            "name": "Thigh_R",
            "time": [0.0, 0.1667, 0.3333, 0.5, 0.6667, 0.8333, 1.0],
            "transform": [
                [0.531962, 0.239081, 0.812316, 0.124994, 0.271137, -0.956898, 0.104074, -0.002831, 0.802184, 0.164886, -0.573857, -1.2e-05, 0.0, 0.0, 0.0, 1.0],
                [0.542704, 0.289797, 0.788347, 0.124994, 0.364556, -0.926847, 0.089746, -0.002831, 0.756684, 0.238691, -0.60865, -1.2e-05, 0.0, 0.0, 0.0, 1.0],
                [0.608063, 0.583807, 0.537986, 0.124994, 0.566322, -0.793886, 0.221413, -0.002831, 0.556362, 0.170041, -0.813356, -1.2e-05, 0.0, 0.0, 0.0, 1.0],
                [0.580798, 0.64844, 0.492136, 0.124994, 0.647656, -0.734331, 0.20322, -0.002831, 0.493167, 0.200706, -0.846465, -1.2e-05, 0.0, 0.0, 0.0, 1.0],
                [0.5897, 0.618739, 0.519054, 0.124994, 0.638123, -0.750901, 0.170137, -0.002831, 0.495028, 0.230891, -0.837637, -1.2e-05, 0.0, 0.0, 0.0, 1.0],
                [0.580677, 0.643491, 0.498733, 0.124994, 0.64614, -0.736943, 0.198539, -0.002831, 0.495295, 0.206965, -0.84371, -1.2e-05, 0.0, 0.0, 0.0, 1.0],
                [0.567749, 0.645671, 0.510657, 0.124994, 0.654284, -0.730391, 0.196066, -0.002831, 0.499572, 0.222799, -0.837131, -1.2e-05, 0.0, 0.0, 0.0, 1.0]
            ]
        },
        {
            "name": "Leg_R",
            "time": [0.0, 0.1667, 0.3333, 0.5, 0.6667, 0.8333, 1.0],
            "transform": [
                [1.0, 0.0, 0.0, -0.0, -0.0, 0.932179, 0.361998, 0.37472, -0.0, -0.361998, 0.932179, 0.0, 0.0, 0.0, 0.0, 1.0],
                [1.0, 0.0, 0.0, -0.0, -0.0, 0.943754, 0.330648, 0.37472, 0.0, -0.330648, 0.943754, -0.0, 0.0, 0.0, 0.0, 1.0],
                [1.0, 0.0, 0.0, 0.0, -0.0, 0.264033, 0.964513, 0.37472, 0.0, -0.964515, 0.264032, 0.0, 0.0, 0.0, 0.0, 1.0],
                [1.0, 0.0, -0.0, 0.0, -0.0, 0.198738, 0.980052, 0.37472, 0.0, -0.980053, 0.198738, 0.0, 0.0, 0.0, 0.0, 1.0],
                [1.0, 0.0, 0.0, 0.0, -0.0, 0.265513, 0.964107, 0.37472, 0.0, -0.964108, 0.265513, 0.0, 0.0, 0.0, 0.0, 1.0],
                [1.0, 0.0, 0.0, 0.0, -0.0, 0.226541, 0.974001, 0.37472, 0.0, -0.974002, 0.226541, 0.0, 0.0, 0.0, 0.0, 1.0],
                [1.0, 0.0, 0.0, 0.0, -0.0, 0.231922, 0.972734, 0.37472, 0.0, -0.972735, 0.231922, 0.0, 0.0, 0.0, 0.0, 1.0]
            ]
        },
        {
            "name": "Knee_R",
            "time": [0.0, 0.1667, 0.3333, 0.5, 0.6667, 0.8333, 1.0],
            "transform": [
                [1.0, 0.0, -0.0, -0.0, -0.0, 1e-06, -1.0, 0.37472, -0.0, 1.0, 1e-06, 0.0, 0.0, 0.0, 0.0, 1.0],
                [1.0, 0.0, -0.0, -0.0, -0.0, 1e-06, -1.0, 0.37472, -0.0, 1.0, 1e-06, -0.0, 0.0, 0.0, 0.0, 1.0],
                [1.0, 0.0, -0.0, 0.0, -0.0, 1e-06, -1.0, 0.37472, -0.0, 1.0, 1e-06, 0.0, 0.0, 0.0, 0.0, 1.0],
                [1.0, 0.0, -0.0, 0.0, -0.0, 1e-06, -1.0, 0.37472, -0.0, 1.0, 1e-06, 0.0, 0.0, 0.0, 0.0, 1.0],
                [1.0, 0.0, -0.0, 0.0, -0.0, 1e-06, -1.0, 0.37472, -0.0, 1.0, 1e-06, 0.0, 0.0, 0.0, 0.0, 1.0],
                [1.0, 0.0, -0.0, 0.0, -0.0, 1e-06, -1.0, 0.37472, -0.0, 1.0, 1e-06, 0.0, 0.0, 0.0, 0.0, 1.0],
                [1.0, 0.0, -0.0, 0.0, -0.0, 1e-06, -1.0, 0.37472, -0.0, 1.0, 1e-06, 0.0, 0.0, 0.0, 0.0, 1.0]
            ]
        },
        {
            "name": "Thigh_L",
            "time": [0.0, 0.1667, 0.3333, 0.5, 0.6667, 0.8333, 1.0],
            "transform": [
                [0.89341, -0.047267, 0.446747, -0.125006, -0.214124, -0.919025, 0.330974, -0.002831, 0.394928, -0.391355, -0.831188, -1.2e-05, 0.0, 0.0, 0.0, 1.0],
                [0.931176, 0.027976, 0.363493, -0.125006, -0.18464, -0.823528, 0.536386, -0.002831, 0.314352, -0.566585, -0.761685, -1.2e-05, 0.0, 0.0, 0.0, 1.0],
                [0.914114, -0.231887, 0.332601, -0.125006, -0.383611, -0.229004, 0.894651, -0.002831, -0.13129, -0.945402, -0.298291, -1.2e-05, 0.0, 0.0, 0.0, 1.0],
                [0.913085, -0.18821, 0.361734, -0.125006, -0.384741, -0.103764, 0.917173, -0.002831, -0.135086, -0.976632, -0.167158, -1.2e-05, 0.0, 0.0, 0.0, 1.0],
                [0.915555, -0.179875, 0.359727, -0.125006, -0.38692, -0.149795, 0.909865, -0.002831, -0.109777, -0.972217, -0.206743, -1.2e-05, 0.0, 0.0, 0.0, 1.0],
                [0.915993, -0.190604, 0.353025, -0.125006, -0.381465, -0.141242, 0.913529, -0.002831, -0.12426, -0.971453, -0.202086, -1.2e-05, 0.0, 0.0, 0.0, 1.0],
                [0.914974, -0.207998, 0.345773, -0.125006, -0.374758, -0.120354, 0.919278, -0.002831, -0.149593, -0.970697, -0.18807, -1.2e-05, 0.0, 0.0, 0.0, 1.0]
            ]
        },
        {
            "name": "Leg_L",
            "time": [0.0, 0.1667, 0.3333, 0.5, 0.6667, 0.8333, 1.0],
            "transform": [
                [0.999999, 0.0, -0.0, -0.0, 0.0, 0.862422, 0.50619, 0.37472, 0.0, -0.506189, 0.862423, 0.0, 0.0, 0.0, 0.0, 1.0],
                [0.999999, 0.0, -0.0, 0.0, -0.0, 0.546562, 0.837419, 0.37472, 0.0, -0.837418, 0.546562, -0.0, 0.0, 0.0, 0.0, 1.0],
                [1.0, 0.0, -0.0, 0.0, 0.0, 0.064423, 0.997923, 0.37472, 0.0, -0.997922, 0.064423, 0.0, 0.0, 0.0, 0.0, 1.0],
                [1.0, 0.0, -0.0, 0.0, 0.0, -0.200737, 0.979646, 0.37472, 0.0, -0.979645, -0.200737, 0.0, 0.0, 0.0, 0.0, 1.0],
                [1.0, 0.0, -0.0, 0.0, 0.0, -0.178144, 0.984005, 0.37472, 0.0, -0.984004, -0.178144, 0.0, 0.0, 0.0, 0.0, 1.0],
                [1.0, 0.0, -0.0, -0.0, 0.0, -0.180689, 0.983541, 0.37472, -0.0, -0.98354, -0.180689, -0.0, 0.0, 0.0, 0.0, 1.0],
                [1.0, 0.0, 0.0, 0.0, 0.0, -0.185275, 0.982687, 0.37472, 0.0, -0.982686, -0.185275, 0.0, 0.0, 0.0, 0.0, 1.0]
            ]
        },
        {
            "name": "Knee_L",
            "time": [0.0, 0.1667, 0.3333, 0.5, 0.6667, 0.8333, 1.0],
            "transform": [
                [1.0, 0.0, -0.0, -0.0, -0.0, 1e-06, -1.0, 0.37472, -0.0, 1.0, 1e-06, 0.0, 0.0, 0.0, 0.0, 1.0],
                [1.0, 0.0, -0.0, 0.0, -0.0, 1e-06, -1.0, 0.37472, -0.0, 1.0, 1e-06, -0.0, 0.0, 0.0, 0.0, 1.0],
                [1.0, 0.0, -0.0, 0.0, -0.0, 1e-06, -1.0, 0.37472, -0.0, 1.0, 1e-06, 0.0, 0.0, 0.0, 0.0, 1.0],
                [1.0, 0.0, -0.0, 0.0, -0.0, 1e-06, -1.0, 0.37472, -0.0, 1.0, 1e-06, 0.0, 0.0, 0.0, 0.0, 1.0],
                [1.0, 0.0, -0.0, 0.0, -0.0, 1e-06, -1.0, 0.37472, -0.0, 1.0, 1e-06, 0.0, 0.0, 0.0, 0.0, 1.0],
                [1.0, 0.0, -0.0, -0.0, -0.0, 1e-06, -1.0, 0.37472, -0.0, 1.0, 1e-06, -0.0, 0.0, 0.0, 0.0, 1.0],
                [1.0, 0.0, -0.0, 0.0, -0.0, 1e-06, -1.0, 0.37472, -0.0, 1.0, 1e-06, 0.0, 0.0, 0.0, 0.0, 1.0]
            ]
        },
        {
            "name": "Torso",
            "time": [0.0, 0.1667, 0.3333, 0.5, 0.6667, 0.8333, 1.0],
            "transform": [
                [0.701234, -0.067462, -0.709732, 0.0, 0.007342, 0.996144, -0.087433, 0.05, 0.712893, 0.056101, 0.699025, 0.0, 0.0, 0.0, 0.0, 1.0],
                [0.658443, -0.047385, -0.751138, 0.0, -0.00617, 0.997643, -0.068344, 0.05, 0.752605, 0.049635, 0.656598, 0.0, 0.0, 0.0, 0.0, 1.0],
                [0.591832, -0.053824, -0.804262, 0.0, -0.023038, 0.996231, -0.083624, 0.05, 0.805732, 0.06802, 0.588361, 0.0, 0.0, 0.0, 0.0, 1.0],
                [0.58505, -0.084072, -0.806628, 0.0, -0.030521, 0.991626, -0.12549, 0.05, 0.810423, 0.098037, 0.577584, 0.0, 0.0, 0.0, 0.0, 1.0],
                [0.600493, -0.085271, -0.795071, -0.0, -0.031325, 0.991026, -0.129946, 0.05, 0.799017, 0.102937, 0.592433, 0.0, 0.0, 0.0, 0.0, 1.0],
                [0.588931, -0.084333, -0.803771, -0.0, -0.030718, 0.991486, -0.126535, 0.05, 0.8076, 0.099211, 0.581326, 0.0, 0.0, 0.0, 0.0, 1.0],
                [0.569738, -0.083068, -0.817618, -0.0, -0.029661, 0.992152, -0.121469, 0.05, 0.821291, 0.093456, 0.562803, 0.0, 0.0, 0.0, 0.0, 1.0]
            ]
        },
        {
            "name": "Chest",
            "time": [0.0, 0.1667, 0.3333, 0.5, 0.6667, 0.8333, 1.0],
            "transform": [
                [0.961219, -0.076486, -0.264967, -0.0, 0.082772, 0.996489, 0.012623, 0.3, 0.263072, -0.034065, 0.964175, -0.0, 0.0, 0.0, 0.0, 1.0],
                [0.865413, -0.200592, -0.459156, -0.0, 0.291266, 0.947035, 0.135244, 0.3, 0.407707, -0.250778, 0.878001, 0.0, 0.0, 0.0, 0.0, 1.0],
                [0.856191, -0.513905, -0.053272, -0.0, 0.468904, 0.729617, 0.497784, 0.3, -0.216945, -0.451178, 0.865663, 0.0, 0.0, 0.0, 0.0, 1.0],
                [0.820662, -0.54551, -0.170098, -0.0, 0.527748, 0.609459, 0.591644, 0.3, -0.21908, -0.575309, 0.788051, -0.0, 0.0, 0.0, 0.0, 1.0],
                [0.83171, -0.525718, -0.17855, 0.0, 0.525591, 0.641882, 0.558338, 0.3, -0.17892, -0.55822, 0.810172, -0.0, 0.0, 0.0, 0.0, 1.0],
                [0.825284, -0.535185, -0.180228, 0.0, 0.534016, 0.635808, 0.557293, 0.3, -0.183664, -0.55617, 0.81052, -0.0, 0.0, 0.0, 0.0, 1.0],
                [0.816625, -0.54961, -0.176216, -0.0, 0.542499, 0.626702, 0.559409, 0.3, -0.197021, -0.552425, 0.809944, -0.0, 0.0, 0.0, 0.0, 1.0]
            ]
        },
        {
            "name": "Head",
            "time": [0.0, 0.1667, 0.3333, 0.5, 0.6667, 0.8333, 1.0],
            "transform": [
                [0.548036, 0.020691, 0.836198, 0.0, -0.120729, 0.991183, 0.054599, 0.4, -0.827695, -0.130875, 0.545703, -0.0, 0.0, 0.0, 0.0, 1.0],
                [0.36575, 0.211461, 0.906373, 0.0, 0.008614, 0.973037, -0.23049, 0.4, -0.930673, 0.092109, 0.354067, 0.0, 0.0, 0.0, 0.0, 1.0],
                [0.775964, 0.327275, 0.539231, 0.0, -0.055898, 0.887184, -0.458018, 0.4, -0.628295, 0.325264, 0.706717, -0.0, 0.0, 0.0, 0.0, 1.0],
                [0.823715, -0.0033, 0.566994, 0.0, 0.167486, 0.956777, -0.237751, 0.4, -0.541702, 0.290803, 0.788665, -0.0, 0.0, 0.0, 0.0, 1.0],
                [0.825038, -0.09429, 0.557155, 0.0, 0.223506, 0.960028, -0.168498, 0.4, -0.518997, 0.263545, 0.813134, -0.0, 0.0, 0.0, 0.0, 1.0],
                [0.838688, -0.075804, 0.539311, 0.0, 0.219701, 0.953206, -0.20768, 0.4, -0.498331, 0.292666, 0.816096, -0.0, 0.0, 0.0, 0.0, 1.0],
                [0.854743, -0.026901, 0.518354, 0.0, 0.195458, 0.941826, -0.273423, 0.4, -0.480844, 0.335022, 0.810278, 0.0, 0.0, 0.0, 0.0, 1.0]
            ]
        },
        {
            "name": "Shoulder_R",
            "time": [0.0, 0.1667, 0.3333, 0.5, 0.6667, 0.8333, 1.0],
            "transform": [
                [0.292901, 0.909185, -0.295956, 0.0, 0.747626, -0.410733, -0.521876, 0.4, -0.59604, -0.068407, -0.800036, -0.0, 0.0, 0.0, 0.0, 1.0],
                [0.020084, 0.752486, -0.658302, 0.0, 0.831694, -0.377993, -0.406701, 0.4, -0.55487, -0.539337, -0.633431, 0.0, 0.0, 0.0, 0.0, 1.0],
                [0.012744, 0.852604, -0.522402, 0.0, 0.870132, -0.266861, -0.414313, 0.4, -0.492653, -0.449279, -0.745279, -0.0, 0.0, 0.0, 0.0, 1.0],
                [0.019811, 0.889324, -0.456847, 0.0, 0.772579, -0.303649, -0.5576, 0.4, -0.634609, -0.341904, -0.69309, -0.0, 0.0, 0.0, 0.0, 1.0],
                [0.067696, 0.92541, -0.372871, 0.0, 0.774236, -0.284441, -0.565377, 0.4, -0.629265, -0.250416, -0.735742, -0.0, 0.0, 0.0, 0.0, 1.0],
                [0.051934, 0.919794, -0.388949, 0.0, 0.785399, -0.278175, -0.552963, 0.4, -0.616808, -0.276762, -0.736852, -0.0, 0.0, 0.0, 0.0, 1.0],
                [0.021452, 0.903897, -0.427212, 0.0, 0.800913, -0.271297, -0.533795, 0.4, -0.598396, -0.330708, -0.729763, 0.0, 0.0, 0.0, 0.0, 1.0]
            ]
        },
        {
            "name": "Arm_R",
            "time": [0.0, 0.1667, 0.3333, 0.5, 0.6667, 0.8333, 1.0],
            "transform": [
                [0.386234, -0.818539, 0.425228, -0.0, 0.755358, 0.545257, 0.363495, 0.39386, -0.529393, 0.180806, 0.828886, 0.0, 0.0, 0.0, 0.0, 1.0],
                [0.907312, -0.32358, 0.268478, 0.0, 0.336725, 0.941599, -0.003101, 0.393861, -0.251795, 0.093217, 0.96328, 0.0, 0.0, 0.0, 0.0, 1.0],
                [0.671851, -0.589715, 0.448167, 0.0, 0.355975, 0.787688, 0.502822, 0.39386, -0.649537, -0.178285, 0.739132, -0.0, 0.0, 0.0, 0.0, 1.0],
                [0.672139, -0.501861, 0.544394, 0.0, 0.393204, 0.864938, 0.311888, 0.39386, -0.627391, 0.004426, 0.778692, -0.0, 0.0, 0.0, 0.0, 1.0],
                [0.722793, -0.443784, 0.529741, 0.0, 0.412529, 0.892074, 0.184458, 0.39386, -0.554428, 0.085209, 0.827858, 0.0, 0.0, 0.0, 0.0, 1.0],
                [0.701532, -0.471432, 0.534419, 0.0, 0.423712, 0.878898, 0.219103, 0.39386, -0.572992, 0.072732, 0.816327, -0.0, 0.0, 0.0, 0.0, 1.0],
                [0.661607, -0.519793, 0.540455, -0.0, 0.43075, 0.853419, 0.293481, 0.393861, -0.613784, 0.038632, 0.788528, 0.0, 0.0, 0.0, 0.0, 1.0]
            ]
        },
        {
            "name": "Hand_R",
            "time": [0.0, 0.1667, 0.3333, 0.5, 0.6667, 0.8333, 1.0],
            "transform": [
                [1.0, 0.0, 1e-06, -0.0, 0.0, 0.76617, -0.642639, 0.3, -1e-06, 0.64264, 0.766169, 0.0, 0.0, 0.0, 0.0, 1.0],
                [1.0, 0.0, 1e-06, -0.0, 0.0, 0.74313, -0.669147, 0.3, -1e-06, 0.669148, 0.743129, -0.0, 0.0, 0.0, 0.0, 1.0],
                [1.0, 0.0, 1e-06, -0.0, 1e-06, 0.702389, -0.711794, 0.3, -1e-06, 0.711794, 0.702388, 0.0, 0.0, 0.0, 0.0, 1.0],
                [1.0, 0.0, 1e-06, 0.0, 0.0, 0.890987, -0.454029, 0.3, -1e-06, 0.454029, 0.890987, -0.0, 0.0, 0.0, 0.0, 1.0],
                [1.0, 0.0, 1e-06, 0.0, 0.0, 0.887714, -0.460396, 0.3, -1e-06, 0.460395, 0.887714, 0.0, 0.0, 0.0, 0.0, 1.0],
                [1.0, 0.0, 1e-06, 0.0, 0.0, 0.866112, -0.49985, 0.3, -1e-06, 0.49985, 0.866112, 0.0, 0.0, 0.0, 0.0, 1.0],
                [1.0, 0.0, 1e-06, -0.0, 0.0, 0.830965, -0.556325, 0.3, -1e-06, 0.556324, 0.830966, -0.0, 0.0, 0.0, 0.0, 1.0]
            ]
        },
        {
            "name": "Tool_R",
            "time": [0.0, 0.1667, 0.3333, 0.5, 0.6667, 0.8333, 1.0],
            "transform": [
                [0.955091, 0.1232, -0.270917, -0.0, -0.262999, -0.078886, -0.96103, 0.272858, -0.139821, 0.98878, -0.042876, -0.0, 0.0, 0.0, 0.0, 1.0],
                [0.454628, -0.889626, -0.047602, 0.0, -0.016316, 0.045159, -0.998254, 0.272858, 0.890532, 0.454455, 0.005994, -0.0, 0.0, 0.0, 0.0, 1.0],
                [0.868337, -0.381717, -0.316851, -0.0, -0.401593, -0.165521, -0.900271, 0.272858, 0.291057, 0.909338, -0.296534, 0.0, 0.0, 0.0, 0.0, 1.0],
                [0.940395, 0.09635, -0.326012, -0.0, -0.303064, -0.198221, -0.931612, 0.272858, -0.154299, 0.975412, -0.156941, 0.0, 0.0, 0.0, 0.0, 1.0],
                [0.943775, 0.051756, -0.326347, -0.0, -0.310927, -0.196944, -0.929294, 0.272858, -0.112307, 0.979048, -0.169493, 0.0, 0.0, 0.0, 0.0, 1.0],
                [0.944945, 0.002297, -0.327036, -0.0, -0.320635, -0.193408, -0.926738, 0.272858, -0.065345, 0.981116, -0.181717, -0.0, 0.0, 0.0, 0.0, 1.0],
                [0.942424, -0.073191, -0.326137, 0.0, -0.334364, -0.188312, -0.922935, 0.272858, 0.006128, 0.979378, -0.201602, -0.0, 0.0, 0.0, 0.0, 1.0]
            ]
        },
        {
            "name": "Elbow_R",
            "time": [0.0, 0.1667, 0.3333, 0.5, 0.6667, 0.8333, 1.0],
            "transform": [
                [-1.0, 0.0, -0.0, -0.0, 0.0, -0.0, -1.0, 0.3, -0.0, -1.0, 0.0, 0.0, 0.0, 0.0, 0.0, 1.0],
                [-1.0, 0.0, 0.0, -0.0, -0.0, 0.0, -1.0, 0.3, -0.0, -1.0, 0.0, -0.0, 0.0, 0.0, 0.0, 1.0],
                [-1.0, 0.0, -0.0, -0.0, 0.0, -0.0, -1.0, 0.3, -0.0, -1.0, 0.0, 0.0, 0.0, 0.0, 0.0, 1.0],
                [-1.0, 0.0, 0.0, 0.0, 0.0, -0.0, -1.0, 0.3, -0.0, -1.0, 0.0, -0.0, 0.0, 0.0, 0.0, 1.0],
                [-1.0, 0.0, -0.0, 0.0, 0.0, -0.0, -1.0, 0.3, -0.0, -1.0, 0.0, 0.0, 0.0, 0.0, 0.0, 1.0],
                [-1.0, 0.0, -0.0, 0.0, 0.0, -0.0, -1.0, 0.3, -0.0, -1.0, 0.0, 0.0, 0.0, 0.0, 0.0, 1.0],
                [-1.0, 0.0, -0.0, -0.0, 0.0, -0.0, -1.0, 0.3, -0.0, -1.0, 0.0, -0.0, 0.0, 0.0, 0.0, 1.0]
            ]
        },
        {
            "name": "Shoulder_L",
            "time": [0.0, 0.1667, 0.3333, 0.5, 0.6667, 0.8333, 1.0],
            "transform": [
                [0.326671, -0.942259, 0.073834, 0.0, -0.863656, -0.329323, -0.38166, 0.4, 0.383951, 0.060911, -0.921323, -0.0, 0.0, 0.0, 0.0, 1.0],
                [0.015047, -0.998918, -0.044186, 0.0, -0.981751, -0.006377, -0.190145, 0.4, 0.189663, 0.046242, -0.980737, 0.0, 0.0, 0.0, 0.0, 1.0],
                [-0.128727, -0.989039, 0.072349, 0.0, -0.980001, 0.115685, -0.162086, 0.4, 0.151949, -0.091767, -0.984089, -0.0, 0.0, 0.0, 0.0, 1.0],
                [-0.240529, -0.968643, 0.062275, 0.0, -0.890366, 0.194613, -0.411601, 0.4, 0.386601, -0.15445, -0.909198, -0.0, 0.0, 0.0, 0.0, 1.0],
                [-0.250497, -0.952687, 0.172162, 0.0, -0.902893, 0.165695, -0.396702, 0.4, 0.34943, -0.254816, -0.901622, -0.0, 0.0, 0.0, 0.0, 1.0],
                [-0.23448, -0.958261, 0.163571, 0.0, -0.915219, 0.160852, -0.369525, 0.4, 0.327813, -0.236349, -0.914675, -0.0, 0.0, 0.0, 0.0, 1.0],
                [-0.210433, -0.968603, 0.132391, 0.0, -0.930316, 0.156768, -0.331643, 0.4, 0.300496, -0.192953, -0.934035, 0.0, 0.0, 0.0, 0.0, 1.0]
            ]
        },
        {
            "name": "Arm_L",
            "time": [0.0, 0.1667, 0.3333, 0.5, 0.6667, 0.8333, 1.0],
            "transform": [
                [0.589822, 0.802052, -0.093748, -0.0, -0.801606, 0.595564, 0.051919, 0.39386, 0.09747, 0.044524, 0.994278, 0.0, 0.0, 0.0, 0.0, 1.0],
                [0.769659, 0.636735, 0.046444, -0.0, -0.618314, 0.761554, -0.194143, 0.39386, -0.158981, 0.120703, 0.97991, 0.0, 0.0, 0.0, 0.0, 1.0],
                [0.702682, -0.130714, -0.699425, 0.0, -0.013373, 0.980334, -0.196676, 0.39386, 0.711398, 0.14754, 0.687158, -0.0, 0.0, 0.0, 0.0, 1.0],
                [0.183816, -0.058329, -0.981263, -0.0, 0.074499, 0.996132, -0.045268, 0.39386, 0.980162, -0.064774, 0.187463, -0.0, 0.0, 0.0, 0.0, 1.0],
                [0.230974, -0.017038, -0.972845, 0.0, 0.155239, 0.987624, 0.019557, 0.39386, 0.960524, -0.155522, 0.230776, 0.0, 0.0, 0.0, 0.0, 1.0],
                [0.263678, -0.046785, -0.96351, -0.0, 0.161036, 0.986882, -0.003859, 0.39386, 0.951101, -0.154124, 0.267772, -0.0, 0.0, 0.0, 0.0, 1.0],
                [0.313467, -0.094733, -0.944896, -0.0, 0.150356, 0.987353, -0.049127, 0.39386, 0.937647, -0.126656, 0.323768, -0.0, 0.0, 0.0, 0.0, 1.0]
            ]
        },
        {
            "name": "Hand_L",
            "time": [0.0, 0.1667, 0.3333, 0.5, 0.6667, 0.8333, 1.0],
            "transform": [
                [0.999991, -8e-06, -1.6e-05, 0.0, -1e-06, 0.852985, -0.521942, 0.3, 1.8e-05, 0.521939, 0.85299, -0.0, 0.0, 0.0, 0.0, 1.0],
                [0.999991, -1e-05, -1.5e-05, -0.0, -1e-06, 0.787863, -0.615857, 0.3, 1.8e-05, 0.615853, 0.787868, -0.0, 0.0, 0.0, 0.0, 1.0],
                [0.999996, -1.8e-05, -1e-06, 0.0, -2e-06, -0.064549, -0.997978, 0.3, 1.8e-05, 0.997854, -0.064557, -0.0, 0.0, 0.0, 0.0, 1.0],
                [0.999968, -1.8e-05, -2e-06, -0.0, -2e-06, 0.014662, -1.000018, 0.3, 1.8e-05, 0.999799, 0.014665, -0.0, 0.0, 0.0, 0.0, 1.0],
                [0.999969, -1.8e-05, -2e-06, 0.0, -2e-06, 0.012908, -1.000041, 0.3, 1.8e-05, 0.999824, 0.012911, 0.0, 0.0, 0.0, 0.0, 1.0],
                [0.99997, -1.8e-05, -2e-06, -0.0, -1e-06, 0.010475, -1.000068, 0.3, 1.8e-05, 0.999852, 0.010477, -0.0, 0.0, 0.0, 0.0, 1.0],
                [0.999972, -1.9e-05, -2e-06, 0.0, -1e-06, 0.00715, -1.000093, 0.3, 1.9e-05, 0.999884, 0.007152, 0.0, 0.0, 0.0, 0.0, 1.0]
            ]
        },
        {
            "name": "Tool_L",
            "time": [0.0, 0.1667, 0.3333, 0.5, 0.6667, 0.8333, 1.0],
            "transform": [
                [-0.345062, -0.917062, -0.201491, 0.0, 0.26335, 0.111674, -0.957717, 0.272858, 0.900494, -0.383618, 0.202628, -0.0, 0.0, 0.0, 0.0, 1.0],
                [-0.680123, -0.57055, -0.460502, 0.0, 0.533967, 0.045524, -0.843872, 0.272858, 0.502277, -0.820011, 0.27323, -0.0, 0.0, 0.0, 0.0, 1.0],
                [0.143722, -0.423776, -0.893939, -0.0, 0.973501, -0.10227, 0.204732, 0.272858, -0.178089, -0.899931, 0.397223, -0.0, 0.0, 0.0, 0.0, 1.0],
                [0.331062, -0.396862, -0.85582, -0.0, 0.943257, 0.114455, 0.3116, 0.272858, -0.025684, -0.91063, 0.411657, 0.0, 0.0, 0.0, 0.0, 1.0],
                [0.348241, -0.411343, -0.84207, 0.0, 0.936342, 0.109813, 0.333355, 0.272858, -0.044617, -0.904759, 0.422807, 0.0, 0.0, 0.0, 0.0, 1.0],
                [0.340769, -0.400809, -0.850154, 0.0, 0.939186, 0.104163, 0.327115, 0.272858, -0.042521, -0.910138, 0.411349, 0.0, 0.0, 0.0, 0.0, 1.0],
                [0.320867, -0.38882, -0.86334, 0.0, 0.946229, 0.091807, 0.310092, 0.272858, -0.041275, -0.916647, 0.396801, 0.0, 0.0, 0.0, 0.0, 1.0]
            ]
        },
        {
            "name": "Elbow_L",
            "time": [0.0, 0.1667, 0.3333, 0.5, 0.6667, 0.8333, 1.0],
            "transform": [
                [-1.0, 0.0, -0.0, 0.0, 0.0, -0.0, -1.0, 0.3, -0.0, -1.0, -0.0, -0.0, 0.0, 0.0, 0.0, 1.0],
                [-1.0, 0.0, -0.0, -0.0, 0.0, -0.0, -1.0, 0.3, -0.0, -1.0, -0.0, -0.0, 0.0, 0.0, 0.0, 1.0],
                [-1.0, 0.0, -0.0, 0.0, 0.0, -0.0, -1.0, 0.3, -0.0, -1.0, -0.0, -0.0, 0.0, 0.0, 0.0, 1.0],
                [-1.0, 0.0, -0.0, -0.0, 0.0, -0.0, -1.0, 0.3, -0.0, -1.0, -0.0, -0.0, 0.0, 0.0, 0.0, 1.0],
                [-1.0, 0.0, -0.0, 0.0, 0.0, -0.0, -1.0, 0.3, -0.0, -1.0, -0.0, 0.0, 0.0, 0.0, 0.0, 1.0],
                [-1.0, 0.0, -0.0, -0.0, 0.0, -0.0, -1.0, 0.3, -0.0, -1.0, -0.0, -0.0, 0.0, 0.0, 0.0, 1.0],
                [-1.0, 0.0, -0.0, 0.0, 0.0, -0.0, -1.0, 0.3, -0.0, -1.0, -0.0, 0.0, 0.0, 0.0, 0.0, 1.0]
            ]
        }
    ]
}