{
    "animation": [
        {
            "name": "Root",
            "time": [0.0, 0.1667, 0.3333, 0.5, 0.6667, 0.8333, 1.0],
            "transform": [
                [1.0, -0.0, 0.0, -2.2e-05, 0.0, -0.0, -1.0, 4.1e-05, 0.0, 1.0, -0.0, 0.408832, 0.0, 0.0, 0.0, 1.0],
                [1.0, -0.0, 0.0, 0.006238, 0.0, -0.0, -1.0, -0.236682, 0.0, 1.0, -0.0, 0.429391, 0.0, 0.0, 0.0, 1.0],
                [1.0, -0.0, 0.0, 0.013183, 0.0, -0.0, -1.0, -0.389182, 0.0, 1.0, -0.0, 0.499291, 0.0, 0.0, 0.0, 1.0],
                [1.0, -0.0, 0.0, 0.020582, 0.0, -0.0, -1.0, -0.418881, 0.0, 1.0, -0.0, 0.589749, 0.0, 0.0, 0.0, 1.0],
                [1.0, -0.0, 0.0, 0.02464, 0.0, -0.0, -1.0, -0.4286, 0.0, 1.0, -0.0, 0.618531, 0.0, 0.0, 0.0, 1.0],
                [1.0, -0.0, 0.0, 0.027929, 0.0, -0.0, -1.0, -0.433059, 0.0, 1.0, -0.0, 0.626755, 0.0, 0.0, 0.0, 1.0],
                [1.0, -0.0, 0.0, 0.031023, 0.0, -0.0, -1.0, -0.437703, 0.0, 1.0, -0.0, 0.610308, 0.0, 0.0, 0.0, 1.0]
            ]
        },
        {
            "name": "Thigh_R",
            "time": [0.0, 0.1667, 0.3333, 0.5, 0.6667, 0.8333, 1.0],
            "transform": [
                [0.566689, 0.646433, 0.51087, 0.124994, 0.655793, -0.72924, 0.195303, -0.002831, 0.498797, 0.224349, -0.837179, -1.2e-05, 0.0, 0.0, 0.0, 1.0],
                [0.627019, 0.657925, 0.417111, 0.124994, 0.483121, -0.748456, 0.454321, -0.002831, 0.611098, -0.083352, -0.787154, -1.2e-05, 0.0, 0.0, 0.0, 1.0],
                [0.658635, 0.584045, 0.474438, 0.124994, 0.326693, -0.789941, 0.518908, -0.002831, 0.677844, -0.186774, -0.711086, -1.2e-05, 0.0, 0.0, 0.0, 1.0],
                [0.647956, 0.417065, 0.637346, 0.124994, 0.263813, -0.907858, 0.325878, -0.002831, 0.714532, -0.043014, -0.698279, -1.2e-05, 0.0, 0.0, 0.0, 1.0],
                [0.658114, 0.33221, 0.675664, 0.124994, 0.255889, -0.942666, 0.214247, -0.002831, 0.7081, 0.031896, -0.705391, -1.2e-05, 0.0, 0.0, 0.0, 1.0],
                [0.619481, 0.297022, 0.726651, 0.124994, 0.256227, -0.951465, 0.170478, -0.002831, 0.742019, 0.08058, -0.665519, -1.2e-05, 0.0, 0.0, 0.0, 1.0],
                [0.531963, 0.239081, 0.812315, 0.124994, 0.271138, -0.956897, 0.104075, -0.002831, 0.802185, 0.164886, -0.573857, -1.2e-05, 0.0, 0.0, 0.0, 1.0]
            ]
        },
        {
            "name": "Leg_R",
            "time": [0.0, 0.1667, 0.3333, 0.5, 0.6667, 0.8333, 1.0],
            "transform": [
                [1.0, 0.0, -0.0, 0.0, 0.0, 0.233812, 0.972282, 0.37472, 0.0, -0.972282, 0.233812, 0.0, 0.0, 0.0, 0.0, 1.0],
                [1.0, -0.0, -0.0, 0.0, 0.0, 0.057229, 0.998361, 0.37472, -0.0, -0.998361, 0.057229, -0.0, 0.0, 0.0, 0.0, 1.0],
                [1.0, -0.0, 0.0, -0.0, 0.0, 0.215112, 0.976589, 0.37472, 0.0, -0.97659, 0.215112, -0.0, 0.0, 0.0, 0.0, 1.0],
                [1.0, 0.0, -0.0, 0.0, 0.0, 0.657993, 0.753024, 0.37472, 0.0, -0.753025, 0.657992, 0.0, 0.0, 0.0, 0.0, 1.0],
                [1.0, 0.0, -0.0, 0.0, -0.0, 0.836665, 0.547715, 0.37472, 0.0, -0.547715, 0.836665, 0.0, 0.0, 0.0, 0.0, 1.0],
                [1.0, 0.0, -0.0, 0.0, -0.0, 0.884333, 0.466857, 0.37472, 0.0, -0.466857, 0.884332, 0.0, 0.0, 0.0, 0.0, 1.0],
                [1.0, -0.0, -0.0, -0.0, -0.0, 0.932178, 0.361999, 0.37472, 0.0, -0.361999, 0.932178, -0.0, 0.0, 0.0, 0.0, 1.0]
            ]
        },
        {
            "name": "Knee_R",
            "time": [0.0, 0.1667, 0.3333, 0.5, 0.6667, 0.8333, 1.0],
            "transform": [
                [1.0, 0.0, -0.0, 0.0, -0.0, 1e-06, -1.0, 0.37472, -0.0, 1.0, 1e-06, 0.0, 0.0, 0.0, 0.0, 1.0],
                [1.0, 0.0, -0.0, 0.0, -0.0, 1e-06, -1.0, 0.37472, -0.0, 1.0, 1e-06, -0.0, 0.0, 0.0, 0.0, 1.0],
                [1.0, 0.0, -0.0, -0.0, -0.0, 1e-06, -1.0, 0.37472, -0.0, 1.0, 1e-06, -0.0, 0.0, 0.0, 0.0, 1.0],
                [1.0, 0.0, -0.0, 0.0, -0.0, 1e-06, -1.0, 0.37472, -0.0, 1.0, 1e-06, 0.0, 0.0, 0.0, 0.0, 1.0],
                [1.0, 0.0, -0.0, 0.0, -0.0, 1e-06, -1.0, 0.37472, -0.0, 1.0, 1e-06, 0.0, 0.0, 0.0, 0.0, 1.0],
                [1.0, 0.0, -0.0, 0.0, -0.0, 1e-06, -1.0, 0.37472, -0.0, 1.0, 1e-06, 0.0, 0.0, 0.0, 0.0, 1.0],
                [1.0, 0.0, -0.0, -0.0, -0.0, 1e-06, -1.0, 0.37472, -0.0, 1.0, 1e-06, -0.0, 0.0, 0.0, 0.0, 1.0]
            ]
        },
        {
            "name": "Thigh_L",
            "time": [0.0, 0.1667, 0.3333, 0.5, 0.6667, 0.8333, 1.0],
            "transform": [
                [0.914486, -0.213621, 0.343631, -0.125006, -0.373262, -0.117583, 0.920244, -0.002831, -0.156178, -0.969815, -0.187265, -1.2e-05, 0.0, 0.0, 0.0, 1.0],
                [0.923235, -0.149929, 0.353777, -0.125006, -0.381089, -0.239706, 0.892924, -0.002831, -0.049073, -0.959198, -0.278442, -1.2e-05, 0.0, 0.0, 0.0, 1.0],
                [0.903788, -0.119107, 0.411073, -0.125006, -0.41108, -0.508847, 0.756365, -0.002831, 0.119085, -0.852577, -0.508853, -1.2e-05, 0.0, 0.0, 0.0, 1.0],
                [0.866785, 0.065536, 0.494356, -0.125006, -0.218302, -0.841428, 0.494311, -0.002831, 0.44836, -0.536381, -0.715031, -1.2e-05, 0.0, 0.0, 0.0, 1.0],
                [0.906386, -0.060375, 0.418112, -0.125006, -0.200967, -0.932192, 0.301049, -0.002831, 0.371585, -0.356893, -0.857059, -1.2e-05, 0.0, 0.0, 0.0, 1.0],
                [0.911841, -0.095247, 0.399342, -0.125006, -0.20071, -0.951969, 0.231239, -0.002831, 0.358136, -0.291005, -0.887161, -1.2e-05, 0.0, 0.0, 0.0, 1.0],
                [0.893411, -0.047267, 0.446747, -0.125006, -0.214124, -0.919025, 0.330974, -0.002831, 0.394928, -0.391355, -0.831188, -1.2e-05, 0.0, 0.0, 0.0, 1.0]
            ]
        },
        {
            "name": "Leg_L",
            "time": [0.0, 0.1667, 0.3333, 0.5, 0.6667, 0.8333, 1.0],
            "transform": [
                [1.0, -0.0, 0.0, 0.0, -0.0, -0.185932, 0.982562, 0.37472, -0.0, -0.982563, -0.185932, -0.0, 0.0, 0.0, 0.0, 1.0],
                [1.0, 0.0, 0.0, -0.0, -0.0, 0.296689, 0.954974, 0.37472, -0.0, -0.954974, 0.296689, 0.0, 0.0, 0.0, 0.0, 1.0],
                [1.0, 0.0, 0.0, 0.0, -0.0, 0.642784, 0.766048, 0.37472, -0.0, -0.766048, 0.642784, -0.0, 0.0, 0.0, 0.0, 1.0],
                [1.0, 0.0, 0.0, -0.0, -0.0, 0.606732, 0.794906, 0.37472, -0.0, -0.794907, 0.606731, -0.0, 0.0, 0.0, 0.0, 1.0],
                [1.0, 0.0, 0.0, 0.0, -0.0, 0.894155, 0.447757, 0.37472, -0.0, -0.447757, 0.894155, -0.0, 0.0, 0.0, 0.0, 1.0],
                [1.0, 0.0, 0.0, 0.0, -0.0, 0.949921, 0.31249, 0.37472, -0.0, -0.31249, 0.949921, -0.0, 0.0, 0.0, 0.0, 1.0],
                [1.0, 0.0, 0.0, 0.0, -0.0, 0.862422, 0.50619, 0.37472, -0.0, -0.506189, 0.862423, 0.0, 0.0, 0.0, 0.0, 1.0]
            ]
        },
        {
            "name": "Knee_L",
            "time": [0.0, 0.1667, 0.3333, 0.5, 0.6667, 0.8333, 1.0],
            "transform": [
                [1.0, 0.0, -0.0, 0.0, -0.0, 1e-06, -1.0, 0.37472, -0.0, 1.0, 1e-06, -0.0, 0.0, 0.0, 0.0, 1.0],
                [1.0, 0.0, -0.0, -0.0, -0.0, 1e-06, -1.0, 0.37472, -0.0, 1.0, 1e-06, 0.0, 0.0, 0.0, 0.0, 1.0],
                [1.0, 0.0, -0.0, 0.0, -0.0, 1e-06, -1.0, 0.37472, -0.0, 1.0, 1e-06, -0.0, 0.0, 0.0, 0.0, 1.0],
                [1.0, 0.0, -0.0, -0.0, -0.0, 1e-06, -1.0, 0.37472, -0.0, 1.0, 1e-06, -0.0, 0.0, 0.0, 0.0, 1.0],
                [1.0, 0.0, -0.0, 0.0, -0.0, 1e-06, -1.0, 0.37472, -0.0, 1.0, 1e-06, -0.0, 0.0, 0.0, 0.0, 1.0],
                [1.0, 0.0, -0.0, 0.0, -0.0, 1e-06, -1.0, 0.37472, -0.0, 1.0, 1e-06, -0.0, 0.0, 0.0, 0.0, 1.0],
                [1.0, 0.0, -0.0, 0.0, -0.0, 1e-06, -1.0, 0.37472, -0.0, 1.0, 1e-06, 0.0, 0.0, 0.0, 0.0, 1.0]
            ]
        },
        {
            "name": "Torso",
            "time": [0.0, 0.1667, 0.3333, 0.5, 0.6667, 0.8333, 1.0],
            "transform": [
                [0.566504, -0.082881, -0.819881, -0.0, -0.029419, 0.992261, -0.120634, 0.05, 0.823534, 0.092459, 0.559681, 0.0, 0.0, 0.0, 0.0, 1.0],
                [0.59533, -0.042308, -0.802367, 0.0, -0.022372, 0.997353, -0.069189, 0.05, 0.80317, 0.059141, 0.592807, -0.0, 0.0, 0.0, 0.0, 1.0],
                [0.624686, -0.027868, -0.780378, 0.0, -0.01544, 0.998727, -0.048026, 0.05, 0.780723, 0.04205, 0.623461, 0.0, 0.0, 0.0, 0.0, 1.0],
                [0.658392, -0.047387, -0.751182, 0.0, -0.006172, 0.997643, -0.068344, 0.05, 0.75265, 0.049634, 0.656547, 0.0, 0.0, 0.0, 0.0, 1.0],
                [0.721828, -0.055252, -0.689863, -0.0, 0.003946, 0.99712, -0.075733, 0.05, 0.692061, 0.051944, 0.719967, 0.0, 0.0, 0.0, 0.0, 1.0],
                [0.731241, -0.06151, -0.67934, 0.0, 0.008059, 0.996635, -0.081564, 0.05, 0.682071, 0.054168, 0.729277, 0.0, 0.0, 0.0, 0.0, 1.0],
                [0.701234, -0.067462, -0.709732, 0.0, 0.007342, 0.996144, -0.087433, 0.05, 0.712893, 0.056101, 0.699025, 0.0, 0.0, 0.0, 0.0, 1.0]
            ]
        },
        {
            "name": "Chest",
            "time": [0.0, 0.1667, 0.3333, 0.5, 0.6667, 0.8333, 1.0],
            "transform": [
                [0.814573, -0.553426, -0.173755, -0.0, 0.544113, 0.625193, 0.559531, 0.3, -0.201028, -0.550321, 0.810392, -0.0, 0.0, 0.0, 0.0, 1.0],
                [0.868642, -0.454543, -0.19711, 0.0, 0.490505, 0.732982, 0.471319, 0.3, -0.069757, -0.506091, 0.859655, -0.0, 0.0, 0.0, 0.0, 1.0],
                [0.903498, -0.357984, -0.235668, 0.0, 0.424364, 0.824256, 0.374855, 0.3, 0.060059, -0.43869, 0.896629, -0.0, 0.0, 0.0, 0.0, 1.0],
                [0.922576, -0.277971, -0.267554, 0.0, 0.349823, 0.895161, 0.276246, 0.3, 0.162715, -0.348454, 0.923094, 0.0, 0.0, 0.0, 0.0, 1.0],
                [0.937781, -0.214115, -0.273353, 0.0, 0.269098, 0.945675, 0.182444, 0.3, 0.219439, -0.244652, 0.944453, 0.0, 0.0, 0.0, 0.0, 1.0],
                [0.952589, -0.149978, -0.264727, -0.0, 0.18049, 0.978995, 0.094834, 0.3, 0.244943, -0.138118, 0.959649, 0.0, 0.0, 0.0, 0.0, 1.0],
                [0.961219, -0.076484, -0.264967, 0.0, 0.082771, 0.996489, 0.012624, 0.3, 0.263071, -0.034066, 0.964174, -0.0, 0.0, 0.0, 0.0, 1.0]
            ]
        },
        {
            "name": "Head",
            "time": [0.0, 0.1667, 0.3333, 0.5, 0.6667, 0.8333, 1.0],
            "transform": [
                [0.857636, -0.02032, 0.513856, -0.0, 0.192535, 0.939233, -0.284204, 0.4, -0.476855, 0.342679, 0.809432, -0.0, 0.0, 0.0, 0.0, 1.0],
                [0.731019, -0.006253, 0.682329, 0.0, 0.223666, 0.946909, -0.230948, 0.4, -0.644659, 0.321441, 0.693607, 0.0, 0.0, 0.0, 0.0, 1.0],
                [0.571274, 0.019243, 0.820534, -0.0, 0.211973, 0.96235, -0.17015, 0.4, -0.792915, 0.271133, 0.545687, -0.0, 0.0, 0.0, 0.0, 1.0],
                [0.457894, 0.05396, 0.887368, 0.0, 0.136399, 0.982074, -0.130102, 0.4, -0.878481, 0.180609, 0.442326, -0.0, 0.0, 0.0, 0.0, 1.0],
                [0.578853, 0.108308, 0.808207, 0.0, -0.008816, 0.991913, -0.126612, 0.4, -0.815384, 0.066164, 0.575126, 0.0, 0.0, 0.0, 0.0, 1.0],
                [0.612764, 0.093711, 0.78469, -0.0, -0.083801, 0.995051, -0.053393, 0.4, -0.78581, -0.033041, 0.617584, -0.0, 0.0, 0.0, 0.0, 1.0],
                [0.548037, 0.02069, 0.836198, 0.0, -0.120727, 0.991183, 0.054599, 0.4, -0.827696, -0.130874, 0.545703, 0.0, 0.0, 0.0, 0.0, 1.0]
            ]
        },
        {
            "name": "Shoulder_R",
            "time": [0.0, 0.1667, 0.3333, 0.5, 0.6667, 0.8333, 1.0],
            "transform": [
                [0.016708, 0.901524, -0.432405, -0.0, 0.803623, -0.26942, -0.530663, 0.4, -0.594904, -0.338624, -0.728987, -0.0, 0.0, 0.0, 0.0, 1.0],
                [-0.354841, 0.641531, -0.680092, 0.0, 0.708358, -0.290275, -0.643405, 0.4, -0.610178, -0.710055, -0.351432, 0.0, 0.0, 0.0, 0.0, 1.0],
                [-0.405547, 0.492546, -0.770019, -0.0, 0.717779, -0.349998, -0.60191, 0.4, -0.565974, -0.796807, -0.211598, -0.0, 0.0, 0.0, 0.0, 1.0],
                [-0.107724, 0.605572, -0.788465, 0.0, 0.75192, -0.469208, -0.4631, 0.4, -0.650395, -0.642749, -0.404796, -0.0, 0.0, 0.0, 0.0, 1.0],
                [0.26943, 0.736858, -0.620038, 0.0, 0.758015, -0.559392, -0.335399, 0.4, -0.593986, -0.379632, -0.709266, 0.0, 0.0, 0.0, 0.0, 1.0],
                [0.385551, 0.825079, -0.413031, -0.0, 0.763605, -0.5366, -0.359121, 0.4, -0.517936, -0.176933, -0.836921, -0.0, 0.0, 0.0, 0.0, 1.0],
                [0.2929, 0.909186, -0.295955, 0.0, 0.747627, -0.410731, -0.521875, 0.4, -0.59604, -0.068407, -0.800036, 0.0, 0.0, 0.0, 0.0, 1.0]
            ]
        },
        {
            "name": "Arm_R",
            "time": [0.0, 0.1667, 0.3333, 0.5, 0.6667, 0.8333, 1.0],
            "transform": [
                [0.655271, -0.527437, 0.540768, 0.0, 0.432062, 0.848907, 0.304433, 0.393861, -0.619631, 0.03416, 0.78415, 0.0, 0.0, 0.0, 0.0, 1.0],
                [0.576456, -0.57784, 0.577754, -0.0, 0.420235, 0.81603, 0.39686, 0.39386, -0.700786, 0.01402, 0.713235, -0.0, 0.0, 0.0, 0.0, 1.0],
                [0.57121, -0.633921, 0.521405, 0.0, 0.457502, 0.773301, 0.438973, 0.39386, -0.681478, -0.012202, 0.731737, -0.0, 0.0, 0.0, 0.0, 1.0],
                [0.672333, -0.597162, 0.437455, -0.0, 0.469876, 0.800913, 0.371153, 0.39386, -0.572001, -0.043988, 0.819073, 0.0, 0.0, 0.0, 0.0, 1.0],
                [0.758295, -0.575809, 0.305669, 0.0, 0.501488, 0.814813, 0.290842, 0.393861, -0.416532, -0.067255, 0.90663, -0.0, 0.0, 0.0, 0.0, 1.0],
                [0.678985, -0.673985, 0.291073, -0.0, 0.615031, 0.738699, 0.27579, 0.393861, -0.400893, -0.008238, 0.916088, 0.0, 0.0, 0.0, 0.0, 1.0],
                [0.386234, -0.818537, 0.425229, -0.0, 0.755358, 0.545257, 0.363494, 0.393861, -0.529392, 0.180806, 0.828888, 0.0, 0.0, 0.0, 0.0, 1.0]
            ]
        },
        {
            "name": "Hand_R",
            "time": [0.0, 0.1667, 0.3333, 0.5, 0.6667, 0.8333, 1.0],
            "transform": [
                [1.0, 0.0, 1e-06, -0.0, 0.0, 0.824697, -0.565574, 0.3, -1e-06, 0.565574, 0.824697, 0.0, 0.0, 0.0, 0.0, 1.0],
                [1.0, 0.0, 1e-06, -0.0, 0.0, 0.795374, -0.60612, 0.3, -1e-06, 0.60612, 0.795373, 0.0, 0.0, 0.0, 0.0, 1.0],
                [1.0, 0.0, 1e-06, 0.0, 0.0, 0.778524, -0.627615, 0.3, -1e-06, 0.627615, 0.778523, 0.0, 0.0, 0.0, 0.0, 1.0],
                [1.0, 0.0, 1e-06, 0.0, 0.0, 0.774454, -0.632632, 0.3, -1e-06, 0.632632, 0.774452, -0.0, 0.0, 0.0, 0.0, 1.0],
                [1.0, 0.0, 1e-06, -0.0, 0.0, 0.773143, -0.634232, 0.3, -1e-06, 0.634233, 0.773142, -0.0, 0.0, 0.0, 0.0, 1.0],
                [1.0, 0.0, 1e-06, -0.0, 0.0, 0.769953, -0.638102, 0.3, -1e-06, 0.638102, 0.769952, 0.0, 0.0, 0.0, 0.0, 1.0],
                [0.999999, 0.0, 1e-06, 0.0, 0.0, 0.76617, -0.642639, 0.3, -1e-06, 0.642639, 0.76617, 0.0, 0.0, 0.0, 0.0, 1.0]
            ]
        },
        {
            "name": "Tool_R",
            "time": [0.0, 0.1667, 0.3333, 0.5, 0.6667, 0.8333, 1.0],
            "transform": [
                [0.941465, -0.08581, -0.325837, -0.0, -0.336628, -0.187361, -0.922307, 0.272858, 0.01808, 0.978535, -0.204935, 0.0, 0.0, 0.0, 0.0, 1.0],
                [0.970783, 0.107411, -0.214519, 0.0, -0.208944, -0.061994, -0.975385, 0.272858, -0.118001, 0.99228, -0.037683, 0.0, 0.0, 0.0, 0.0, 1.0],
                [0.969074, 0.18774, -0.160305, -0.0, -0.16309, -0.001133, -0.986027, 0.272858, -0.185198, 0.982218, 0.029457, 0.0, 0.0, 0.0, 0.0, 1.0],
                [0.966516, 0.181026, -0.181962, 0.0, -0.182572, -0.014048, -0.982509, 0.272858, -0.180318, 0.983379, 0.019428, -0.0, 0.0, 0.0, 0.0, 1.0],
                [0.963306, 0.151531, -0.221531, -0.0, -0.217277, -0.045181, -0.974487, 0.272858, -0.157588, 0.987421, -0.01059, 0.0, 0.0, 0.0, 0.0, 1.0],
                [0.959259, 0.135896, -0.24764, 0.0, -0.241169, -0.063512, -0.967832, 0.272858, -0.147172, 0.988686, -0.028111, -0.0, 0.0, 0.0, 0.0, 1.0],
                [0.954653, 0.123254, -0.270918, -0.0, -0.262879, -0.078925, -0.961031, 0.272858, -0.139756, 0.989232, -0.04288, -0.0, 0.0, 0.0, 0.0, 1.0]
            ]
        },
        {
            "name": "Elbow_R",
            "time": [0.0, 0.1667, 0.3333, 0.5, 0.6667, 0.8333, 1.0],
            "transform": [
                [-1.0, 0.0, -0.0, -0.0, 0.0, -0.0, -1.0, 0.3, -0.0, -1.0, 0.0, 0.0, 0.0, 0.0, 0.0, 1.0],
                [-1.0, 0.0, 0.0, -0.0, 0.0, -0.0, -1.0, 0.3, -0.0, -1.0, 0.0, 0.0, 0.0, 0.0, 0.0, 1.0],
                [-1.0, 0.0, -0.0, 0.0, 0.0, -0.0, -1.0, 0.3, -0.0, -1.0, 0.0, 0.0, 0.0, 0.0, 0.0, 1.0],
                [-1.0, 0.0, -0.0, 0.0, 0.0, -0.0, -1.0, 0.3, -0.0, -1.0, 0.0, -0.0, 0.0, 0.0, 0.0, 1.0],
                [-1.0, 0.0, 0.0, -0.0, 0.0, -0.0, -1.0, 0.3, -0.0, -1.0, 0.0, -0.0, 0.0, 0.0, 0.0, 1.0],
                [-1.0, 0.0, 0.0, -0.0, 0.0, -0.0, -1.0, 0.3, -0.0, -1.0, 0.0, 0.0, 0.0, 0.0, 0.0, 1.0],
                [-1.0, 0.0, 0.0, 0.0, 0.0, -0.0, -1.0, 0.3, -0.0, -1.0, 0.0, 0.0, 0.0, 0.0, 0.0, 1.0]
            ]
        },
        {
            "name": "Shoulder_L",
            "time": [0.0, 0.1667, 0.3333, 0.5, 0.6667, 0.8333, 1.0],
            "transform": [
                [-0.206443, -0.969997, 0.128389, -0.0, -0.932787, 0.155486, -0.325163, 0.4, 0.295444, -0.186887, -0.936905, -0.0, 0.0, 0.0, 0.0, 1.0],
                [0.112147, -0.985587, -0.126654, 0.0, -0.936253, -0.062099, -0.345787, 0.4, 0.332935, 0.157359, -0.92973, 0.0, 0.0, 0.0, 0.0, 1.0],
                [0.301923, -0.904171, -0.302188, -0.0, -0.921387, -0.195399, -0.335943, 0.4, 0.2447, 0.379862, -0.892096, -0.0, 0.0, 0.0, 0.0, 1.0],
                [0.331556, -0.895023, -0.298337, 0.0, -0.916595, -0.230712, -0.326526, 0.4, 0.223416, 0.381716, -0.896876, -0.0, 0.0, 0.0, 0.0, 1.0],
                [0.344559, -0.913006, -0.218403, 0.0, -0.904245, -0.260283, -0.338507, 0.4, 0.25221, 0.314125, -0.915272, 0.0, 0.0, 0.0, 0.0, 1.0],
                [0.340521, -0.937434, -0.072549, -0.0, -0.885204, -0.293628, -0.360819, 0.4, 0.316938, 0.187088, -0.929815, -0.0, 0.0, 0.0, 0.0, 1.0],
                [0.326665, -0.942252, 0.073836, 0.0, -0.863638, -0.329322, -0.381668, 0.4, 0.383939, 0.06091, -0.921351, 0.0, 0.0, 0.0, 0.0, 1.0]
            ]
        },
        {
            "name": "Arm_L",
            "time": [0.0, 0.1667, 0.3333, 0.5, 0.6667, 0.8333, 1.0],
            "transform": [
                [0.321508, -0.102632, -0.941327, -0.0, 0.150403, 0.987027, -0.056243, 0.39386, 0.934884, -0.123496, 0.332772, -0.0, 0.0, 0.0, 0.0, 1.0],
                [0.563057, 0.431109, -0.70506, -0.0, -0.341938, 0.898236, 0.276148, 0.39386, 0.752357, 0.085601, 0.653166, 0.0, 0.0, 0.0, 0.0, 1.0],
                [0.684243, 0.632394, -0.363171, 0.0, -0.611684, 0.768849, 0.186334, 0.39386, 0.397062, 0.094649, 0.912893, -0.0, 0.0, 0.0, 0.0, 1.0],
                [0.744132, 0.579703, -0.331989, 0.0, -0.641952, 0.758038, -0.11525, 0.39386, 0.184851, 0.298885, 0.936209, 0.0, 0.0, 0.0, 0.0, 1.0],
                [0.727727, 0.645378, -0.232178, 0.0, -0.678702, 0.726422, -0.108086, 0.39386, 0.098903, 0.236239, 0.966642, -0.0, 0.0, 0.0, 0.0, 1.0],
                [0.673632, 0.723107, -0.152785, 0.0, -0.733511, 0.679433, -0.018423, 0.39386, 0.090486, 0.124481, 0.98808, 0.0, 0.0, 0.0, 0.0, 1.0],
                [0.589831, 0.802072, -0.093749, -0.0, -0.801625, 0.595574, 0.051934, 0.39386, 0.09749, 0.044519, 0.994231, -0.0, 0.0, 0.0, 0.0, 1.0]
            ]
        },
        {
            "name": "Hand_L",
            "time": [0.0, 0.1667, 0.3333, 0.5, 0.6667, 0.8333, 1.0],
            "transform": [
                [1.000001, -2e-06, 1e-06, -0.0, 1e-06, 0.006536, -0.999973, 0.3, 2e-06, 0.999983, 0.006536, 0.0, 0.0, 0.0, 0.0, 1.0],
                [1.0, -2e-06, 1e-06, 0.0, 1e-06, 0.170365, -0.985375, 0.3, 2e-06, 0.985388, 0.170363, 0.0, 0.0, 0.0, 0.0, 1.0],
                [0.999997, -2e-06, -0.0, 0.0, 1e-06, 0.518118, -0.855308, 0.3, 2e-06, 0.855316, 0.518113, 0.0, 0.0, 0.0, 0.0, 1.0],
                [0.999998, -2e-06, -1e-06, 0.0, 1e-06, 0.891077, -0.453856, 0.3, 2e-06, 0.453856, 0.891076, 0.0, 0.0, 0.0, 0.0, 1.0],
                [0.999999, -2e-06, -1e-06, 0.0, 1e-06, 0.914806, -0.403895, 0.3, 2e-06, 0.403895, 0.914806, 0.0, 0.0, 0.0, 0.0, 1.0],
                [1.0, -2e-06, -1e-06, 0.0, 1e-06, 0.885862, -0.463949, 0.3, 2e-06, 0.46395, 0.885861, 0.0, 0.0, 0.0, 0.0, 1.0],
                [1.000001, -2e-06, -1e-06, -0.0, 1e-06, 0.85299, -0.521928, 0.3, 2e-06, 0.52193, 0.852988, 0.0, 0.0, 0.0, 0.0, 1.0]
            ]
        },
        {
            "name": "Tool_L",
            "time": [0.0, 0.1667, 0.3333, 0.5, 0.6667, 0.8333, 1.0],
            "transform": [
                [0.318137, -0.386665, -0.86526, 0.0, 0.947156, 0.090066, 0.30773, 0.272858, -0.041024, -0.917819, 0.394259, -0.0, 0.0, 0.0, 0.0, 1.0],
                [0.120991, -0.724429, -0.678517, 0.0, 0.77191, 0.498755, -0.394485, 0.272858, 0.624106, -0.475873, 0.618724, -0.0, 0.0, 0.0, 0.0, 1.0],
                [0.05518, -0.907354, -0.416537, -0.0, 0.33824, 0.409713, -0.846815, 0.272858, 0.939439, -0.094105, 0.328962, 0.0, 0.0, 0.0, 0.0, 1.0],
                [-0.103002, -0.937769, -0.331504, 0.0, 0.135962, 0.317091, -0.938062, 0.272858, 0.985344, -0.141612, 0.094663, -0.0, 0.0, 0.0, 0.0, 1.0],
                [-0.198582, -0.939147, -0.280321, -0.0, 0.138198, 0.256532, -0.956056, 0.272858, 0.970293, -0.228474, 0.078696, -0.0, 0.0, 0.0, 0.0, 1.0],
                [-0.272613, -0.931979, -0.239179, -0.0, 0.20451, 0.186997, -0.960305, 0.272858, 0.940141, -0.310557, 0.139367, -0.0, 0.0, 0.0, 0.0, 1.0],
                [-0.34504, -0.916879, -0.201227, 0.0, 0.263296, 0.111466, -0.957746, 0.272858, 0.900908, -0.383282, 0.202592, 0.0, 0.0, 0.0, 0.0, 1.0]
            ]
        },
        {
            "name": "Elbow_L",
            "time": [0.0, 0.1667, 0.3333, 0.5, 0.6667, 0.8333, 1.0],
            "transform": [
                [-1.0, 0.0, -0.0, -0.0, -0.0, -0.0, -1.0, 0.3, -0.0, -1.0, 0.0, 0.0, 0.0, 0.0, 0.0, 1.0],
                [-1.0, 0.0, -0.0, 0.0, 0.0, -0.0, -1.0, 0.3, -0.0, -1.0, -0.0, 0.0, 0.0, 0.0, 0.0, 1.0],
                [-1.0, 0.0, 0.0, 0.0, -0.0, -0.0, -1.0, 0.3, -0.0, -1.0, 0.0, 0.0, 0.0, 0.0, 0.0, 1.0],
                [-1.0, 0.0, -0.0, 0.0, 0.0, -0.0, -1.0, 0.3, -0.0, -1.0, 0.0, 0.0, 0.0, 0.0, 0.0, 1.0],
                [-1.0, 0.0, -0.0, 0.0, 0.0, -0.0, -1.0, 0.3, -0.0, -1.0, -0.0, 0.0, 0.0, 0.0, 0.0, 1.0],
                [-1.0, 0.0, -0.0, 0.0, 0.0, -0.0, -1.0, 0.3, -0.0, -1.0, -0.0, 0.0, 0.0, 0.0, 0.0, 1.0],
                [-1.0, 0.0, -0.0, -0.0, 0.0, -0.0, -1.0, 0.3, -0.0, -1.0, -0.0, 0.0, 0.0, 0.0, 0.0, 1.0]
            ]
        }
    ]
}