{
    "animation": [
        {
            "name": "Root",
            "time": [0.0, 0.2667, 0.5333, 0.6667, 0.7667, 0.9667, 1.2, 1.2667, 1.3667, 1.5333, 1.7, 1.8667, 1.9333, 2.0333, 2.1, 2.2, 2.3, 2.3667, 2.7, 2.8667, 3.0333, 3.1333, 3.2, 3.3667, 3.7, 4.0333, 4.3667, 4.5333, 5.0333, 5.3667, 5.8667, 6.3667, 6.7, 7.0333],
            "transform": [
                [1.0, 0.0, 0.0, 0.0, 0.0, 0.0, -1.0, 0.0, -0.0, 1.0, 0.0, 0.365217, 0.0, 0.0, 0.0, 1.0],
                [1.0, 0.0, 0.0, -0.0323, 0.0, 0.0, -1.0, 0.116226, -0.0, 1.0, 0.0, 0.444049, 0.0, 0.0, 0.0, 1.0],
                [1.0, 0.0, 0.0, 0.119357, 0.0, 0.0, -1.0, 0.161297, -0.0, 1.0, 0.0, 0.522881, 0.0, 0.0, 0.0, 1.0],
                [1.0, 0.0, 0.0, 0.287644, 0.0, 0.0, -1.0, 0.309482, -0.0, 1.0, 0.0, 0.687037, 0.0, 0.0, 0.0, 1.0],
                [1.0, 0.0, 0.0, 0.399835, 0.0, 0.0, -1.0, 0.408271, -0.0, 1.0, 0.0, 0.796474, 0.0, 0.0, 0.0, 1.0],
                [1.0, 0.0, 0.0, 0.438194, 0.0, 0.0, -1.0, 0.841385, -0.0, 1.0, 0.0, 1.017863, 0.0, 0.0, 0.0, 1.0],
                [1.0, 0.0, 0.0, 0.495732, 0.0, 0.0, -1.0, 1.491055, -0.0, 1.0, 0.0, 1.349946, 0.0, 0.0, 0.0, 1.0],
                [1.0, 0.0, 0.0, 0.488904, 0.0, 0.0, -1.0, 1.796361, -0.0, 1.0, 0.0, 1.443235, 0.0, 0.0, 0.0, 1.0],
                [1.0, 0.0, 0.0, 0.478662, 0.0, 0.0, -1.0, 2.25432, -0.0, 1.0, 0.0, 1.58317, 0.0, 0.0, 0.0, 1.0],
                [1.0, 0.0, 0.0, 0.49222, 0.0, 0.0, -1.0, 2.852038, -0.0, 1.0, 0.0, 1.471017, 0.0, 0.0, 0.0, 1.0],
                [1.0, 0.0, 0.0, 0.608446, 0.0, 0.0, -1.0, 3.474722, -0.0, 1.0, 0.0, 0.950848, 0.0, 0.0, 0.0, 1.0],
                [1.0, 0.0, 0.0, 0.662589, 0.0, 0.0, -1.0, 3.813441, -0.0, 1.0, 0.0, 0.720995, 0.0, 0.0, 0.0, 1.0],
                [1.0, 0.0, 0.0, 0.767202, 0.0, 0.0, -1.0, 4.100892, -0.0, 1.0, 0.0, 0.710664, 0.0, 0.0, 0.0, 1.0],
                [1.0, 0.0, 0.0, 0.745216, 0.0, 0.0, -1.0, 4.431905, -0.0, 1.0, 0.0, 0.511613, 0.0, 0.0, 0.0, 1.0],
                [1.0, 0.0, 0.0, 0.748011, 0.0, 0.0, -1.0, 4.250178, -0.0, 1.0, 0.0, 0.505442, 0.0, 0.0, 0.0, 1.0],
                [1.0, 0.0, 0.0, 0.884144, 0.0, 0.0, -1.0, 4.000397, -0.0, 1.0, 0.0, 0.430662, 0.0, 0.0, 0.0, 1.0],
                [1.0, 0.0, 0.0, 0.850528, 0.0, 0.0, -1.0, 3.874898, -0.0, 1.0, 0.0, 0.435867, 0.0, 0.0, 0.0, 1.0],
                [1.0, 0.0, 0.0, 0.861661, 0.0, 0.0, -1.0, 3.755451, -0.0, 1.0, 0.0, 0.379703, 0.0, 0.0, 0.0, 1.0],
                [1.0, 0.0, 0.0, 0.957357, 0.0, 0.0, -1.0, 3.888468, -0.0, 1.0, 0.0, 0.470623, 0.0, 0.0, 0.0, 1.0],
                [1.0, 0.0, 0.0, 0.961462, 0.0, 0.0, -1.0, 4.03571, -0.0, 1.0, 0.0, 0.523734, 0.0, 0.0, 0.0, 1.0],
                [1.0, 0.0, 0.0, 0.952388, 0.0, 0.0, -1.0, 4.233504, -0.0, 1.0, 0.0, 0.565147, 0.0, 0.0, 0.0, 1.0],
                [1.0, 0.0, 0.0, 1.060088, 0.0, 0.0, -1.0, 4.530642, -0.0, 1.0, 0.0, 0.525581, 0.0, 0.0, 0.0, 1.0],
                [1.0, 0.0, 0.0, 0.982468, 0.0, 0.0, -1.0, 4.811029, -0.0, 1.0, 0.0, 0.434404, 0.0, 0.0, 0.0, 1.0],
                [1.0, 0.0, 0.0, 0.88692, 0.0, 0.0, -1.0, 4.744477, -0.0, 1.0, 0.0, 0.405243, 0.0, 0.0, 0.0, 1.0],
                [1.0, 0.0, 0.0, 0.969256, 0.0, 0.0, -1.0, 4.721965, -0.0, 1.0, 0.0, 0.359488, 0.0, 0.0, 0.0, 1.0],
                [1.0, 0.0, 0.0, 0.95338, 0.0, 0.0, -1.0, 4.71946, -0.0, 1.0, 0.0, 0.395171, 0.0, 0.0, 0.0, 1.0],
                [1.0, 0.0, 0.0, 1.089318, 0.0, 0.0, -1.0, 4.610897, -0.0, 1.0, 0.0, 0.39166, 0.0, 0.0, 0.0, 1.0],
                [1.0, 0.0, 0.0, 1.224709, 0.0, 0.0, -1.0, 4.407584, -0.0, 1.0, 0.0, 0.474842, 0.0, 0.0, 0.0, 1.0],
                [1.0, 0.0, 0.0, 1.116647, 0.0, 0.0, -1.0, 3.971485, -0.0, 1.0, 0.0, 0.530356, 0.0, 0.0, 0.0, 1.0],
                [1.0, 0.0, 0.0, 1.29816, 0.0, 0.0, -1.0, 3.944786, -0.0, 1.0, 0.0, 0.642022, 0.0, 0.0, 0.0, 1.0],
                [1.0, 0.0, 0.0, 1.360772, 0.0, 0.0, -1.0, 3.572629, -0.0, 1.0, 0.0, 0.687685, 0.0, 0.0, 0.0, 1.0],
                [1.0, 0.0, 0.0, 1.278343, 0.0, 0.0, -1.0, 3.44587, -0.0, 1.0, 0.0, 0.730592, 0.0, 0.0, 0.0, 1.0],
                [1.0, 0.0, 0.0, 1.508141, 0.0, 0.0, -1.0, 3.295799, -0.0, 1.0, 0.0, 0.722089, 0.0, 0.0, 0.0, 1.0],
                [1.0, 0.0, 0.0, 1.547944, 0.0, 0.0, -1.0, 3.084518, -0.0, 1.0, 0.0, 0.700704, 0.0, 0.0, 0.0, 1.0]
            ]
        },
        {
            "name": "Thigh_R",
            "time": [0.0, 0.2667, 0.5333, 0.6667, 0.7667, 0.9667, 1.2, 1.2667, 1.3667, 1.5333, 1.7, 1.8667, 1.9333, 2.0333, 2.1, 2.2, 2.3, 2.3667, 2.7, 2.8667, 3.0333, 3.1333, 3.2, 3.3667, 3.7, 4.0333, 4.3667, 4.5333, 5.0333, 5.3667, 5.8667, 6.3667, 6.7, 7.0333],
            "transform": [
                [-0.219518, 0.904326, 0.366069, 0.124994, 0.646728, -0.146047, 0.748607, -0.002831, 0.730448, 0.401081, -0.552793, -1.2e-05, 0.0, 0.0, 0.0, 1.0],
                [-0.174279, 0.532926, 0.82802, 0.124994, 0.563553, -0.635578, 0.527683, -0.002831, 0.807487, 0.558597, -0.189564, -1.2e-05, 0.0, 0.0, 0.0, 1.0],
                [0.124065, 0.273563, 0.953819, 0.124994, 0.685696, -0.718445, 0.116866, -0.00283, 0.717237, 0.639531, -0.276714, -1.2e-05, 0.0, 0.0, 0.0, 1.0],
                [0.33943, 0.42067, 0.841323, 0.124994, 0.893293, -0.42433, -0.148228, -0.002831, 0.294644, 0.801861, -0.519812, -1.2e-05, 0.0, 0.0, 0.0, 1.0],
                [0.41792, 0.54767, 0.724845, 0.124994, 0.90755, -0.215517, -0.360424, -0.002831, -0.041177, 0.808461, -0.587107, -1.2e-05, 0.0, 0.0, 0.0, 1.0],
                [0.434136, 0.831356, 0.346948, 0.09008, 0.584844, 0.032829, -0.810481, -0.02044, -0.685188, 0.55477, -0.471962, -0.006639, 0.0, 0.0, 0.0, 1.0],
                [-0.120949, 0.990543, -0.06478, 0.037708, -0.305518, -0.099238, -0.947, -0.046854, -0.944473, -0.094747, 0.314631, -0.01658, 0.0, 0.0, 0.0, 1.0],
                [-0.220954, 0.975139, -0.016834, 0.040262, -0.768298, -0.184667, -0.612875, -0.040936, -0.600747, -0.122484, 0.79, 0.035064, 0.0, 0.0, 0.0, 1.0],
                [-0.279608, 0.950067, 0.138537, 0.044093, -0.923971, -0.305484, 0.230125, -0.032059, 0.260955, -0.063659, 0.96325, 0.112531, 0.0, 0.0, 0.0, 1.0],
                [0.106421, 0.988161, 0.110516, 0.088921, 0.298562, -0.137775, 0.944393, 0.113548, 0.948439, -0.067507, -0.309689, 0.094823, 0.0, 0.0, 0.0, 1.0],
                [-0.04366, 0.921068, -0.386946, 0.093052, 0.983145, 0.108441, 0.147197, 0.175715, 0.177539, -0.373998, -0.910277, -0.059025, 0.0, 0.0, 0.0, 1.0],
                [-0.294323, -0.287154, -0.911546, -0.043802, 0.933918, -0.288919, -0.210531, 0.105906, -0.202909, -0.913274, 0.353214, -0.125985, 0.0, 0.0, 0.0, 1.0],
                [-0.693925, -0.415063, -0.588381, -0.079121, 0.668494, -0.674997, -0.312243, 0.057505, -0.267555, -0.610002, 0.745863, -0.069194, 0.0, 0.0, 0.0, 1.0],
                [-0.991432, -0.103854, 0.079238, -0.132099, 0.104047, -0.994571, -0.001698, -0.015096, 0.078985, 0.006561, 0.996854, 0.015992, 0.0, 0.0, 0.0, 1.0],
                [-0.982373, 0.112494, 0.149297, -0.091323, -0.060709, -0.94736, 0.314364, -0.028766, 0.176802, 0.299759, 0.937489, 0.067922, 0.0, 0.0, 0.0, 1.0],
                [-0.890844, 0.439565, 0.114805, -0.03016, -0.224354, -0.645389, 0.730163, -0.049272, 0.395048, 0.624704, 0.673559, 0.145817, 0.0, 0.0, 0.0, 1.0],
                [-0.805583, 0.589604, 0.058325, 0.062933, -0.161284, -0.312954, 0.935974, -0.021407, 0.570107, 0.744599, 0.347204, 0.05832, 0.0, 0.0, 0.0, 1.0],
                [-0.745624, 0.666227, -0.0137, 0.124996, -0.0797, -0.068749, 0.994445, -0.002831, 0.661584, 0.742574, 0.104359, -1.1e-05, 0.0, 0.0, 0.0, 1.0],
                [-0.328134, 0.778145, 0.535555, 0.028387, 0.409458, -0.393753, 0.822983, -0.03761, 0.851277, 0.489337, -0.189414, 0.085003, 0.0, 0.0, 0.0, 1.0],
                [0.108076, 0.592583, 0.798226, 0.124995, 0.681328, -0.628861, 0.374602, -0.002831, 0.723956, 0.503368, -0.471708, -1.1e-05, 0.0, 0.0, 0.0, 1.0],
                [0.598223, 0.757622, 0.261034, 0.124994, 0.783835, -0.620941, 0.005859, -0.002831, 0.166526, 0.201103, -0.965312, -1.2e-05, 0.0, 0.0, 0.0, 1.0],
                [0.380019, 0.323637, -0.866513, 0.022049, 0.523296, -0.847688, -0.087108, -0.019524, -0.762724, -0.420339, -0.491495, -0.066788, 0.0, 0.0, 0.0, 1.0],
                [-0.250372, -0.191853, -0.94895, -0.046582, 0.377819, -0.921813, 0.086682, -0.030654, -0.891385, -0.336828, 0.303281, -0.111305, 0.0, 0.0, 0.0, 1.0],
                [-0.435645, -0.031421, -0.89957, -0.073694, 0.362584, -0.920849, -0.143428, -0.047803, -0.823861, -0.388653, 0.412555, -0.107102, 0.0, 0.0, 0.0, 1.0],
                [-0.432655, -0.049382, -0.900206, -0.070266, 0.447319, -0.878685, -0.166788, -0.020011, -0.782762, -0.474841, 0.402257, -0.076039, 0.0, 0.0, 0.0, 1.0],
                [-0.445205, -0.084732, -0.89141, -0.104151, 0.463361, -0.87366, -0.148376, -0.027516, -0.766218, -0.479102, 0.428219, -0.06004, 0.0, 0.0, 0.0, 1.0],
                [-0.297662, 0.011742, -0.954599, -0.051218, 0.700482, -0.676691, -0.226747, -0.012106, -0.648631, -0.736174, 0.1932, -0.129853, 0.0, 0.0, 0.0, 1.0],
                [0.466506, 0.19812, -0.862044, 0.036888, 0.634927, -0.753543, 0.170415, -0.007468, -0.615825, -0.626835, -0.477324, -0.064933, 0.0, 0.0, 0.0, 1.0],
                [0.945596, 0.228907, -0.231192, 0.124994, 0.304743, -0.872024, 0.383021, -0.002831, -0.113929, -0.432637, -0.89434, -1.2e-05, 0.0, 0.0, 0.0, 1.0],
                [0.967194, 0.08959, 0.237719, 0.124994, 0.027579, -0.96725, 0.252322, -0.002831, 0.25254, -0.237488, -0.937989, -1.3e-05, 0.0, 0.0, 0.0, 1.0],
                [0.941, -0.180647, -0.286158, 0.106209, 0.027023, -0.802788, 0.595651, -0.005514, -0.337327, -0.568241, -0.750542, -0.061197, 0.0, 0.0, 0.0, 1.0],
                [0.686279, -0.104914, -0.719732, 0.03912, 0.223409, -0.9113, 0.345863, -0.013565, -0.692177, -0.398154, -0.601967, -0.065705, 0.0, 0.0, 0.0, 1.0],
                [0.976575, 0.143586, -0.160265, 0.082057, 0.174547, -0.96417, 0.199773, -0.008198, -0.125838, -0.223067, -0.966646, -0.032859, 0.0, 0.0, 0.0, 1.0],
                [0.838116, 0.221896, 0.498321, 0.124994, 0.229615, -0.97216, 0.046706, -0.002831, 0.494812, 0.075277, -0.865733, -1.2e-05, 0.0, 0.0, 0.0, 1.0]
            ]
        },
        {
            "name": "Leg_R",
            "time": [0.0, 0.2667, 0.5333, 0.6667, 0.7667, 0.9667, 1.2, 1.2667, 1.3667, 1.5333, 1.7, 1.8667, 1.9333, 2.0333, 2.1, 2.2, 2.3, 2.3667, 2.7, 2.8667, 3.0333, 3.1333, 3.2, 3.3667, 3.7, 4.0333, 4.3667, 4.5333, 5.0333, 5.3667, 5.8667, 6.3667, 6.7, 7.0333],
            "transform": [
                [1.0, -0.0, -0.0, -0.0, 0.0, -0.098378, 0.995148, 0.37472, 0.0, -0.99515, -0.098377, 0.0, 0.0, 0.0, 0.0, 1.0],
                [1.0, -0.0, -0.0, 0.0, 0.0, 0.879343, 0.476188, 0.37472, -0.0, -0.476187, 0.879344, 0.0, 0.0, 0.0, 0.0, 1.0],
                [1.0, 0.0, -0.0, 0.0, -0.0, 0.976665, 0.214763, 0.37472, 0.0, -0.214763, 0.976666, 0.0, 0.0, 0.0, 0.0, 1.0],
                [1.0, -0.0, -0.0, -0.0, -0.0, 0.958244, 0.285949, 0.37472, 0.0, -0.285949, 0.958245, 0.0, 0.0, 0.0, 0.0, 1.0],
                [1.0, -0.0, 0.0, -0.0, 0.0, 0.94308, 0.332565, 0.37472, -0.0, -0.332564, 0.943081, -0.0, 0.0, 0.0, 0.0, 1.0],
                [1.0, -0.0, 0.0, 0.0, 0.0, 0.888651, 0.458582, 0.37472, -0.0, -0.458582, 0.888652, -0.0, 0.0, 0.0, 0.0, 1.0],
                [1.000001, -0.0, 0.0, 0.0, 0.0, 0.775892, 0.630866, 0.37472, -0.0, -0.630866, 0.775891, 0.0, 0.0, 0.0, 0.0, 1.0],
                [1.0, -0.0, 0.0, -0.0, 0.0, 0.802394, 0.596794, 0.37472, -0.0, -0.596794, 0.802394, 0.0, 0.0, 0.0, 0.0, 1.0],
                [1.0, -0.0, 0.0, -0.0, 0.0, 0.839332, 0.543617, 0.37472, -0.0, -0.543617, 0.839333, -0.0, 0.0, 0.0, 0.0, 1.0],
                [1.0, -0.0, -0.0, 0.0, 0.0, 0.938205, 0.346079, 0.37472, 0.0, -0.346079, 0.938205, -0.0, 0.0, 0.0, 0.0, 1.0],
                [1.0, -0.0, 0.0, 0.0, 0.0, 0.998729, 0.050389, 0.37472, -0.0, -0.050389, 0.998729, 0.0, 0.0, 0.0, 0.0, 1.0],
                [1.0, 0.0, 0.0, -0.0, -0.0, 0.699305, 0.714823, 0.37472, 0.0, -0.714823, 0.699305, -0.0, 0.0, 0.0, 0.0, 1.0],
                [1.0, 0.0, -0.0, -0.0, -0.0, 0.560862, 0.827909, 0.37472, 0.0, -0.827909, 0.560862, -0.0, 0.0, 0.0, 0.0, 1.0],
                [1.0, -0.0, -0.0, 0.0, 0.0, 0.320709, 0.947177, 0.37472, -0.0, -0.947178, 0.320708, 0.0, 0.0, 0.0, 0.0, 1.0],
                [1.0, -0.0, -0.0, -0.0, 0.0, 0.051138, 0.998691, 0.37472, -0.0, -0.998692, 0.051138, -0.0, 0.0, 0.0, 0.0, 1.0],
                [1.0, -0.0, 0.0, 0.0, -0.0, -0.355525, 0.934666, 0.37472, -0.0, -0.934666, -0.355525, 0.0, 0.0, 0.0, 0.0, 1.0],
                [1.0, 0.0, 0.0, -0.0, -0.0, -0.310697, 0.950508, 0.37472, 0.0, -0.950509, -0.310697, -0.0, 0.0, 0.0, 0.0, 1.0],
                [1.0, 0.0, -0.0, 0.0, -0.0, -0.280418, 0.959877, 0.37472, 0.0, -0.959878, -0.280418, 0.0, 0.0, 0.0, 0.0, 1.0],
                [1.000001, -0.0, -0.0, 0.0, 0.0, 0.204275, 0.978912, 0.37472, -0.0, -0.978914, 0.204274, 0.0, 0.0, 0.0, 0.0, 1.0],
                [1.000001, 0.0, -0.0, -0.0, 0.0, 0.427892, 0.903829, 0.37472, 0.0, -0.903829, 0.427892, -0.0, 0.0, 0.0, 0.0, 1.0],
                [1.0, -0.0, -0.0, 0.0, 0.0, 0.368965, 0.929443, 0.37472, -0.0, -0.929443, 0.368965, 1e-06, 0.0, 0.0, 0.0, 1.0],
                [1.0, 0.0, -0.0, -0.0, 0.0, 0.176711, 0.984262, 0.37472, 0.0, -0.984262, 0.176711, 0.0, 0.0, 0.0, 0.0, 1.0],
                [1.0, 0.0, -0.0, -0.0, 0.0, 0.044253, 0.99902, 0.37472, 0.0, -0.99902, 0.044253, 0.0, 0.0, 0.0, 0.0, 1.0],
                [1.000001, -0.0, -0.0, -0.0, 0.0, 0.119047, 0.992887, 0.37472, -0.0, -0.992889, 0.119047, -0.0, 0.0, 0.0, 0.0, 1.0],
                [1.0, 0.0, -0.0, -0.0, 0.0, 0.231331, 0.972874, 0.37472, 0.0, -0.972875, 0.23133, 0.0, 0.0, 0.0, 0.0, 1.0],
                [1.000001, 0.0, -0.0, 0.0, 0.0, 0.214759, 0.976666, 0.37472, 0.0, -0.976667, 0.214759, -0.0, 0.0, 0.0, 0.0, 1.0],
                [1.0, 0.0, -0.0, 0.0, 0.0, 0.665978, 0.74597, 0.37472, 0.0, -0.745971, 0.665978, -0.0, 0.0, 0.0, 0.0, 1.0],
                [1.0, 0.0, -0.0, -0.0, -0.0, 0.382412, 0.923991, 0.37472, 0.0, -0.923992, 0.382412, 0.0, 0.0, 0.0, 0.0, 1.0],
                [1.000001, -0.0, -0.0, 0.0, 0.0, 0.0559, 0.998435, 0.37472, -0.0, -0.998437, 0.0559, -0.0, 0.0, 0.0, 0.0, 1.0],
                [1.0, -0.0, -0.0, 0.0, 0.0, 0.563661, 0.826006, 0.37472, 0.0, -0.826006, 0.563661, -1e-06, 0.0, 0.0, 0.0, 1.0],
                [1.0, 0.0, -0.0, -0.0, 0.0, 0.721607, 0.692302, 0.37472, 0.0, -0.692302, 0.721607, -0.0, 0.0, 0.0, 0.0, 1.0],
                [1.0, -0.0, 0.0, -0.0, 0.0, 0.857499, 0.514486, 0.37472, -0.0, -0.514485, 0.857499, -0.0, 0.0, 0.0, 0.0, 1.0],
                [1.0, -0.0, 0.0, 0.0, 0.0, 0.890437, 0.455105, 0.37472, -0.0, -0.455105, 0.890437, 0.0, 0.0, 0.0, 0.0, 1.0],
                [1.0, -0.0, -0.0, -0.0, 0.0, 0.919269, 0.393628, 0.37472, 0.0, -0.393628, 0.919269, 0.0, 0.0, 0.0, 0.0, 1.0]
            ]
        },
        {
            "name": "Knee_R",
            "time": [0.0, 0.2667, 0.5333, 0.6667, 0.7667, 0.9667, 1.2, 1.2667, 1.3667, 1.5333, 1.7, 1.8667, 1.9333, 2.0333, 2.1, 2.2, 2.3, 2.3667, 2.7, 2.8667, 3.0333, 3.1333, 3.2, 3.3667, 3.7, 4.0333, 4.3667, 4.5333, 5.0333, 5.3667, 5.8667, 6.3667, 6.7, 7.0333],
            "transform": [
                [1.0, -0.0, -0.0, -0.0, -0.0, 0.0, -1.0, 0.37472, 0.0, 1.0, 0.0, 0.0, 0.0, 0.0, 0.0, 1.0],
                [1.0, -0.0, -0.0, 0.0, -0.0, 0.0, -1.0, 0.37472, 0.0, 1.0, 0.0, 0.0, 0.0, 0.0, 0.0, 1.0],
                [1.0, -0.0, -0.0, 0.0, -1e-06, 0.0, -1.0, 0.37472, 0.0, 1.0, 0.0, 0.0, 0.0, 0.0, 0.0, 1.0],
                [1.0, -0.0, -0.0, -0.0, -0.0, 0.0, -1.0, 0.37472, 0.0, 1.0, 0.0, 0.0, 0.0, 0.0, 0.0, 1.0],
                [1.0, -0.0, -0.0, -0.0, -0.0, 0.0, -1.0, 0.37472, 0.0, 1.0, 0.0, -0.0, 0.0, 0.0, 0.0, 1.0],
                [1.0, -0.0, -0.0, 0.0, -0.0, 0.0, -1.0, 0.37472, 0.0, 1.0, 0.0, -0.0, 0.0, 0.0, 0.0, 1.0],
                [1.0, -0.0, -0.0, 0.0, -0.0, 0.0, -1.0, 0.37472, 0.0, 1.0, 0.0, 0.0, 0.0, 0.0, 0.0, 1.0],
                [1.0, -0.0, -0.0, -0.0, -0.0, 0.0, -1.0, 0.37472, 0.0, 1.0, 0.0, 0.0, 0.0, 0.0, 0.0, 1.0],
                [1.0, -0.0, -0.0, -0.0, -0.0, 0.0, -1.0, 0.37472, 0.0, 1.0, 0.0, -0.0, 0.0, 0.0, 0.0, 1.0],
                [1.0, -0.0, -0.0, 0.0, -0.0, 0.0, -1.0, 0.37472, 0.0, 1.0, 0.0, -0.0, 0.0, 0.0, 0.0, 1.0],
                [1.0, -0.0, -0.0, 0.0, -0.0, 0.0, -1.0, 0.37472, 0.0, 1.0, 0.0, 0.0, 0.0, 0.0, 0.0, 1.0],
                [1.0, -0.0, -0.0, -0.0, -0.0, 0.0, -1.0, 0.37472, 0.0, 1.0, 0.0, -0.0, 0.0, 0.0, 0.0, 1.0],
                [1.0, -0.0, -0.0, -0.0, -0.0, 0.0, -1.0, 0.37472, 0.0, 1.0, 0.0, -0.0, 0.0, 0.0, 0.0, 1.0],
                [1.0, -0.0, -0.0, 0.0, -0.0, 0.0, -1.0, 0.37472, 0.0, 1.0, 0.0, 0.0, 0.0, 0.0, 0.0, 1.0],
                [1.0, -0.0, -0.0, -0.0, -0.0, 0.0, -1.0, 0.37472, 0.0, 1.0, 0.0, -0.0, 0.0, 0.0, 0.0, 1.0],
                [1.0, -0.0, -1e-06, 0.0, -0.0, 0.0, -1.0, 0.37472, 0.0, 1.0, 0.0, 0.0, 0.0, 0.0, 0.0, 1.0],
                [1.0, -0.0, -0.0, -0.0, -0.0, 0.0, -1.0, 0.37472, 0.0, 1.0, 0.0, -0.0, 0.0, 0.0, 0.0, 1.0],
                [1.0, -0.0, -0.0, 0.0, -0.0, 0.0, -1.0, 0.37472, 0.0, 1.0, 0.0, 0.0, 0.0, 0.0, 0.0, 1.0],
                [1.0, -0.0, -0.0, 0.0, -0.0, 0.0, -1.0, 0.37472, 0.0, 1.0, 0.0, 0.0, 0.0, 0.0, 0.0, 1.0],
                [1.0, -0.0, -1e-06, -0.0, -0.0, 0.0, -1.0, 0.37472, 0.0, 1.0, 0.0, -0.0, 0.0, 0.0, 0.0, 1.0],
                [1.0, -0.0, -0.0, 0.0, -0.0, 0.0, -1.0, 0.37472, 0.0, 1.0, 0.0, 1e-06, 0.0, 0.0, 0.0, 1.0],
                [1.0, -0.0, -0.0, -0.0, -0.0, 0.0, -1.0, 0.37472, 0.0, 1.0, 0.0, 0.0, 0.0, 0.0, 0.0, 1.0],
                [1.0, -0.0, -0.0, -0.0, -0.0, 0.0, -1.0, 0.37472, 0.0, 1.0, 0.0, 0.0, 0.0, 0.0, 0.0, 1.0],
                [1.0, -0.0, -0.0, -0.0, -0.0, 0.0, -1.0, 0.37472, 0.0, 1.0, 0.0, -0.0, 0.0, 0.0, 0.0, 1.0],
                [1.0, -0.0, -1e-06, -0.0, -0.0, 0.0, -1.0, 0.37472, 0.0, 1.0, 0.0, 0.0, 0.0, 0.0, 0.0, 1.0],
                [1.0, -0.0, -0.0, 0.0, -0.0, 0.0, -1.0, 0.37472, 0.0, 1.0, 0.0, -0.0, 0.0, 0.0, 0.0, 1.0],
                [1.0, -0.0, -0.0, 0.0, -0.0, 0.0, -1.0, 0.37472, 0.0, 1.0, 0.0, -0.0, 0.0, 0.0, 0.0, 1.0],
                [1.0, -0.0, -0.0, -0.0, -1e-06, 0.0, -1.0, 0.37472, 0.0, 1.0, 0.0, 0.0, 0.0, 0.0, 0.0, 1.0],
                [1.0, -0.0, -0.0, 0.0, -0.0, 0.0, -1.0, 0.37472, 0.0, 1.0, 0.0, -0.0, 0.0, 0.0, 0.0, 1.0],
                [1.0, -0.0, -0.0, 0.0, -0.0, 0.0, -1.0, 0.37472, 0.0, 1.0, 0.0, -1e-06, 0.0, 0.0, 0.0, 1.0],
                [1.0, -0.0, -0.0, -0.0, -0.0, 0.0, -1.0, 0.37472, 0.0, 1.0, 0.0, -0.0, 0.0, 0.0, 0.0, 1.0],
                [1.0, -0.0, -0.0, -0.0, -0.0, 0.0, -1.0, 0.37472, 0.0, 1.0, 0.0, -0.0, 0.0, 0.0, 0.0, 1.0],
                [1.0, -0.0, -0.0, 0.0, -0.0, 0.0, -1.0, 0.37472, 0.0, 1.0, 0.0, 0.0, 0.0, 0.0, 0.0, 1.0],
                [1.0, -0.0, -0.0, -0.0, -0.0, 0.0, -1.0, 0.37472, 0.0, 1.0, 0.0, 0.0, 0.0, 0.0, 0.0, 1.0]
            ]
        },
        {
            "name": "Thigh_L",
            "time": [0.0, 0.2667, 0.5333, 0.6667, 0.7667, 0.9667, 1.2, 1.2667, 1.3667, 1.5333, 1.7, 1.8667, 1.9333, 2.0333, 2.1, 2.2, 2.3, 2.3667, 2.7, 2.8667, 3.0333, 3.1333, 3.2, 3.3667, 3.7, 4.0333, 4.3667, 4.5333, 5.0333, 5.3667, 5.8667, 6.3667, 6.7, 7.0333],
            "transform": [
                [0.593191, 0.741389, 0.313795, -0.125006, -0.452111, -0.015729, 0.891822, -0.002831, 0.666123, -0.670893, 0.32586, -1.2e-05, 0.0, 0.0, 0.0, 1.0],
                [0.619838, 0.721391, 0.308863, -0.125006, -0.206904, -0.229427, 0.95108, -0.00283, 0.756962, -0.653421, 0.007051, -1.2e-05, 0.0, 0.0, 0.0, 1.0],
                [0.884142, 0.419393, 0.205918, -0.125006, -0.035508, -0.379141, 0.924657, -0.002831, 0.465866, -0.824841, -0.320322, -1.2e-05, 0.0, 0.0, 0.0, 1.0],
                [0.982547, 0.164356, 0.087116, -0.125006, 0.07743, -0.787187, 0.611835, -0.002831, 0.169135, -0.594412, -0.786173, -1.2e-05, 0.0, 0.0, 0.0, 1.0],
                [0.997106, 0.038215, -0.065728, -0.125006, 0.056404, -0.951497, 0.302446, -0.002831, -0.050982, -0.305278, -0.950897, -1.2e-05, 0.0, 0.0, 0.0, 1.0],
                [0.776532, -0.00836, -0.630022, -0.030958, -0.200114, -0.951413, -0.234026, 0.038911, -0.597454, 0.307805, -0.740475, 0.061507, 0.0, 0.0, 0.0, 1.0],
                [0.087676, 0.555033, -0.827195, 0.110114, -0.866269, -0.367504, -0.338406, 0.101524, -0.491824, 0.746244, 0.448586, 0.153786, 0.0, 0.0, 0.0, 1.0],
                [-0.045422, 0.656385, -0.753058, 0.110355, -0.99841, -0.055002, 0.012281, 0.116974, -0.033359, 0.75242, 0.657839, 0.079901, 0.0, 0.0, 0.0, 1.0],
                [-0.097697, 0.830911, -0.547762, 0.110717, -0.7428, 0.305426, 0.595788, 0.140149, 0.662347, 0.465085, 0.587361, -0.030926, 0.0, 0.0, 0.0, 1.0],
                [0.165774, 0.783889, -0.598362, 0.087531, 0.477182, 0.467235, 0.744304, -0.002831, 0.863027, -0.408914, -0.296602, -0.142991, 0.0, 0.0, 0.0, 1.0],
                [0.112958, 0.545053, -0.830757, 0.092103, 0.992988, -0.091249, 0.075149, -0.074629, -0.034846, -0.833423, -0.551538, -0.005084, 0.0, 0.0, 0.0, 1.0],
                [-0.547205, -0.218385, -0.808006, 0.132354, 0.44964, -0.890935, -0.06371, -0.045528, -0.705968, -0.398175, 0.585719, -0.010762, 0.0, 0.0, 0.0, 1.0],
                [-0.897754, -0.302371, -0.320327, 0.109414, 0.164822, -0.904954, 0.39229, -0.051885, -0.408499, 0.299384, 0.862263, -0.011823, 0.0, 0.0, 0.0, 1.0],
                [-0.883174, 0.320657, 0.342321, 0.075003, 0.247592, -0.301155, 0.920871, -0.06142, 0.398375, 0.898046, 0.186579, -0.013415, 0.0, 0.0, 0.0, 1.0],
                [-0.725975, 0.500558, 0.471595, 0.054833, 0.193621, -0.509232, 0.838566, -0.039165, 0.659902, 0.70009, 0.27277, -0.066614, 0.0, 0.0, 0.0, 1.0],
                [-0.395224, 0.621144, 0.67674, 0.024578, -0.005735, -0.738376, 0.674366, -0.005781, 0.918567, 0.262645, 0.295386, -0.146412, 0.0, 0.0, 0.0, 1.0],
                [-0.10433, 0.556083, 0.824552, 0.057713, -0.427785, -0.773555, 0.467561, 0.023812, 0.897839, -0.303951, 0.318588, -0.091031, 0.0, 0.0, 0.0, 1.0],
                [0.047087, 0.416949, 0.907709, 0.079802, -0.68344, -0.649276, 0.333693, 0.043542, 0.728486, -0.636078, 0.254387, -0.054111, 0.0, 0.0, 0.0, 1.0],
                [0.81854, 0.363614, 0.444722, -0.125007, -0.322122, -0.35047, 0.879436, -0.014423, 0.475637, -0.863109, -0.169745, -0.057977, 0.0, 0.0, 0.0, 1.0],
                [0.993776, 0.020105, 0.109559, -0.125006, -0.08772, -0.464912, 0.881, -0.00283, 0.068648, -0.88513, -0.460255, -1.2e-05, 0.0, 0.0, 0.0, 1.0],
                [0.819775, -0.421384, -0.38782, -0.125006, -0.072393, -0.748013, 0.659724, -0.002831, -0.568092, -0.512751, -0.643707, -1.2e-05, 0.0, 0.0, 0.0, 1.0],
                [-0.105249, -0.836138, -0.538328, -0.040016, -0.347997, -0.47614, 0.807582, -0.008396, -0.931569, 0.272334, -0.24086, 0.092207, 0.0, 0.0, 0.0, 1.0],
                [-0.719236, -0.581607, -0.380045, 0.016645, -0.302594, -0.230174, 0.924909, -0.012106, -0.625409, 0.780227, -0.010442, 0.153687, 0.0, 0.0, 0.0, 1.0],
                [-0.886628, -0.455876, -0.077905, 0.146368, -0.068316, -0.037504, 0.996958, -0.056554, -0.457411, 0.889253, 0.002108, 0.025703, 0.0, 0.0, 0.0, 1.0],
                [-0.876398, -0.481575, -0.003531, 0.059387, -0.02397, 0.036297, 0.999053, -0.015689, -0.48099, 0.875654, -0.043354, 0.070538, 0.0, 0.0, 0.0, 1.0],
                [-0.868125, -0.496103, -0.015515, 0.084051, -0.016726, -0.002001, 0.999857, -0.044091, -0.496064, 0.868262, -0.006561, 0.055785, 0.0, 0.0, 0.0, 1.0],
                [-0.711189, -0.68814, -0.143787, -0.055449, -0.1838, -0.015408, 0.982843, -0.030654, -0.678548, 0.725416, -0.115521, 0.064908, 0.0, 0.0, 0.0, 1.0],
                [0.086443, -0.96653, -0.241554, -0.090228, -0.213423, -0.254798, 0.943148, -0.021379, -0.973128, -0.029975, -0.228305, 0.129829, 0.0, 0.0, 0.0, 1.0],
                [0.818368, -0.534186, -0.21194, -0.125007, -0.045482, -0.427834, 0.902712, -0.002831, -0.572892, -0.729112, -0.374421, -1.2e-05, 0.0, 0.0, 0.0, 1.0],
                [0.909199, -0.237122, -0.342243, -0.125006, 0.065231, -0.730712, 0.679562, -0.002831, -0.41122, -0.640182, -0.648895, -1.2e-05, 0.0, 0.0, 0.0, 1.0],
                [0.328518, -0.35822, -0.87393, -0.090156, -0.315663, -0.913722, 0.255869, -0.026983, -0.890187, 0.19181, -0.413251, 0.089806, 0.0, 0.0, 0.0, 1.0],
                [0.357286, -0.200973, -0.912116, -0.068652, -0.168887, -0.974379, 0.148537, -0.013243, -0.918599, 0.100975, -0.382074, 0.088867, 0.0, 0.0, 0.0, 1.0],
                [0.89289, -0.252374, -0.372901, -0.096829, -0.164505, -0.953752, 0.251587, -0.008037, -0.419149, -0.163296, -0.893112, 0.044428, 0.0, 0.0, 0.0, 1.0],
                [0.922049, -0.102201, 0.373337, -0.125007, -0.232507, -0.917356, 0.323107, -0.002831, 0.309461, -0.384725, -0.869609, -1.2e-05, 0.0, 0.0, 0.0, 1.0]
            ]
        },
        {
            "name": "Leg_L",
            "time": [0.0, 0.2667, 0.5333, 0.6667, 0.7667, 0.9667, 1.2, 1.2667, 1.3667, 1.5333, 1.7, 1.8667, 1.9333, 2.0333, 2.1, 2.2, 2.3, 2.3667, 2.7, 2.8667, 3.0333, 3.1333, 3.2, 3.3667, 3.7, 4.0333, 4.3667, 4.5333, 5.0333, 5.3667, 5.8667, 6.3667, 6.7, 7.0333],
            "transform": [
                [1.0, -0.0, 0.0, -0.0, -0.0, 0.026758, 0.99964, 0.37472, -0.0, -0.999643, 0.026758, -0.0, 0.0, 0.0, 0.0, 1.0],
                [1.0, -0.0, 0.0, -0.0, -0.0, 0.159737, 0.987158, 0.37472, -0.0, -0.987161, 0.159736, 0.0, 0.0, 0.0, 0.0, 1.0],
                [1.0, -0.0, 0.0, 0.0, -0.0, 0.241965, 0.970283, 0.37472, -0.0, -0.970286, 0.241964, 0.0, 0.0, 0.0, 0.0, 1.0],
                [1.0, -0.0, 0.0, 0.0, 0.0, 0.686128, 0.72748, 0.37472, -0.0, -0.727482, 0.686127, -0.0, 0.0, 0.0, 0.0, 1.0],
                [1.0, -0.0, 0.0, -0.0, 0.0, 0.889038, 0.457834, 0.37472, -0.0, -0.457835, 0.889037, -0.0, 0.0, 0.0, 0.0, 1.0],
                [1.0, -0.0, 0.0, 0.0, 0.0, 0.933078, 0.359677, 0.37472, -0.0, -0.359677, 0.933076, -0.0, 0.0, 0.0, 0.0, 1.0],
                [1.0, -0.0, 0.0, 0.0, 0.0, 0.978782, 0.204907, 0.37472, -0.0, -0.204907, 0.978781, -0.0, 0.0, 0.0, 0.0, 1.0],
                [1.0, -0.0, 0.0, -0.0, 0.0, 0.966096, 0.258186, 0.37472, -0.0, -0.258187, 0.966095, -0.0, 0.0, 0.0, 0.0, 1.0],
                [1.0, -0.0, 0.0, -0.0, 0.0, 0.941642, 0.336616, 0.37472, -0.0, -0.336616, 0.941642, -0.0, 0.0, 0.0, 0.0, 1.0],
                [1.0, -0.0, 0.0, 0.0, 0.0, 0.907552, 0.419942, 0.37472, -0.0, -0.419943, 0.90755, 0.0, 0.0, 0.0, 0.0, 1.0],
                [0.999999, -0.0, 0.0, -0.0, 0.0, 0.966279, 0.257501, 0.37472, -0.0, -0.257501, 0.966277, -0.0, 0.0, 0.0, 0.0, 1.0],
                [1.0, -0.0, 0.0, -0.0, 0.0, 0.855474, 0.517846, 0.37472, -0.0, -0.517847, 0.855473, -0.0, 0.0, 0.0, 0.0, 1.0],
                [1.0, -0.0, 0.0, -0.0, -0.0, 0.544021, 0.839071, 0.37472, -0.0, -0.839073, 0.54402, 0.0, 0.0, 0.0, 0.0, 1.0],
                [1.0, -0.0, 0.0, 0.0, -0.0, -0.10898, 0.994043, 0.37472, -0.0, -0.994045, -0.10898, 0.0, 0.0, 0.0, 0.0, 1.0],
                [1.0, -0.0, 0.0, 0.0, -0.0, -0.195636, 0.980675, 0.37472, 0.0, -0.980678, -0.195636, 0.0, 0.0, 0.0, 0.0, 1.0],
                [1.0, -0.0, 0.0, -0.0, -0.0, -0.322646, 0.946519, 0.37472, 0.0, -0.946521, -0.322645, -0.0, 0.0, 0.0, 0.0, 1.0],
                [1.0, -0.0, 0.0, 0.0, -0.0, 0.020062, 0.999798, 0.37472, -0.0, -0.9998, 0.020061, -0.0, 0.0, 0.0, 0.0, 1.0],
                [1.0, -0.0, 1e-06, -0.0, -0.0, 0.249145, 0.968465, 0.37472, -0.0, -0.968467, 0.249144, 0.0, 0.0, 0.0, 0.0, 1.0],
                [1.0, -0.0, 0.0, -0.0, -0.0, -0.002949, 0.999994, 0.37472, -0.0, -0.999997, -0.002949, -0.0, 0.0, 0.0, 0.0, 1.0],
                [1.0, -0.0, 0.0, 0.0, -0.0, 0.058459, 0.998289, 0.37472, -0.0, -0.998291, 0.058459, 0.0, 0.0, 0.0, 0.0, 1.0],
                [1.0, -0.0, 0.0, -0.0, -0.0, 0.165168, 0.986265, 0.37472, -0.0, -0.986266, 0.165168, -0.0, 0.0, 0.0, 0.0, 1.0],
                [1.0, -0.0, 0.0, -0.0, -0.0, 0.373979, 0.927436, 0.37472, -0.0, -0.927438, 0.373979, 0.0, 0.0, 0.0, 0.0, 1.0],
                [1.0, -0.0, 0.0, -0.0, -0.0, 0.503849, 0.863791, 0.37472, -0.0, -0.863793, 0.503848, 0.0, 0.0, 0.0, 0.0, 1.0],
                [1.0, -0.0, 0.0, -0.0, -0.0, 0.523922, 0.851765, 0.374721, -0.0, -0.851767, 0.523921, -0.0, 0.0, 0.0, 0.0, 1.0],
                [1.0, -0.0, 0.0, -0.0, -0.0, 0.282874, 0.959156, 0.37472, -0.0, -0.959158, 0.282873, 0.0, 0.0, 0.0, 0.0, 1.0],
                [1.0, -0.0, 0.0, 0.0, -0.0, 0.352498, 0.935811, 0.37472, -0.0, -0.935814, 0.352498, 0.0, 0.0, 0.0, 0.0, 1.0],
                [1.0, -0.0, 0.0, 0.0, -0.0, 0.094064, 0.995565, 0.37472, -0.0, -0.995567, 0.094063, -0.0, 0.0, 0.0, 0.0, 1.0],
                [1.0, -0.0, 0.0, -0.0, -0.0, 0.20724, 0.978289, 0.37472, -0.0, -0.978291, 0.20724, 0.0, 0.0, 0.0, 0.0, 1.0],
                [1.0, -0.0, 0.0, -0.0, -0.0, 0.317723, 0.948182, 0.37472, -0.0, -0.948185, 0.317722, -0.0, 0.0, 0.0, 0.0, 1.0],
                [1.0, -0.0, 0.0, 0.0, -0.0, 0.806414, 0.591351, 0.37472, -0.0, -0.591352, 0.806413, 0.0, 0.0, 0.0, 0.0, 1.0],
                [1.0, 0.0, 0.0, 0.0, -0.0, 0.757294, 0.653074, 0.37472, -0.0, -0.653074, 0.757294, -0.0, 0.0, 0.0, 0.0, 1.0],
                [1.0, -0.0, 0.0, -1e-06, -0.0, 0.87409, 0.485765, 0.37472, -0.0, -0.485765, 0.874089, -0.0, 0.0, 0.0, 0.0, 1.0],
                [1.0, -0.0, 0.0, 0.0, -0.0, 0.882864, 0.469629, 0.37472, -0.0, -0.469629, 0.882864, -0.0, 0.0, 0.0, 0.0, 1.0],
                [1.0, -0.0, 0.0, -0.0, -0.0, 0.891341, 0.453333, 0.37472, -0.0, -0.453334, 0.891341, -0.0, 0.0, 0.0, 0.0, 1.0]
            ]
        },
        {
            "name": "Knee_L",
            "time": [0.0, 0.2667, 0.5333, 0.6667, 0.7667, 0.9667, 1.2, 1.2667, 1.3667, 1.5333, 1.7, 1.8667, 1.9333, 2.0333, 2.1, 2.2, 2.3, 2.3667, 2.7, 2.8667, 3.0333, 3.1333, 3.2, 3.3667, 3.7, 4.0333, 4.3667, 4.5333, 5.0333, 5.3667, 5.8667, 6.3667, 6.7, 7.0333],
            "transform": [
                [1.0, -0.0, -0.0, -0.0, -0.0, 0.0, -1.0, 0.37472, 0.0, 1.0, 0.0, -0.0, 0.0, 0.0, 0.0, 1.0],
                [1.0, -0.0, -0.0, -0.0, -0.0, 0.0, -1.0, 0.37472, 0.0, 1.0, 0.0, 0.0, 0.0, 0.0, 0.0, 1.0],
                [1.0, -0.0, -0.0, 0.0, -0.0, 0.0, -1.0, 0.37472, 0.0, 1.0, 0.0, 0.0, 0.0, 0.0, 0.0, 1.0],
                [1.0, -0.0, -0.0, 0.0, -0.0, 0.0, -1.0, 0.37472, 0.0, 1.0, 0.0, -0.0, 0.0, 0.0, 0.0, 1.0],
                [1.0, -0.0, -0.0, -0.0, -0.0, 0.0, -1.0, 0.37472, 0.0, 1.0, 0.0, -0.0, 0.0, 0.0, 0.0, 1.0],
                [1.0, -0.0, -0.0, 0.0, -0.0, 0.0, -1.0, 0.37472, 0.0, 1.0, 0.0, -0.0, 0.0, 0.0, 0.0, 1.0],
                [1.0, -0.0, -1e-06, 0.0, -0.0, 0.0, -1.0, 0.37472, 0.0, 1.0, 0.0, -0.0, 0.0, 0.0, 0.0, 1.0],
                [1.0, -0.0, -0.0, -0.0, -0.0, 0.0, -1.0, 0.37472, 0.0, 1.0, 0.0, -0.0, 0.0, 0.0, 0.0, 1.0],
                [1.0, -0.0, -0.0, -0.0, -0.0, 0.0, -1.0, 0.37472, 0.0, 1.0, 0.0, -0.0, 0.0, 0.0, 0.0, 1.0],
                [1.0, -0.0, -1e-06, 0.0, -0.0, 0.0, -1.0, 0.37472, 0.0, 1.0, 0.0, 0.0, 0.0, 0.0, 0.0, 1.0],
                [1.0, -0.0, -0.0, -0.0, -0.0, 0.0, -1.0, 0.37472, 0.0, 1.0, 0.0, -0.0, 0.0, 0.0, 0.0, 1.0],
                [1.0, -0.0, -0.0, -0.0, -0.0, 0.0, -1.0, 0.37472, 0.0, 1.0, 0.0, -0.0, 0.0, 0.0, 0.0, 1.0],
                [1.0, -0.0, -0.0, -0.0, -0.0, 0.0, -1.0, 0.37472, 0.0, 1.0, 0.0, 0.0, 0.0, 0.0, 0.0, 1.0],
                [1.0, -0.0, -0.0, 0.0, -0.0, 0.0, -1.0, 0.37472, 0.0, 1.0, 0.0, 0.0, 0.0, 0.0, 0.0, 1.0],
                [1.0, -0.0, -1e-06, 0.0, -0.0, 0.0, -1.0, 0.37472, 0.0, 1.0, 0.0, 0.0, 0.0, 0.0, 0.0, 1.0],
                [1.0, -0.0, -0.0, -0.0, -0.0, 0.0, -1.0, 0.37472, 0.0, 1.0, 0.0, -0.0, 0.0, 0.0, 0.0, 1.0],
                [1.0, -0.0, -0.0, 0.0, -0.0, 0.0, -1.0, 0.37472, 0.0, 1.0, 0.0, -0.0, 0.0, 0.0, 0.0, 1.0],
                [1.0, -0.0, -0.0, -0.0, -0.0, 0.0, -1.0, 0.37472, 0.0, 1.0, 0.0, 0.0, 0.0, 0.0, 0.0, 1.0],
                [1.0, -0.0, -0.0, -0.0, -0.0, 0.0, -1.0, 0.37472, 0.0, 1.0, 0.0, -0.0, 0.0, 0.0, 0.0, 1.0],
                [1.0, -0.0, -0.0, 0.0, -0.0, 0.0, -1.0, 0.37472, 0.0, 1.0, 0.0, 0.0, 0.0, 0.0, 0.0, 1.0],
                [1.0, -0.0, -0.0, -0.0, -0.0, 0.0, -1.0, 0.37472, 0.0, 1.0, 0.0, -0.0, 0.0, 0.0, 0.0, 1.0],
                [1.0, -0.0, -0.0, -0.0, -0.0, 0.0, -1.0, 0.37472, 0.0, 1.0, 0.0, 0.0, 0.0, 0.0, 0.0, 1.0],
                [1.0, -0.0, -0.0, -0.0, -0.0, 0.0, -1.0, 0.37472, 0.0, 1.0, 0.0, 0.0, 0.0, 0.0, 0.0, 1.0],
                [1.0, -0.0, -0.0, -0.0, -1e-06, 0.0, -1.0, 0.374721, 0.0, 1.0, 0.0, -0.0, 0.0, 0.0, 0.0, 1.0],
                [1.0, -0.0, -0.0, -0.0, -0.0, 0.0, -1.0, 0.37472, 0.0, 1.0, 0.0, 0.0, 0.0, 0.0, 0.0, 1.0],
                [1.0, -0.0, -0.0, 0.0, -0.0, 0.0, -1.0, 0.37472, 0.0, 1.0, 0.0, 0.0, 0.0, 0.0, 0.0, 1.0],
                [1.0, -0.0, -0.0, 0.0, -0.0, 0.0, -1.0, 0.37472, 0.0, 1.0, 0.0, -0.0, 0.0, 0.0, 0.0, 1.0],
                [1.0, -0.0, -0.0, -0.0, -0.0, 0.0, -1.0, 0.37472, 0.0, 1.0, 0.0, 0.0, 0.0, 0.0, 0.0, 1.0],
                [1.0, -0.0, -1e-06, -0.0, -0.0, 0.0, -1.0, 0.37472, 0.0, 1.0, 0.0, -0.0, 0.0, 0.0, 0.0, 1.0],
                [1.0, -0.0, -0.0, 0.0, -0.0, 0.0, -1.0, 0.37472, 0.0, 1.0, 0.0, 0.0, 0.0, 0.0, 0.0, 1.0],
                [1.0, -0.0, -1e-06, 0.0, -0.0, 0.0, -1.0, 0.37472, 0.0, 1.0, 0.0, -0.0, 0.0, 0.0, 0.0, 1.0],
                [1.0, -0.0, -0.0, -1e-06, -0.0, 0.0, -1.0, 0.37472, 0.0, 1.0, 0.0, -0.0, 0.0, 0.0, 0.0, 1.0],
                [1.0, -0.0, -0.0, 0.0, -1e-06, 0.0, -1.0, 0.37472, 0.0, 1.0, 0.0, -0.0, 0.0, 0.0, 0.0, 1.0],
                [1.0, -0.0, -0.0, -0.0, -0.0, 0.0, -1.0, 0.37472, 0.0, 1.0, 0.0, -0.0, 0.0, 0.0, 0.0, 1.0]
            ]
        },
        {
            "name": "Torso",
            "time": [0.0, 0.2667, 0.5333, 0.6667, 0.7667, 0.9667, 1.2, 1.2667, 1.3667, 1.5333, 1.7, 1.8667, 1.9333, 2.0333, 2.1, 2.2, 2.3, 2.3667, 2.7, 2.8667, 3.0333, 3.1333, 3.2, 3.3667, 3.7, 4.0333, 4.3667, 4.5333, 5.0333, 5.3667, 5.8667, 6.3667, 6.7, 7.0333],
            "transform": [
                [0.22179, 0.024199, -0.974795, 0.0, -0.124127, 0.992259, -0.00361, 0.05, 0.967162, 0.121798, 0.223077, -0.0, 0.0, 0.0, 0.0, 1.0],
                [0.208289, 0.654665, -0.726657, -0.0, 0.177228, 0.70539, 0.686306, 0.05, 0.961877, -0.271734, 0.0309, 0.0, 0.0, 0.0, 0.0, 1.0],
                [0.584127, 0.458715, -0.669609, -0.0, 0.422657, 0.532402, 0.733423, 0.05, 0.692933, -0.711427, 0.117112, -0.0, 0.0, 0.0, 0.0, 1.0],
                [0.834374, 0.033912, -0.550155, 0.0, 0.481484, 0.441021, 0.757412, 0.05, 0.268316, -0.896855, 0.351648, 0.0, 0.0, 0.0, 0.0, 1.0],
                [0.868459, -0.273546, -0.413463, -0.0, 0.492035, 0.373528, 0.78637, 0.05, -0.060669, -0.886368, 0.458988, -0.0, 0.0, 0.0, 0.0, 1.0],
                [0.809438, -0.586012, 0.037409, 0.0, 0.03382, 0.110125, 0.993342, 0.05, -0.58623, -0.802784, 0.108959, -0.0, 0.0, 0.0, 0.0, 1.0],
                [0.11163, -0.949072, 0.29462, -0.0, -0.747238, 0.11528, 0.654482, 0.05, -0.655114, -0.29321, -0.696314, 0.0, 0.0, 0.0, 0.0, 1.0],
                [-0.002436, -0.976803, 0.214127, 0.0, -0.979297, 0.045673, 0.197208, 0.05, -0.202414, -0.209214, -0.956691, 0.0, 0.0, 0.0, 0.0, 1.0],
                [-0.059963, -0.998154, 0.009635, 0.0, -0.824924, 0.044117, -0.563519, 0.05, 0.562054, -0.041738, -0.826047, 0.0, 0.0, 0.0, 0.0, 1.0],
                [0.223789, -0.973511, 0.046848, 0.0, 0.450975, 0.060817, -0.890462, 0.05, 0.864026, 0.220403, 0.452639, 0.0, 0.0, 0.0, 0.0, 1.0],
                [0.108971, -0.914211, 0.390313, 0.0, 0.985299, 0.15131, 0.079321, 0.05, -0.131575, 0.375931, 0.917259, 0.0, 0.0, 0.0, 0.0, 1.0],
                [-0.621418, -0.515758, 0.589774, -0.0, 0.565506, 0.225733, 0.793252, 0.05, -0.542258, 0.826461, 0.15139, 0.0, 0.0, 0.0, 0.0, 1.0],
                [-0.889211, -0.153894, 0.430837, 0.0, 0.365437, 0.327648, 0.871265, 0.05, -0.275245, 0.932182, -0.23511, 0.0, 0.0, 0.0, 0.0, 1.0],
                [-0.938142, 0.334082, -0.090992, -0.0, 0.131473, 0.586806, 0.798983, 0.05, 0.320321, 0.737596, -0.59443, 0.0, 0.0, 0.0, 0.0, 1.0],
                [-0.876971, 0.403842, -0.260449, -0.0, 0.071224, 0.645236, 0.760656, 0.05, 0.475237, 0.648522, -0.594617, 0.0, 0.0, 0.0, 0.0, 1.0],
                [-0.728402, 0.467342, -0.501021, -0.0, 0.004484, 0.734494, 0.678601, 0.05, 0.685135, 0.492047, -0.537103, 0.0, 0.0, 0.0, 0.0, 1.0],
                [-0.559373, 0.490999, -0.667849, -0.0, -0.028825, 0.793679, 0.607653, 0.05, 0.828415, 0.359155, -0.429809, 0.0, 0.0, 0.0, 0.0, 1.0],
                [-0.429823, 0.487262, -0.76015, -0.0, -0.039256, 0.831004, 0.554879, 0.05, 0.90206, 0.26834, -0.338057, 0.0, 0.0, 0.0, 0.0, 1.0],
                [0.192808, 0.234643, -0.952769, -0.0, 0.133649, 0.955658, 0.262401, 0.05, 0.972092, -0.177929, 0.152899, 0.0, 0.0, 0.0, 0.0, 1.0],
                [0.49457, 0.020028, -0.868908, -0.0, 0.289965, 0.938653, 0.18668, 0.05, 0.819342, -0.344279, 0.458422, 0.0, 0.0, 0.0, 0.0, 1.0],
                [0.886794, -0.249081, -0.389301, 0.0, 0.382983, 0.867538, 0.317336, 0.05, 0.258691, -0.430507, 0.864721, 0.0, 0.0, 0.0, 0.0, 1.0],
                [0.465893, -0.506235, 0.725721, -0.0, 0.018637, 0.825602, 0.563944, 0.05, -0.884645, -0.249212, 0.394077, 0.0, 0.0, 0.0, 0.0, 1.0],
                [-0.342558, -0.482002, 0.80643, -0.0, -0.235351, 0.87502, 0.423026, 0.05, -0.909541, -0.044883, -0.413184, 0.0, 0.0, 0.0, 0.0, 1.0],
                [-0.714692, -0.366385, 0.5958, 0.0, -0.198894, 0.923117, 0.329085, 0.05, -0.670565, 0.116694, -0.732616, 0.0, 0.0, 0.0, 0.0, 1.0],
                [-0.686215, -0.307985, 0.65898, 0.0, -0.159661, 0.947621, 0.276626, 0.05, -0.70966, 0.084612, -0.699446, 0.0, 0.0, 0.0, 0.0, 1.0],
                [-0.657746, -0.290706, 0.694881, 0.0, -0.170075, 0.956017, 0.238968, 0.05, -0.733788, 0.038998, -0.678258, 0.0, 0.0, 0.0, 0.0, 1.0],
                [-0.395306, -0.29101, 0.871233, 0.0, -0.142691, 0.956428, 0.254723, 0.05, -0.907399, -0.023624, -0.419607, 0.0, 0.0, 0.0, 0.0, 1.0],
                [0.358773, -0.162, 0.91926, 0.0, 0.00963, 0.985414, 0.169901, 0.05, -0.933375, -0.052103, 0.3551, 0.0, 0.0, 0.0, 0.0, 1.0],
                [0.913981, -0.049927, 0.402673, 0.0, 0.054761, 0.998499, -0.000492, 0.05, -0.402045, 0.022501, 0.915344, -0.0, 0.0, 0.0, 0.0, 1.0],
                [0.804311, 0.080628, 0.588714, -0.0, -0.059092, 0.996693, -0.055772, 0.05, -0.591264, 0.01007, 0.806416, -0.0, 0.0, 0.0, 0.0, 1.0],
                [0.532621, 0.021495, 0.846081, -0.0, -0.061057, 0.998048, 0.013081, 0.05, -0.844149, -0.058627, 0.532895, -0.0, 0.0, 0.0, 0.0, 1.0],
                [0.438813, 0.052608, 0.897038, 0.0, -0.036317, 0.998507, -0.040793, 0.05, -0.897844, -0.014677, 0.440068, -0.0, 0.0, 0.0, 0.0, 1.0],
                [0.97175, 0.04884, 0.230905, 0.0, -0.038721, 0.998089, -0.048158, 0.05, -0.232816, 0.037857, 0.971784, -0.0, 0.0, 0.0, 0.0, 1.0],
                [0.797623, 0.005907, -0.603128, 0.0, -0.045935, 0.997643, -0.050977, 0.05, 0.601406, 0.068365, 0.796014, -0.0, 0.0, 0.0, 0.0, 1.0]
            ]
        },
        {
            "name": "Chest",
            "time": [0.0, 0.2667, 0.5333, 0.6667, 0.7667, 0.9667, 1.2, 1.2667, 1.3667, 1.5333, 1.7, 1.8667, 1.9333, 2.0333, 2.1, 2.2, 2.3, 2.3667, 2.7, 2.8667, 3.0333, 3.1333, 3.2, 3.3667, 3.7, 4.0333, 4.3667, 4.5333, 5.0333, 5.3667, 5.8667, 6.3667, 6.7, 7.0333],
            "transform": [
                [0.883791, -0.212895, 0.416641, -0.0, -0.074341, 0.815273, 0.574284, 0.3, -0.461939, -0.53852, 0.704705, 0.0, 0.0, 0.0, 0.0, 1.0],
                [0.985912, -0.067362, -0.153105, 0.0, 0.133894, 0.866439, 0.480994, 0.3, 0.100255, -0.494717, 0.863251, -0.0, 0.0, 0.0, 0.0, 1.0],
                [0.97648, -0.21494, -0.016996, -0.0, 0.211221, 0.937792, 0.275556, 0.3, -0.04329, -0.272664, 0.961134, -0.0, 0.0, 0.0, 0.0, 1.0],
                [0.951827, -0.278738, 0.127795, -0.0, 0.263927, 0.95688, 0.121336, 0.3, -0.156105, -0.081763, 0.98435, 0.0, 0.0, 0.0, 0.0, 1.0],
                [0.924871, -0.30448, 0.22783, 0.0, 0.30789, 0.951183, 0.021327, 0.3, -0.223202, 0.050422, 0.973467, -0.0, 0.0, 0.0, 0.0, 1.0],
                [0.941278, -0.222059, 0.254335, -0.0, 0.229737, 0.973253, -0.000498, 0.3, -0.247422, 0.058899, 0.967115, -0.0, 0.0, 0.0, 0.0, 1.0],
