{
    "animation": [
        {
            "name": "Root",
            "time": [0.0, 0.0333, 0.0667, 0.1, 0.1333, 0.1667, 0.2, 0.2333, 0.2667, 0.3, 0.3333, 0.3667, 0.4, 0.4333, 0.4667, 0.5, 0.5333, 0.5667, 0.6, 0.6333, 0.6667, 0.7, 0.7333, 0.7667, 0.8, 0.8333, 0.8667, 0.9, 0.9333, 0.9667, 1.0, 1.0333, 1.0667, 1.1, 1.1333, 1.1667, 1.2, 1.2333, 1.2667, 1.3, 1.3333, 1.3667, 1.4, 1.4333, 1.4667, 1.5, 1.5333, 1.5667, 1.6, 1.6333, 1.6667, 1.7, 1.7333, 1.7667, 1.8, 1.8333, 1.8667, 1.9, 1.9333, 1.9667, 2.0, 2.0333, 2.0667, 2.1, 2.1333, 2.1667, 2.2, 2.2333, 2.2667, 2.3, 2.3333, 2.3667, 2.4, 2.4333, 2.4667, 2.5, 2.5333, 2.5667, 2.6, 2.6333, 2.6667, 2.7, 2.7333, 2.7667, 2.8, 2.8333, 2.8667, 2.9, 2.9333, 2.9667, 3.0, 3.0333, 3.0667, 3.1, 3.1333, 3.1667, 3.2, 3.2333, 3.2667, 3.3, 3.3333, 3.3667, 3.4, 3.4333, 3.4667, 3.5, 3.5333, 3.5667, 3.6, 3.6333, 3.6667, 3.7, 3.7333, 3.7667, 3.8, 3.8333, 3.8667, 3.9, 3.9333, 3.9667, 4.0, 4.0333, 4.0667, 4.1, 4.1333, 4.1667, 4.2, 4.2333, 4.2667, 4.3, 4.3333, 4.3667, 4.4, 4.4333, 4.4667, 4.5, 4.5333, 4.5667, 4.6, 4.6333, 4.6667, 4.7, 4.7333, 4.7667, 4.8, 4.8333, 4.8667, 4.9, 4.9333, 4.9667, 5.0, 5.0333, 5.0667, 5.1, 5.1333, 5.1667, 5.2, 5.2333, 5.2667, 5.3, 5.3333],
            "transform": [
                [1.0, 0.0, 0.0, 0.0, 0.0, 0.0, -1.0, 0.0, -0.0, 1.0, 0.0, 0.69316, 0.0, 0.0, 0.0, 1.0],
                [1.0, 0.0, 0.0, -0.00077, 0.0, 0.0, -1.0, 0.044257, -0.0, 1.0, 0.0, 0.69316, 0.0, 0.0, 0.0, 1.0],
                [1.0, 0.0, 0.0, -0.00154, 0.0, 0.0, -1.0, 0.088514, -0.0, 1.0, 0.0, 0.69316, 0.0, 0.0, 0.0, 1.0],
                [1.0, 0.0, 0.0, -0.00231, 0.0, 0.0, -1.0, 0.13277, -0.0, 1.0, 0.0, 0.69316, 0.0, 0.0, 0.0, 1.0],
                [1.0, 0.0, 0.0, -0.003079, 0.0, 0.0, -1.0, 0.177027, -0.0, 1.0, 0.0, 0.69316, 0.0, 0.0, 0.0, 1.0],
                [1.0, 0.0, 0.0, -0.003849, 0.0, 0.0, -1.0, 0.221284, -0.0, 1.0, 0.0, 0.69316, 0.0, 0.0, 0.0, 1.0],
                [1.0, 0.0, 0.0, 0.016262, 0.0, 0.0, -1.0, 0.304276, -0.0, 1.0, 0.0, 0.712392, 0.0, 0.0, 0.0, 1.0],
                [1.0, 0.0, 0.0, 0.036372, 0.0, 0.0, -1.0, 0.387268, -0.0, 1.0, 0.0, 0.731623, 0.0, 0.0, 0.0, 1.0],
                [1.0, 0.0, 0.0, 0.056483, 0.0, 0.0, -1.0, 0.47026, -0.0, 1.0, 0.0, 0.750855, 0.0, 0.0, 0.0, 1.0],
                [1.0, 0.0, 0.0, 0.076594, 0.0, 0.0, -1.0, 0.553252, -0.0, 1.0, 0.0, 0.770086, 0.0, 0.0, 0.0, 1.0],
                [1.0, 0.0, 0.0, 0.096704, 0.0, 0.0, -1.0, 0.636245, -0.0, 1.0, 0.0, 0.789317, 0.0, 0.0, 0.0, 1.0],
                [1.0, 0.0, 0.0, 0.061293, 0.0, 0.0, -1.0, 0.743952, -0.0, 1.0, 0.0, 0.761499, 0.0, 0.0, 0.0, 1.0],
                [1.0, 0.0, 0.0, 0.025882, 0.0, 0.0, -1.0, 0.85166, -0.0, 1.0, 0.0, 0.73368, 0.0, 0.0, 0.0, 1.0],
                [1.0, 0.0, 0.0, -0.00953, 0.0, 0.0, -1.0, 0.959368, -0.0, 1.0, 0.0, 0.705861, 0.0, 0.0, 0.0, 1.0],
                [1.0, 0.0, 0.0, -0.044941, 0.0, 0.0, -1.0, 1.067076, -0.0, 1.0, 0.0, 0.678042, 0.0, 0.0, 0.0, 1.0],
                [1.0, 0.0, 0.0, -0.080353, 0.0, 0.0, -1.0, 1.174783, -0.0, 1.0, 0.0, 0.650223, 0.0, 0.0, 0.0, 1.0],
                [1.0, 0.0, 0.0, -0.083034, 0.0, 0.0, -1.0, 1.208814, -0.0, 1.0, 0.0, 0.640167, 0.0, 0.0, 0.0, 1.0],
                [1.0, 0.0, 0.0, -0.085715, 0.0, 0.0, -1.0, 1.242844, -0.0, 1.0, 0.0, 0.630111, 0.0, 0.0, 0.0, 1.0],
                [1.0, 0.0, 0.0, -0.088395, 0.0, 0.0, -1.0, 1.276874, -0.0, 1.0, 0.0, 0.620056, 0.0, 0.0, 0.0, 1.0],
                [1.0, 0.0, 0.0, -0.091076, 0.0, 0.0, -1.0, 1.310904, -0.0, 1.0, 0.0, 0.61, 0.0, 0.0, 0.0, 1.0],
                [1.0, 0.0, 0.0, -0.093757, 0.0, 0.0, -1.0, 1.344934, -0.0, 1.0, 0.0, 0.599944, 0.0, 0.0, 0.0, 1.0],
                [1.0, 0.0, 0.0, -0.110172, 0.0, 0.0, -1.0, 1.432763, -0.0, 1.0, 0.0, 0.596842, 0.0, 0.0, 0.0, 1.0],
                [1.0, 0.0, 0.0, -0.126587, 0.0, 0.0, -1.0, 1.520592, -0.0, 1.0, 0.0, 0.59374, 0.0, 0.0, 0.0, 1.0],
                [1.0, 0.0, 0.0, -0.143001, 0.0, 0.0, -1.0, 1.608421, -0.0, 1.0, 0.0, 0.590638, 0.0, 0.0, 0.0, 1.0],
                [1.0, 0.0, 0.0, -0.159416, 0.0, 0.0, -1.0, 1.69625, -0.0, 1.0, 0.0, 0.587535, 0.0, 0.0, 0.0, 1.0],
                [1.0, 0.0, 0.0, -0.175831, 0.0, 0.0, -1.0, 1.78408, -0.0, 1.0, 0.0, 0.584433, 0.0, 0.0, 0.0, 1.0],
                [1.0, 0.0, 0.0, -0.205704, 0.0, 0.0, -1.0, 1.800346, -0.0, 1.0, 0.0, 0.553365, 0.0, 0.0, 0.0, 1.0],
                [1.0, 0.0, 0.0, -0.235577, 0.0, 0.0, -1.0, 1.816613, -0.0, 1.0, 0.0, 0.522296, 0.0, 0.0, 0.0, 1.0],
                [1.0, 0.0, 0.0, -0.26545, 0.0, 0.0, -1.0, 1.832879, -0.0, 1.0, 0.0, 0.491227, 0.0, 0.0, 0.0, 1.0],
                [1.0, 0.0, 0.0, -0.295322, 0.0, 0.0, -1.0, 1.849146, -0.0, 1.0, 0.0, 0.460159, 0.0, 0.0, 0.0, 1.0],
                [1.0, 0.0, 0.0, -0.325195, 0.0, 0.0, -1.0, 1.865412, -0.0, 1.0, 0.0, 0.42909, 0.0, 0.0, 0.0, 1.0],
                [1.0, 0.0, 0.0, -0.32142, 0.0, 0.0, -1.0, 1.849813, -0.0, 1.0, 0.0, 0.431192, 0.0, 0.0, 0.0, 1.0],
                [1.0, 0.0, 0.0, -0.317645, 0.0, 0.0, -1.0, 1.834213, -0.0, 1.0, 0.0, 0.433294, 0.0, 0.0, 0.0, 1.0],
                [1.0, 0.0, 0.0, -0.313869, 0.0, 0.0, -1.0, 1.818614, -0.0, 1.0, 0.0, 0.435396, 0.0, 0.0, 0.0, 1.0],
                [1.0, 0.0, 0.0, -0.310094, 0.0, 0.0, -1.0, 1.803014, -0.0, 1.0, 0.0, 0.437497, 0.0, 0.0, 0.0, 1.0],
                [1.0, 0.0, 0.0, -0.306319, 0.0, 0.0, -1.0, 1.787415, -0.0, 1.0, 0.0, 0.439599, 0.0, 0.0, 0.0, 1.0],
                [1.0, 0.0, 0.0, -0.299172, 0.0, 0.0, -1.0, 1.776036, -0.0, 1.0, 0.0, 0.44156, 0.0, 0.0, 0.0, 1.0],
                [1.0, 0.0, 0.0, -0.292026, 0.0, 0.0, -1.0, 1.764656, -0.0, 1.0, 0.0, 0.44352, 0.0, 0.0, 0.0, 1.0],
                [1.0, 0.0, 0.0, -0.28488, 0.0, 0.0, -1.0, 1.753277, -0.0, 1.0, 0.0, 0.44548, 0.0, 0.0, 0.0, 1.0],
                [1.0, 0.0, 0.0, -0.277734, 0.0, 0.0, -1.0, 1.741898, -0.0, 1.0, 0.0, 0.44744, 0.0, 0.0, 0.0, 1.0],
                [1.0, 0.0, 0.0, -0.270587, 0.0, 0.0, -1.0, 1.730519, -0.0, 1.0, 0.0, 0.4494, 0.0, 0.0, 0.0, 1.0],
                [1.0, 0.0, 0.0, -0.272505, 0.0, 0.0, -1.0, 1.730706, -0.0, 1.0, 0.0, 0.450476, 0.0, 0.0, 0.0, 1.0],
                [1.0, 0.0, 0.0, -0.274422, 0.0, 0.0, -1.0, 1.730893, -0.0, 1.0, 0.0, 0.451552, 0.0, 0.0, 0.0, 1.0],
                [1.0, 0.0, 0.0, -0.27634, 0.0, 0.0, -1.0, 1.73108, -0.0, 1.0, 0.0, 0.452627, 0.0, 0.0, 0.0, 1.0],
                [1.0, 0.0, 0.0, -0.278257, 0.0, 0.0, -1.0, 1.731267, -0.0, 1.0, 0.0, 0.453703, 0.0, 0.0, 0.0, 1.0],
                [1.0, 0.0, 0.0, -0.280175, 0.0, 0.0, -1.0, 1.731454, -0.0, 1.0, 0.0, 0.454779, 0.0, 0.0, 0.0, 1.0],
                [1.0, 0.0, 0.0, -0.282092, 0.0, 0.0, -1.0, 1.731641, -0.0, 1.0, 0.0, 0.455854, 0.0, 0.0, 0.0, 1.0],
                [1.0, 0.0, 0.0, -0.28401, 0.0, 0.0, -1.0, 1.731828, -0.0, 1.0, 0.0, 0.45693, 0.0, 0.0, 0.0, 1.0],
                [1.0, 0.0, 0.0, -0.285927, 0.0, 0.0, -1.0, 1.732015, -0.0, 1.0, 0.0, 0.458006, 0.0, 0.0, 0.0, 1.0],
                [1.0, 0.0, 0.0, -0.287844, 0.0, 0.0, -1.0, 1.732202, -0.0, 1.0, 0.0, 0.459081, 0.0, 0.0, 0.0, 1.0],
                [1.0, 0.0, 0.0, -0.289762, 0.0, 0.0, -1.0, 1.732389, -0.0, 1.0, 0.0, 0.460157, 0.0, 0.0, 0.0, 1.0],
                [1.0, 0.0, 0.0, -0.292695, 0.0, 0.0, -1.0, 1.733233, -0.0, 1.0, 0.0, 0.460495, 0.0, 0.0, 0.0, 1.0],
                [1.0, 0.0, 0.0, -0.295629, 0.0, 0.0, -1.0, 1.734078, -0.0, 1.0, 0.0, 0.460832, 0.0, 0.0, 0.0, 1.0],
                [1.0, 0.0, 0.0, -0.298562, 0.0, 0.0, -1.0, 1.734922, -0.0, 1.0, 0.0, 0.46117, 0.0, 0.0, 0.0, 1.0],
                [1.0, 0.0, 0.0, -0.301495, 0.0, 0.0, -1.0, 1.735767, -0.0, 1.0, 0.0, 0.461507, 0.0, 0.0, 0.0, 1.0],
                [1.0, 0.0, 0.0, -0.304429, 0.0, 0.0, -1.0, 1.736611, -0.0, 1.0, 0.0, 0.461845, 0.0, 0.0, 0.0, 1.0],
                [1.0, 0.0, 0.0, -0.307362, 0.0, 0.0, -1.0, 1.737455, -0.0, 1.0, 0.0, 0.462182, 0.0, 0.0, 0.0, 1.0],
                [1.0, 0.0, 0.0, -0.310295, 0.0, 0.0, -1.0, 1.7383, -0.0, 1.0, 0.0, 0.46252, 0.0, 0.0, 0.0, 1.0],
                [1.0, 0.0, 0.0, -0.313229, 0.0, 0.0, -1.0, 1.739144, -0.0, 1.0, 0.0, 0.462858, 0.0, 0.0, 0.0, 1.0],
                [1.0, 0.0, 0.0, -0.316162, 0.0, 0.0, -1.0, 1.739989, -0.0, 1.0, 0.0, 0.463195, 0.0, 0.0, 0.0, 1.0],
                [1.0, 0.0, 0.0, -0.319095, 0.0, 0.0, -1.0, 1.740833, -0.0, 1.0, 0.0, 0.463533, 0.0, 0.0, 0.0, 1.0],
                [1.0, 0.0, 0.0, -0.319533, 0.0, 0.0, -1.0, 1.743239, -0.0, 1.0, 0.0, 0.463538, 0.0, 0.0, 0.0, 1.0],
                [1.0, 0.0, 0.0, -0.319971, 0.0, 0.0, -1.0, 1.745645, -0.0, 1.0, 0.0, 0.463544, 0.0, 0.0, 0.0, 1.0],
                [1.0, 0.0, 0.0, -0.320408, 0.0, 0.0, -1.0, 1.748051, -0.0, 1.0, 0.0, 0.463549, 0.0, 0.0, 0.0, 1.0],
                [1.0, 0.0, 0.0, -0.320846, 0.0, 0.0, -1.0, 1.750457, -0.0, 1.0, 0.0, 0.463555, 0.0, 0.0, 0.0, 1.0],
                [1.0, 0.0, 0.0, -0.321284, 0.0, 0.0, -1.0, 1.752863, -0.0, 1.0, 0.0, 0.46356, 0.0, 0.0, 0.0, 1.0],
                [1.0, 0.0, 0.0, -0.321722, 0.0, 0.0, -1.0, 1.755269, -0.0, 1.0, 0.0, 0.463566, 0.0, 0.0, 0.0, 1.0],
                [1.0, 0.0, 0.0, -0.322159, 0.0, 0.0, -1.0, 1.757675, -0.0, 1.0, 0.0, 0.463571, 0.0, 0.0, 0.0, 1.0],
                [1.0, 0.0, 0.0, -0.322597, 0.0, 0.0, -1.0, 1.760081, -0.0, 1.0, 0.0, 0.463576, 0.0, 0.0, 0.0, 1.0],
                [1.0, 0.0, 0.0, -0.323035, 0.0, 0.0, -1.0, 1.762487, -0.0, 1.0, 0.0, 0.463582, 0.0, 0.0, 0.0, 1.0],
                [1.0, 0.0, 0.0, -0.323472, 0.0, 0.0, -1.0, 1.764893, -0.0, 1.0, 0.0, 0.463587, 0.0, 0.0, 0.0, 1.0],
                [1.0, 0.0, 0.0, -0.323183, 0.0, 0.0, -1.0, 1.758058, -0.0, 1.0, 0.0, 0.463297, 0.0, 0.0, 0.0, 1.0],
                [1.0, 0.0, 0.0, -0.322893, 0.0, 0.0, -1.0, 1.751223, -0.0, 1.0, 0.0, 0.463006, 0.0, 0.0, 0.0, 1.0],
                [1.0, 0.0, 0.0, -0.322603, 0.0, 0.0, -1.0, 1.744388, -0.0, 1.0, 0.0, 0.462716, 0.0, 0.0, 0.0, 1.0],
                [1.0, 0.0, 0.0, -0.322313, 0.0, 0.0, -1.0, 1.737554, -0.0, 1.0, 0.0, 0.462425, 0.0, 0.0, 0.0, 1.0],
                [1.0, 0.0, 0.0, -0.322024, 0.0, 0.0, -1.0, 1.730719, -0.0, 1.0, 0.0, 0.462135, 0.0, 0.0, 0.0, 1.0],
                [1.0, 0.0, 0.0, -0.321398, 0.0, 0.0, -1.0, 1.712089, -0.0, 1.0, 0.0, 0.471593, 0.0, 0.0, 0.0, 1.0],
                [1.0, 0.0, 0.0, -0.320772, 0.0, 0.0, -1.0, 1.693459, -0.0, 1.0, 0.0, 0.481051, 0.0, 0.0, 0.0, 1.0],
                [1.0, 0.0, 0.0, -0.320146, 0.0, 0.0, -1.0, 1.674829, -0.0, 1.0, 0.0, 0.490509, 0.0, 0.0, 0.0, 1.0],
                [1.0, 0.0, 0.0, -0.319521, 0.0, 0.0, -1.0, 1.656199, -0.0, 1.0, 0.0, 0.499967, 0.0, 0.0, 0.0, 1.0],
                [1.0, 0.0, 0.0, -0.318895, 0.0, 0.0, -1.0, 1.63757, -0.0, 1.0, 0.0, 0.509425, 0.0, 0.0, 0.0, 1.0],
                [1.0, 0.0, 0.0, -0.311643, 0.0, 0.0, -1.0, 1.592971, -0.0, 1.0, 0.0, 0.520544, 0.0, 0.0, 0.0, 1.0],
                [1.0, 0.0, 0.0, -0.304392, 0.0, 0.0, -1.0, 1.548372, -0.0, 1.0, 0.0, 0.531663, 0.0, 0.0, 0.0, 1.0],
                [1.0, 0.0, 0.0, -0.297141, 0.0, 0.0, -1.0, 1.503773, -0.0, 1.0, 0.0, 0.542782, 0.0, 0.0, 0.0, 1.0],
                [1.0, 0.0, 0.0, -0.289889, 0.0, 0.0, -1.0, 1.459174, -0.0, 1.0, 0.0, 0.553901, 0.0, 0.0, 0.0, 1.0],
                [1.0, 0.0, 0.0, -0.282638, 0.0, 0.0, -1.0, 1.414575, -0.0, 1.0, 0.0, 0.56502, 0.0, 0.0, 0.0, 1.0],
                [1.0, 0.0, 0.0, -0.282023, 0.0, 0.0, -1.0, 1.376251, -0.0, 1.0, 0.0, 0.567969, 0.0, 0.0, 0.0, 1.0],
                [1.0, 0.0, 0.0, -0.281408, 0.0, 0.0, -1.0, 1.337927, -0.0, 1.0, 0.0, 0.570918, 0.0, 0.0, 0.0, 1.0],
                [1.0, 0.0, 0.0, -0.280793, 0.0, 0.0, -1.0, 1.299604, -0.0, 1.0, 0.0, 0.573867, 0.0, 0.0, 0.0, 1.0],
                [1.0, 0.0, 0.0, -0.280179, 0.0, 0.0, -1.0, 1.26128, -0.0, 1.0, 0.0, 0.576816, 0.0, 0.0, 0.0, 1.0],
                [1.0, 0.0, 0.0, -0.279564, 0.0, 0.0, -1.0, 1.222956, -0.0, 1.0, 0.0, 0.579765, 0.0, 0.0, 0.0, 1.0],
                [1.0, 0.0, 0.0, -0.278653, 0.0, 0.0, -1.0, 1.182991, -0.0, 1.0, 0.0, 0.580097, 0.0, 0.0, 0.0, 1.0],
                [1.0, 0.0, 0.0, -0.277742, 0.0, 0.0, -1.0, 1.143026, -0.0, 1.0, 0.0, 0.580429, 0.0, 0.0, 0.0, 1.0],
                [1.0, 0.0, 0.0, -0.276831, 0.0, 0.0, -1.0, 1.103061, -0.0, 1.0, 0.0, 0.580761, 0.0, 0.0, 0.0, 1.0],
                [1.0, 0.0, 0.0, -0.27592, 0.0, 0.0, -1.0, 1.063096, -0.0, 1.0, 0.0, 0.581093, 0.0, 0.0, 0.0, 1.0],
                [1.0, 0.0, 0.0, -0.275009, 0.0, 0.0, -1.0, 1.023131, -0.0, 1.0, 0.0, 0.581425, 0.0, 0.0, 0.0, 1.0],
                [1.0, 0.0, 0.0, -0.274782, 0.0, 0.0, -1.0, 0.998685, -0.0, 1.0, 0.0, 0.572002, 0.0, 0.0, 0.0, 1.0],
                [1.0, 0.0, 0.0, -0.274555, 0.0, 0.0, -1.0, 0.974239, -0.0, 1.0, 0.0, 0.562579, 0.0, 0.0, 0.0, 1.0],
                [1.0, 0.0, 0.0, -0.274328, 0.0, 0.0, -1.0, 0.949793, -0.0, 1.0, 0.0, 0.553157, 0.0, 0.0, 0.0, 1.0],
                [1.0, 0.0, 0.0, -0.274102, 0.0, 0.0, -1.0, 0.925347, -0.0, 1.0, 0.0, 0.543734, 0.0, 0.0, 0.0, 1.0],
                [1.0, 0.0, 0.0, -0.273875, 0.0, 0.0, -1.0, 0.900901, -0.0, 1.0, 0.0, 0.534311, 0.0, 0.0, 0.0, 1.0],
                [1.0, 0.0, 0.0, -0.267775, 0.0, 0.0, -1.0, 0.87136, -0.0, 1.0, 0.0, 0.524709, 0.0, 0.0, 0.0, 1.0],
                [1.0, 0.0, 0.0, -0.261676, 0.0, 0.0, -1.0, 0.841819, -0.0, 1.0, 0.0, 0.515108, 0.0, 0.0, 0.0, 1.0],
                [1.0, 0.0, 0.0, -0.255576, 0.0, 0.0, -1.0, 0.812278, -0.0, 1.0, 0.0, 0.505506, 0.0, 0.0, 0.0, 1.0],
                [1.0, 0.0, 0.0, -0.249477, 0.0, 0.0, -1.0, 0.782737, -0.0, 1.0, 0.0, 0.495904, 0.0, 0.0, 0.0, 1.0],
                [1.0, 0.0, 0.0, -0.243377, 0.0, 0.0, -1.0, 0.753195, -0.0, 1.0, 0.0, 0.486302, 0.0, 0.0, 0.0, 1.0],
                [1.0, 0.0, 0.0, -0.246105, 0.0, 0.0, -1.0, 0.752135, -0.0, 1.0, 0.0, 0.487868, 0.0, 0.0, 0.0, 1.0],
                [1.0, 0.0, 0.0, -0.248833, 0.0, 0.0, -1.0, 0.751075, -0.0, 1.0, 0.0, 0.489433, 0.0, 0.0, 0.0, 1.0],
                [1.0, 0.0, 0.0, -0.251561, 0.0, 0.0, -1.0, 0.750014, -0.0, 1.0, 0.0, 0.490999, 0.0, 0.0, 0.0, 1.0],
                [1.0, 0.0, 0.0, -0.254289, 0.0, 0.0, -1.0, 0.748954, -0.0, 1.0, 0.0, 0.492564, 0.0, 0.0, 0.0, 1.0],
                [1.0, 0.0, 0.0, -0.257017, 0.0, 0.0, -1.0, 0.747894, -0.0, 1.0, 0.0, 0.494129, 0.0, 0.0, 0.0, 1.0],
                [1.0, 0.0, 0.0, -0.271273, 0.0, 0.0, -1.0, 0.780315, -0.0, 1.0, 0.0, 0.514557, 0.0, 0.0, 0.0, 1.0],
                [1.0, 0.0, 0.0, -0.285529, 0.0, 0.0, -1.0, 0.812735, -0.0, 1.0, 0.0, 0.534984, 0.0, 0.0, 0.0, 1.0],
                [1.0, 0.0, 0.0, -0.299786, 0.0, 0.0, -1.0, 0.845156, -0.0, 1.0, 0.0, 0.555411, 0.0, 0.0, 0.0, 1.0],
                [1.0, 0.0, 0.0, -0.314042, 0.0, 0.0, -1.0, 0.877577, -0.0, 1.0, 0.0, 0.575839, 0.0, 0.0, 0.0, 1.0],
                [1.0, 0.0, 0.0, -0.328298, 0.0, 0.0, -1.0, 0.909998, -0.0, 1.0, 0.0, 0.596266, 0.0, 0.0, 0.0, 1.0],
                [1.0, 0.0, 0.0, -0.307293, 0.0, 0.0, -1.0, 0.923029, -0.0, 1.0, 0.0, 0.594637, 0.0, 0.0, 0.0, 1.0],
                [1.0, 0.0, 0.0, -0.286288, 0.0, 0.0, -1.0, 0.93606, -0.0, 1.0, 0.0, 0.593008, 0.0, 0.0, 0.0, 1.0],
                [1.0, 0.0, 0.0, -0.265282, 0.0, 0.0, -1.0, 0.949091, -0.0, 1.0, 0.0, 0.59138, 0.0, 0.0, 0.0, 1.0],
                [1.0, 0.0, 0.0, -0.244277, 0.0, 0.0, -1.0, 0.962122, -0.0, 1.0, 0.0, 0.589751, 0.0, 0.0, 0.0, 1.0],
                [1.0, 0.0, 0.0, -0.223271, 0.0, 0.0, -1.0, 0.975153, -0.0, 1.0, 0.0, 0.588122, 0.0, 0.0, 0.0, 1.0],
                [1.0, 0.0, 0.0, -0.235862, 0.0, 0.0, -1.0, 0.99123, -0.0, 1.0, 0.0, 0.587822, 0.0, 0.0, 0.0, 1.0],
                [1.0, 0.0, 0.0, -0.248452, 0.0, 0.0, -1.0, 1.007307, -0.0, 1.0, 0.0, 0.587522, 0.0, 0.0, 0.0, 1.0],
                [1.0, 0.0, 0.0, -0.261042, 0.0, 0.0, -1.0, 1.023383, -0.0, 1.0, 0.0, 0.587222, 0.0, 0.0, 0.0, 1.0],
                [1.0, 0.0, 0.0, -0.273633, 0.0, 0.0, -1.0, 1.03946, -0.0, 1.0, 0.0, 0.586922, 0.0, 0.0, 0.0, 1.0],
                [1.0, 0.0, 0.0, -0.286223, 0.0, 0.0, -1.0, 1.055537, -0.0, 1.0, 0.0, 0.586622, 0.0, 0.0, 0.0, 1.0],
                [1.0, 0.0, 0.0, -0.305632, 0.0, 0.0, -1.0, 1.102728, -0.0, 1.0, 0.0, 0.581301, 0.0, 0.0, 0.0, 1.0],
                [1.0, 0.0, 0.0, -0.325041, 0.0, 0.0, -1.0, 1.14992, -0.0, 1.0, 0.0, 0.57598, 0.0, 0.0, 0.0, 1.0],
                [1.0, 0.0, 0.0, -0.344451, 0.0, 0.0, -1.0, 1.197111, -0.0, 1.0, 0.0, 0.570659, 0.0, 0.0, 0.0, 1.0],
                [1.0, 0.0, 0.0, -0.36386, 0.0, 0.0, -1.0, 1.244303, -0.0, 1.0, 0.0, 0.565338, 0.0, 0.0, 0.0, 1.0],
                [1.0, 0.0, 0.0, -0.383269, 0.0, 0.0, -1.0, 1.291494, -0.0, 1.0, 0.0, 0.560017, 0.0, 0.0, 0.0, 1.0],
                [1.0, 0.0, 0.0, -0.352956, 0.0, 0.0, -1.0, 1.308135, -0.0, 1.0, 0.0, 0.56448, 0.0, 0.0, 0.0, 1.0],
                [1.0, 0.0, 0.0, -0.322643, 0.0, 0.0, -1.0, 1.324775, -0.0, 1.0, 0.0, 0.568942, 0.0, 0.0, 0.0, 1.0],
                [1.0, 0.0, 0.0, -0.29233, 0.0, 0.0, -1.0, 1.341416, -0.0, 1.0, 0.0, 0.573404, 0.0, 0.0, 0.0, 1.0],
                [1.0, 0.0, 0.0, -0.262018, 0.0, 0.0, -1.0, 1.358056, -0.0, 1.0, 0.0, 0.577866, 0.0, 0.0, 0.0, 1.0],
                [1.0, 0.0, 0.0, -0.231705, 0.0, 0.0, -1.0, 1.374697, -0.0, 1.0, 0.0, 0.582329, 0.0, 0.0, 0.0, 1.0],
                [1.0, 0.0, 0.0, -0.230284, 0.0, 0.0, -1.0, 1.372005, -0.0, 1.0, 0.0, 0.597662, 0.0, 0.0, 0.0, 1.0],
                [1.0, 0.0, 0.0, -0.228863, 0.0, 0.0, -1.0, 1.369312, -0.0, 1.0, 0.0, 0.612995, 0.0, 0.0, 0.0, 1.0],
                [1.0, 0.0, 0.0, -0.227442, 0.0, 0.0, -1.0, 1.36662, -0.0, 1.0, 0.0, 0.628328, 0.0, 0.0, 0.0, 1.0],
                [1.0, 0.0, 0.0, -0.226021, 0.0, 0.0, -1.0, 1.363928, -0.0, 1.0, 0.0, 0.643661, 0.0, 0.0, 0.0, 1.0],
                [1.0, 0.0, 0.0, -0.2246, 0.0, 0.0, -1.0, 1.361236, -0.0, 1.0, 0.0, 0.658995, 0.0, 0.0, 0.0, 1.0],
                [1.0, 0.0, 0.0, -0.225401, 0.0, 0.0, -1.0, 1.362198, -0.0, 1.0, 0.0, 0.666195, 0.0, 0.0, 0.0, 1.0],
                [1.0, 0.0, 0.0, -0.226202, 0.0, 0.0, -1.0, 1.363161, -0.0, 1.0, 0.0, 0.673396, 0.0, 0.0, 0.0, 1.0],
                [1.0, 0.0, 0.0, -0.227002, 0.0, 0.0, -1.0, 1.364124, -0.0, 1.0, 0.0, 0.680597, 0.0, 0.0, 0.0, 1.0],
                [1.0, 0.0, 0.0, -0.227803, 0.0, 0.0, -1.0, 1.365087, -0.0, 1.0, 0.0, 0.687797, 0.0, 0.0, 0.0, 1.0],
                [1.0, 0.0, 0.0, -0.228603, 0.0, 0.0, -1.0, 1.36605, -0.0, 1.0, 0.0, 0.694998, 0.0, 0.0, 0.0, 1.0],
                [1.0, 0.0, 0.0, -0.229404, 0.0, 0.0, -1.0, 1.367013, -0.0, 1.0, 0.0, 0.702199, 0.0, 0.0, 0.0, 1.0],
                [1.0, 0.0, 0.0, -0.230204, 0.0, 0.0, -1.0, 1.367975, -0.0, 1.0, 0.0, 0.709399, 0.0, 0.0, 0.0, 1.0],
                [1.0, 0.0, 0.0, -0.231005, 0.0, 0.0, -1.0, 1.368938, -0.0, 1.0, 0.0, 0.7166, 0.0, 0.0, 0.0, 1.0],
                [1.0, 0.0, 0.0, -0.231805, 0.0, 0.0, -1.0, 1.369901, -0.0, 1.0, 0.0, 0.723801, 0.0, 0.0, 0.0, 1.0],
                [1.0, 0.0, 0.0, -0.232606, 0.0, 0.0, -1.0, 1.370864, -0.0, 1.0, 0.0, 0.731001, 0.0, 0.0, 0.0, 1.0],
                [1.0, 0.0, 0.0, -0.234843, 0.0, 0.0, -1.0, 1.374677, -0.0, 1.0, 0.0, 0.73212, 0.0, 0.0, 0.0, 1.0],
                [1.0, 0.0, 0.0, -0.23708, 0.0, 0.0, -1.0, 1.378491, -0.0, 1.0, 0.0, 0.733238, 0.0, 0.0, 0.0, 1.0],
                [1.0, 0.0, 0.0, -0.239317, 0.0, 0.0, -1.0, 1.382304, -0.0, 1.0, 0.0, 0.734356, 0.0, 0.0, 0.0, 1.0],
                [1.0, 0.0, 0.0, -0.241554, 0.0, 0.0, -1.0, 1.386117, -0.0, 1.0, 0.0, 0.735474, 0.0, 0.0, 0.0, 1.0],
                [1.0, 0.0, 0.0, -0.243791, 0.0, 0.0, -1.0, 1.389931, -0.0, 1.0, 0.0, 0.736592, 0.0, 0.0, 0.0, 1.0],
                [1.0, 0.0, 0.0, -0.246028, 0.0, 0.0, -1.0, 1.393744, -0.0, 1.0, 0.0, 0.73771, 0.0, 0.0, 0.0, 1.0],
                [1.0, 0.0, 0.0, -0.248265, 0.0, 0.0, -1.0, 1.397557, -0.0, 1.0, 0.0, 0.738829, 0.0, 0.0, 0.0, 1.0],
                [1.0, 0.0, 0.0, -0.250502, 0.0, 0.0, -1.0, 1.401371, -0.0, 1.0, 0.0, 0.739947, 0.0, 0.0, 0.0, 1.0],
                [1.0, 0.0, 0.0, -0.252739, 0.0, 0.0, -1.0, 1.405184, -0.0, 1.0, 0.0, 0.741065, 0.0, 0.0, 0.0, 1.0],
                [1.0, 0.0, 0.0, -0.254976, 0.0, 0.0, -1.0, 1.408998, -0.0, 1.0, 0.0, 0.742183, 0.0, 0.0, 0.0, 1.0]
            ]
        },
        {
            "name": "Thigh_R",
            "time": [0.0, 0.0333, 0.0667, 0.1, 0.1333, 0.1667, 0.2, 0.2333, 0.2667, 0.3, 0.3333, 0.3667, 0.4, 0.4333, 0.4667, 0.5, 0.5333, 0.5667, 0.6, 0.6333, 0.6667, 0.7, 0.7333, 0.7667, 0.8, 0.8333, 0.8667, 0.9, 0.9333, 0.9667, 1.0, 1.0333, 1.0667, 1.1, 1.1333, 1.1667, 1.2, 1.2333, 1.2667, 1.3, 1.3333, 1.3667, 1.4, 1.4333, 1.4667, 1.5, 1.5333, 1.5667, 1.6, 1.6333, 1.6667, 1.7, 1.7333, 1.7667, 1.8, 1.8333, 1.8667, 1.9, 1.9333, 1.9667, 2.0, 2.0333, 2.0667, 2.1, 2.1333, 2.1667, 2.2, 2.2333, 2.2667, 2.3, 2.3333, 2.3667, 2.4, 2.4333, 2.4667, 2.5, 2.5333, 2.5667, 2.6, 2.6333, 2.6667, 2.7, 2.7333, 2.7667, 2.8, 2.8333, 2.8667, 2.9, 2.9333, 2.9667, 3.0, 3.0333, 3.0667, 3.1, 3.1333, 3.1667, 3.2, 3.2333, 3.2667, 3.3, 3.3333, 3.3667, 3.4, 3.4333, 3.4667, 3.5, 3.5333, 3.5667, 3.6, 3.6333, 3.6667, 3.7, 3.7333, 3.7667, 3.8, 3.8333, 3.8667, 3.9, 3.9333, 3.9667, 4.0, 4.0333, 4.0667, 4.1, 4.1333, 4.1667, 4.2, 4.2333, 4.2667, 4.3, 4.3333, 4.3667, 4.4, 4.4333, 4.4667, 4.5, 4.5333, 4.5667, 4.6, 4.6333, 4.6667, 4.7, 4.7333, 4.7667, 4.8, 4.8333, 4.8667, 4.9, 4.9333, 4.9667, 5.0, 5.0333, 5.0667, 5.1, 5.1333, 5.1667, 5.2, 5.2333, 5.2667, 5.3, 5.3333],
            "transform": [
                [0.589882, 0.231287, 0.773657, 0.124994, 0.264113, -0.960666, 0.085819, -0.00283, 0.763075, 0.15371, -0.627765, -1.2e-05, 0.0, 0.0, 0.0, 1.0],
                [0.710167, 0.215252, 0.67032, 0.124994, 0.266506, -0.963454, 0.027034, -0.00283, 0.651642, 0.159446, -0.741579, -1.2e-05, 0.0, 0.0, 0.0, 1.0],
                [0.813784, 0.199889, 0.54571, 0.124994, 0.258988, -0.96533, -0.032622, -0.00283, 0.520269, 0.16788, -0.837339, -1.2e-05, 0.0, 0.0, 0.0, 1.0],
                [0.895544, 0.185891, 0.404285, 0.124994, 0.241457, -0.966172, -0.090612, -0.002831, 0.373765, 0.178765, -0.910133, -1.2e-05, 0.0, 0.0, 0.0, 1.0],
                [0.951966, 0.173853, 0.252061, 0.124994, 0.214659, -0.965945, -0.14447, -0.002831, 0.218361, 0.191638, -0.956866, -1.2e-05, 0.0, 0.0, 0.0, 1.0],
                [0.981767, 0.164193, 0.095783, 0.124994, 0.180085, -0.964703, -0.192138, -0.002831, 0.060855, 0.205884, -0.976682, -1.2e-05, 0.0, 0.0, 0.0, 1.0],
                [0.978967, 0.134623, -0.153295, 0.105136, 0.120536, -0.98788, -0.09779, -0.004441, -0.164602, 0.077256, -0.98333, -0.023627, 0.0, 0.0, 0.0, 1.0],
                [0.912714, 0.069021, -0.402728, 0.085277, 0.08277, -0.996427, 0.016813, -0.006051, -0.400129, -0.048679, -0.915165, -0.047243, 0.0, 0.0, 0.0, 1.0],
                [0.783361, -0.028859, -0.620897, 0.065419, 0.074347, -0.9874, 0.139695, -0.007661, -0.617105, -0.155593, -0.771344, -0.070858, 0.0, 0.0, 0.0, 1.0],
                [0.606663, -0.147096, -0.781232, 0.04556, 0.096293, -0.961898, 0.255889, -0.009271, -0.789106, -0.230465, -0.569383, -0.094473, 0.0, 0.0, 0.0, 1.0],
                [0.407854, -0.270081, -0.872188, 0.025702, 0.142714, -0.924651, 0.353063, -0.010881, -0.901825, -0.268472, -0.338579, -0.118089, 0.0, 0.0, 0.0, 1.0],
                [0.069116, -0.295604, -0.952807, -0.010859, 0.100506, -0.948168, 0.301455, -0.010817, -0.992533, -0.116598, -0.035823, -0.094473, 0.0, 0.0, 0.0, 1.0],
                [-0.3188, -0.259497, -0.911607, -0.04742, 0.033057, -0.964251, 0.262922, -0.010753, -0.947246, 0.053685, 0.315981, -0.070858, 0.0, 0.0, 0.0, 1.0],
                [-0.66812, -0.155146, -0.727699, -0.083981, -0.048698, -0.966804, 0.250835, -0.010688, -0.742458, 0.203025, 0.638386, -0.047243, 0.0, 0.0, 0.0, 1.0],
                [-0.895527, -0.007441, -0.444946, -0.120541, -0.125257, -0.95522, 0.268076, -0.010624, -0.427016, 0.295802, 0.854493, -0.023627, 0.0, 0.0, 0.0, 1.0],
                [-0.979311, 0.1443, -0.141878, -0.157102, -0.181936, -0.934792, 0.305063, -0.010559, -0.088606, 0.324564, 0.941705, -1.2e-05, 0.0, 0.0, 0.0, 1.0],
                [-0.975159, 0.220977, 0.01534, -0.147234, -0.196974, -0.896746, 0.396292, -0.010185, 0.101327, 0.383426, 0.917997, 0.006186, 0.0, 0.0, 0.0, 1.0],
                [-0.936165, 0.308571, 0.168459, -0.137366, -0.19254, -0.85094, 0.488701, -0.009811, 0.294148, 0.425069, 0.856033, 0.012383, 0.0, 0.0, 0.0, 1.0],
                [-0.862605, 0.402012, 0.307082, -0.127498, -0.16764, -0.79989, 0.576257, -0.009437, 0.477294, 0.445603, 0.757383, 0.01858, 0.0, 0.0, 0.0, 1.0],
                [-0.759238, 0.495251, 0.422237, -0.11763, -0.123884, -0.746899, 0.653295, -0.009064, 0.638914, 0.443697, 0.628428, 0.024778, 0.0, 0.0, 0.0, 1.0],
                [-0.634326, 0.582517, 0.508236, -0.107762, -0.065158, -0.695376, 0.715686, -0.00869, 0.770315, 0.420863, 0.479051, 0.030975, 0.0, 0.0, 0.0, 1.0],
                [-0.566808, 0.583208, 0.581891, -0.092519, 0.079102, -0.664518, 0.743074, -0.030328, 0.820044, 0.467209, 0.330521, 0.037749, 0.0, 0.0, 0.0, 1.0],
                [-0.486419, 0.589642, 0.644763, -0.077276, 0.227927, -0.626761, 0.745131, -0.051967, 0.843473, 0.509404, 0.170473, 0.044522, 0.0, 0.0, 0.0, 1.0],
                [-0.396353, 0.601786, 0.693366, -0.062033, 0.37449, -0.583566, 0.720561, -0.073605, 0.838248, 0.545256, 0.005935, 0.051295, 0.0, 0.0, 0.0, 1.0],
                [-0.300807, 0.619075, 0.725438, -0.04679, 0.511966, -0.536945, 0.670508, -0.095244, 0.804615, 0.573094, -0.155429, 0.058068, 0.0, 0.0, 0.0, 1.0],
                [-0.204343, 0.640495, 0.740277, -0.031547, 0.634555, -0.489158, 0.598385, -0.116882, 0.745375, 0.592022, -0.306474, 0.064841, 0.0, 0.0, 0.0, 1.0],
                [-0.027451, 0.599514, 0.799894, -0.000239, 0.708678, -0.552677, 0.438548, -0.094072, 0.704998, 0.578906, -0.40969, 0.05187, 0.0, 0.0, 0.0, 1.0],
                [0.16129, 0.545492, 0.82245, 0.031069, 0.748707, -0.610575, 0.258137, -0.071262, 0.64298, 0.57414, -0.506893, 0.0389, 0.0, 0.0, 0.0, 1.0],
                [0.349646, 0.481264, 0.803824, 0.062378, 0.749518, -0.65846, 0.068208, -0.048451, 0.562112, 0.578632, -0.590944, 0.025929, 0.0, 0.0, 0.0, 1.0],
                [0.524886, 0.411172, 0.745273, 0.093686, 0.711056, -0.693094, -0.118403, -0.025641, 0.467861, 0.592079, -0.656162, 0.012959, 0.0, 0.0, 0.0, 1.0],
                [0.676523, 0.340128, 0.653168, 0.124994, 0.638348, -0.713096, -0.289839, -0.002831, 0.367189, 0.613031, -0.699546, -1.2e-05, 0.0, 0.0, 0.0, 1.0],
                [0.783489, 0.301903, 0.543139, 0.124994, 0.548721, -0.74633, -0.376693, -0.002831, 0.291636, 0.593166, -0.750401, -1.2e-05, 0.0, 0.0, 0.0, 1.0],
                [0.872193, 0.257161, 0.416111, 0.124994, 0.443351, -0.775018, -0.450319, -0.002831, 0.206689, 0.577248, -0.789978, -1.2e-05, 0.0, 0.0, 0.0, 1.0],
                [0.93837, 0.207426, 0.276472, 0.124994, 0.325812, -0.797836, -0.507251, -0.002831, 0.115362, 0.566067, -0.816247, -1.2e-05, 0.0, 0.0, 0.0, 1.0],
                [0.979416, 0.154656, 0.129717, 0.124994, 0.200732, -0.813885, -0.54525, -0.002831, 0.021249, 0.560064, -0.828176, -1.2e-05, 0.0, 0.0, 0.0, 1.0],
                [0.99472, 0.10099, -0.018252, 0.124994, 0.073195, -0.82281, -0.563583, -0.002831, -0.071934, 0.559272, -0.825857, -1.2e-05, 0.0, 0.0, 0.0, 1.0],
                [0.995773, 0.089434, -0.020923, 0.124994, 0.062233, -0.824491, -0.562443, -0.002831, -0.067553, 0.558763, -0.826571, -1.2e-05, 0.0, 0.0, 0.0, 1.0],
                [0.996685, 0.077862, -0.023579, 0.124994, 0.051253, -0.826043, -0.561272, -0.002831, -0.063179, 0.558203, -0.827295, -1.2e-05, 0.0, 0.0, 0.0, 1.0],
                [0.997457, 0.066275, -0.026218, 0.124994, 0.040259, -0.827466, -0.560071, -0.002831, -0.058813, 0.557591, -0.82803, -1.2e-05, 0.0, 0.0, 0.0, 1.0],
                [0.998087, 0.054677, -0.02884, 0.124994, 0.029252, -0.828759, -0.55884, -0.002831, -0.054457, 0.556928, -0.828774, -1.2e-05, 0.0, 0.0, 0.0, 1.0],
                [0.998577, 0.043068, -0.031446, 0.124994, 0.018236, -0.829923, -0.557579, -0.002831, -0.050111, 0.556212, -0.829528, -1.2e-05, 0.0, 0.0, 0.0, 1.0],
                [0.998504, 0.047271, -0.027475, 0.124994, 0.024052, -0.831033, -0.555703, -0.002831, -0.049101, 0.554211, -0.830926, -1.2e-05, 0.0, 0.0, 0.0, 1.0],
                [0.998397, 0.051482, -0.023513, 0.124994, 0.029865, -0.832113, -0.553801, -0.002831, -0.048076, 0.552211, -0.832317, -1.2e-05, 0.0, 0.0, 0.0, 1.0],
                [0.998256, 0.055701, -0.019561, 0.124994, 0.035675, -0.833165, -0.551873, -0.002831, -0.047037, 0.550212, -0.833699, -1.2e-05, 0.0, 0.0, 0.0, 1.0],
                [0.99808, 0.059928, -0.015618, 0.124994, 0.041482, -0.834188, -0.549918, -0.002831, -0.045984, 0.548215, -0.835072, -1.2e-05, 0.0, 0.0, 0.0, 1.0],
                [0.997871, 0.064163, -0.011685, 0.124994, 0.047286, -0.835181, -0.547938, -0.002831, -0.044917, 0.546219, -0.836437, -1.2e-05, 0.0, 0.0, 0.0, 1.0],
                [0.997627, 0.068405, -0.007762, 0.124994, 0.053085, -0.836146, -0.545932, -0.002831, -0.043835, 0.544225, -0.837793, -1.2e-05, 0.0, 0.0, 0.0, 1.0],
                [0.99735, 0.072655, -0.00385, 0.124994, 0.05888, -0.837082, -0.543901, -0.002831, -0.04274, 0.542233, -0.839141, -1.2e-05, 0.0, 0.0, 0.0, 1.0],
                [0.997038, 0.076912, 5.2e-05, 0.124994, 0.064671, -0.837988, -0.541843, -0.002831, -0.04163, 0.540242, -0.840479, -1.2e-05, 0.0, 0.0, 0.0, 1.0],
                [0.996692, 0.081175, 0.003943, 0.124994, 0.070457, -0.838865, -0.539761, -0.002831, -0.040507, 0.538253, -0.841809, -1.2e-05, 0.0, 0.0, 0.0, 1.0],
                [0.996312, 0.085445, 0.007824, 0.124994, 0.076237, -0.839713, -0.537653, -0.002831, -0.03937, 0.536267, -0.84313, -1.2e-05, 0.0, 0.0, 0.0, 1.0],
                [0.995829, 0.090589, 0.010844, 0.124994, 0.082448, -0.842637, -0.532133, -0.002831, -0.039068, 0.530808, -0.846591, -1.2e-05, 0.0, 0.0, 0.0, 1.0],
                [0.995309, 0.09575, 0.013831, 0.124994, 0.088655, -0.845495, -0.526572, -0.002831, -0.038725, 0.525329, -0.850018, -1.2e-05, 0.0, 0.0, 0.0, 1.0],
                [0.994752, 0.100927, 0.016785, 0.124994, 0.094858, -0.848287, -0.520971, -0.002831, -0.038342, 0.519829, -0.853409, -1.2e-05, 0.0, 0.0, 0.0, 1.0],
                [0.994158, 0.10612, 0.019704, 0.124994, 0.101054, -0.851013, -0.515329, -0.002831, -0.037919, 0.51431, -0.856765, -1.2e-05, 0.0, 0.0, 0.0, 1.0],
                [0.993527, 0.111329, 0.022589, 0.124994, 0.107245, -0.853672, -0.509649, -0.002831, -0.037455, 0.508773, -0.860086, -1.2e-05, 0.0, 0.0, 0.0, 1.0],
                [0.992859, 0.116551, 0.025439, 0.124994, 0.113428, -0.856264, -0.50393, -0.002831, -0.036951, 0.503217, -0.86337, -1.2e-05, 0.0, 0.0, 0.0, 1.0],
                [0.992154, 0.121788, 0.028254, 0.124994, 0.119604, -0.858789, -0.498173, -0.002831, -0.036408, 0.497644, -0.866617, -1.2e-05, 0.0, 0.0, 0.0, 1.0],
                [0.991412, 0.127038, 0.031033, 0.124994, 0.125771, -0.861246, -0.492379, -0.002831, -0.035824, 0.492054, -0.869827, -1.2e-05, 0.0, 0.0, 0.0, 1.0],
                [0.990634, 0.132301, 0.033777, 0.124994, 0.131929, -0.863634, -0.486549, -0.002831, -0.0352, 0.486448, -0.873, -1.2e-05, 0.0, 0.0, 0.0, 1.0],
                [0.989819, 0.137575, 0.036484, 0.124994, 0.138077, -0.865955, -0.480682, -0.002831, -0.034536, 0.480826, -0.876135, -1.2e-05, 0.0, 0.0, 0.0, 1.0],
                [0.989156, 0.141545, 0.03919, 0.124994, 0.1434, -0.873114, -0.465949, -0.002831, -0.031735, 0.466516, -0.883943, -1.2e-05, 0.0, 0.0, 0.0, 1.0],
                [0.988465, 0.145557, 0.041829, 0.124994, 0.148676, -0.880019, -0.451067, -0.002831, -0.028845, 0.452083, -0.891509, -1.2e-05, 0.0, 0.0, 0.0, 1.0],
                [0.987747, 0.149611, 0.044401, 0.124994, 0.153902, -0.886668, -0.436043, -0.002831, -0.025868, 0.437534, -0.89883, -1.2e-05, 0.0, 0.0, 0.0, 1.0],
                [0.987003, 0.153704, 0.046904, 0.124994, 0.159076, -0.893058, -0.420882, -0.002831, -0.022803, 0.422874, -0.905901, -1.2e-05, 0.0, 0.0, 0.0, 1.0],
                [0.986232, 0.157836, 0.049338, 0.124994, 0.164195, -0.899185, -0.405593, -0.002831, -0.019653, 0.40811, -0.912721, -1.2e-05, 0.0, 0.0, 0.0, 1.0],
                [0.985435, 0.162003, 0.0517, 0.124994, 0.169258, -0.905047, -0.390181, -0.002831, -0.01642, 0.393249, -0.919285, -1.2e-05, 0.0, 0.0, 0.0, 1.0],
                [0.984612, 0.166205, 0.053991, 0.124994, 0.174262, -0.910641, -0.374654, -0.002831, -0.013103, 0.378297, -0.925591, -1.2e-05, 0.0, 0.0, 0.0, 1.0],
                [0.983764, 0.170439, 0.056208, 0.124994, 0.179205, -0.915965, -0.359018, -0.002831, -0.009706, 0.363261, -0.931636, -1.2e-05, 0.0, 0.0, 0.0, 1.0],
                [0.98289, 0.174704, 0.058351, 0.124994, 0.184085, -0.921017, -0.34328, -0.002831, -0.00623, 0.348149, -0.937418, -1.2e-05, 0.0, 0.0, 0.0, 1.0],
                [0.981993, 0.178996, 0.06042, 0.124994, 0.1889, -0.925794, -0.327449, -0.002831, -0.002676, 0.332966, -0.942935, -1.2e-05, 0.0, 0.0, 0.0, 1.0],
                [0.982374, 0.178412, 0.055774, 0.124994, 0.186902, -0.932711, -0.308411, -0.002831, -0.003003, 0.3134, -0.949616, -1.2e-05, 0.0, 0.0, 0.0, 1.0],
                [0.98275, 0.17773, 0.05114, 0.124994, 0.184911, -0.939232, -0.289226, -0.002831, -0.003372, 0.293694, -0.955893, -1.2e-05, 0.0, 0.0, 0.0, 1.0],
                [0.983119, 0.176952, 0.04652, 0.124994, 0.182926, -0.945351, -0.269907, -0.002831, -0.003783, 0.273861, -0.961762, -1.2e-05, 0.0, 0.0, 0.0, 1.0],
                [0.983483, 0.176078, 0.041917, 0.124994, 0.180949, -0.951065, -0.250465, -0.002831, -0.004236, 0.253913, -0.967218, -1.2e-05, 0.0, 0.0, 0.0, 1.0],
                [0.983841, 0.175109, 0.037334, 0.124994, 0.178982, -0.95637, -0.230914, -0.002831, -0.00473, 0.233865, -0.972258, -1.2e-05, 0.0, 0.0, 0.0, 1.0],
                [0.987745, 0.156069, -0.001715, 0.124994, 0.152893, -0.969732, -0.190376, -0.002831, -0.031375, 0.187781, -0.98171, -1.2e-05, 0.0, 0.0, 0.0, 1.0],
                [0.990027, 0.135071, -0.040016, 0.124994, 0.127795, -0.980645, -0.148336, -0.002831, -0.059278, 0.141743, -0.988127, -1.2e-05, 0.0, 0.0, 0.0, 1.0],
                [0.990668, 0.112219, -0.077353, 0.124994, 0.103834, -0.989035, -0.105017, -0.002831, -0.08829, 0.096006, -0.991457, -1.2e-05, 0.0, 0.0, 0.0, 1.0],
                [0.989663, 0.087639, -0.113519, 0.124994, 0.081141, -0.994855, -0.060661, -0.002831, -0.118251, 0.050823, -0.991682, -1.2e-05, 0.0, 0.0, 0.0, 1.0],
                [0.987027, 0.061477, -0.148321, 0.124994, 0.059835, -0.998088, -0.015515, -0.002831, -0.148991, 0.006439, -0.988818, -1.2e-05, 0.0, 0.0, 0.0, 1.0],
                [0.975203, 0.01914, -0.220484, 0.119197, 0.035622, -0.996838, 0.071022, -0.002831, -0.218428, -0.077115, -0.972801, -1.2e-05, 0.0, 0.0, 0.0, 1.0],
                [0.957111, -0.029613, -0.288203, 0.113401, 0.017477, -0.987049, 0.159462, -0.002831, -0.289192, -0.15766, -0.944199, -1.2e-05, 0.0, 0.0, 0.0, 1.0],
                [0.933001, -0.083892, -0.349958, 0.107604, 0.005909, -0.968747, 0.247981, -0.002831, -0.359824, -0.233435, -0.903346, -1.2e-05, 0.0, 0.0, 0.0, 1.0],
                [0.903376, -0.142561, -0.404459, 0.101808, 0.001159, -0.942313, 0.33473, -0.002831, -0.428846, -0.302856, -0.851099, -1.2e-05, 0.0, 0.0, 0.0, 1.0],
                [0.868961, -0.204321, -0.450731, 0.096011, 0.003185, -0.908462, 0.417956, -0.002831, -0.494869, -0.364623, -0.788768, -1.2e-05, 0.0, 0.0, 0.0, 1.0],
                [0.846322, -0.220375, -0.484947, 0.093435, 0.034973, -0.885453, 0.463411, -0.004763, -0.531522, -0.409154, -0.741672, -1.2e-05, 0.0, 0.0, 0.0, 1.0],
                [0.821991, -0.238449, -0.517177, 0.090859, 0.068992, -0.859742, 0.506047, -0.006695, -0.565305, -0.451648, -0.69025, -1.2e-05, 0.0, 0.0, 0.0, 1.0],
                [0.796161, -0.258409, -0.547131, 0.088283, 0.104977, -0.831521, 0.545483, -0.008627, -0.595909, -0.491728, -0.634898, -1.2e-05, 0.0, 0.0, 0.0, 1.0],
                [0.769046, -0.280087, -0.57456, 0.085706, 0.142624, -0.801028, 0.581388, -0.010559, -0.623078, -0.52906, -0.576081, -1.2e-05, 0.0, 0.0, 0.0, 1.0],
                [0.740886, -0.303288, -0.599253, 0.08313, 0.181606, -0.768536, 0.613491, -0.012492, -0.646612, -0.563355, -0.514319, -1.2e-05, 0.0, 0.0, 0.0, 1.0],
                [0.722078, -0.309299, -0.61882, 0.081198, 0.220084, -0.74532, 0.629334, -0.018288, -0.655871, -0.590621, -0.470107, -0.009029, 0.0, 0.0, 0.0, 1.0],
                [0.702582, -0.316272, -0.637456, 0.079266, 0.258806, -0.720889, 0.642914, -0.024084, -0.662871, -0.616677, -0.42463, -0.018045, 0.0, 0.0, 0.0, 1.0],
                [0.682479, -0.324183, -0.655079, 0.077334, 0.297601, -0.695348, 0.65416, -0.029881, -0.667575, -0.641403, -0.378083, -0.027062, 0.0, 0.0, 0.0, 1.0],
                [0.661858, -0.332996, -0.671608, 0.075402, 0.3363, -0.668806, 0.663024, -0.035677, -0.669959, -0.66469, -0.330669, -0.036079, 0.0, 0.0, 0.0, 1.0],
                [0.640812, -0.342667, -0.686978, 0.07347, 0.374733, -0.641386, 0.669477, -0.041474, -0.670026, -0.686442, -0.282599, -0.045096, 0.0, 0.0, 0.0, 1.0],
                [0.603115, -0.348654, -0.71742, 0.070636, 0.405122, -0.640882, 0.652033, -0.036837, -0.687116, -0.683894, -0.245278, -0.050764, 0.0, 0.0, 0.0, 1.0],
                [0.563802, -0.354564, -0.74593, 0.067802, 0.43464, -0.640606, 0.633018, -0.0322, -0.702293, -0.681108, -0.207067, -0.056431, 0.0, 0.0, 0.0, 1.0],
                [0.523024, -0.360374, -0.772383, 0.064968, 0.463166, -0.640559, 0.612504, -0.027562, -0.715488, -0.678096, -0.168116, -0.062099, 0.0, 0.0, 0.0, 1.0],
                [0.480944, -0.366059, -0.796676, 0.062134, 0.490586, -0.640743, 0.590571, -0.022925, -0.726648, -0.67487, -0.128578, -0.067766, 0.0, 0.0, 0.0, 1.0],
                [0.437735, -0.371598, -0.81872, 0.0593, 0.516795, -0.641154, 0.567313, -0.018288, -0.735738, -0.671443, -0.088615, -0.073434, 0.0, 0.0, 0.0, 1.0],
                [0.399004, -0.363911, -0.841644, 0.04775, 0.538312, -0.650089, 0.536288, -0.011439, -0.742304, -0.667048, -0.06349, -0.081828, 0.0, 0.0, 0.0, 1.0],
                [0.359265, -0.355768, -0.862762, 0.0362, 0.558414, -0.658768, 0.50418, -0.004591, -0.747731, -0.662913, -0.038007, -0.090223, 0.0, 0.0, 0.0, 1.0],
                [0.318644, -0.347193, -0.881999, 0.02465, 0.57703, -0.667164, 0.471092, 0.002257, -0.751998, -0.659051, -0.012247, -0.098617, 0.0, 0.0, 0.0, 1.0],
                [0.277272, -0.338216, -0.899294, 0.0131, 0.594101, -0.675249, 0.437129, 0.009106, -0.755091, -0.655476, 0.013706, -0.107011, 0.0, 0.0, 0.0, 1.0],
                [0.235284, -0.328864, -0.914599, 0.00155, 0.609577, -0.682998, 0.402404, 0.015954, -0.757005, -0.652198, 0.03977, -0.115405, 0.0, 0.0, 0.0, 1.0],
                [0.233435, -0.335381, -0.912704, 0.007454, 0.610677, -0.679872, 0.406013, 0.013271, -0.756691, -0.652145, 0.046104, -0.114868, 0.0, 0.0, 0.0, 1.0],
                [0.231593, -0.341884, -0.910758, 0.013358, 0.611784, -0.67672, 0.409598, 0.010587, -0.756363, -0.652047, 0.052435, -0.114332, 0.0, 0.0, 0.0, 1.0],
                [0.229758, -0.348374, -0.908761, 0.019262, 0.612897, -0.673541, 0.413158, 0.007903, -0.756021, -0.651904, 0.058766, -0.113795, 0.0, 0.0, 0.0, 1.0],
                [0.227928, -0.35485, -0.906714, 0.025165, 0.614017, -0.670336, 0.416693, 0.00522, -0.755666, -0.651714, 0.065095, -0.113258, 0.0, 0.0, 0.0, 1.0],
                [0.226106, -0.361312, -0.904616, 0.031069, 0.615143, -0.667106, 0.420201, 0.002536, -0.755298, -0.651479, 0.071422, -0.112721, 0.0, 0.0, 0.0, 1.0],
                [0.254732, -0.381716, -0.888485, 0.041282, 0.605415, -0.653494, 0.454333, -0.004501, -0.754045, -0.653636, 0.064631, -0.102852, 0.0, 0.0, 0.0, 1.0],
                [0.282991, -0.401594, -0.870999, 0.051494, 0.594595, -0.639101, 0.487859, -0.011537, -0.752577, -0.655951, 0.057926, -0.092982, 0.0, 0.0, 0.0, 1.0],
                [0.310816, -0.4209, -0.852195, 0.061707, 0.582705, -0.623959, 0.520701, -0.018574, -0.750898, -0.658421, 0.051325, -0.083113, 0.0, 0.0, 0.0, 1.0],
                [0.338145, -0.439591, -0.832116, 0.071919, 0.569772, -0.608102, 0.552786, -0.025611, -0.749011, -0.661038, 0.04484, -0.073243, 0.0, 0.0, 0.0, 1.0],
                [0.364918, -0.457627, -0.81081, 0.082132, 0.555826, -0.591567, 0.584043, -0.032648, -0.746922, -0.663797, 0.038487, -0.063374, 0.0, 0.0, 0.0, 1.0],
