{
    "animation": [
        {
            "name": "Root",
            "time": [0.0, 0.2667, 0.5, 0.6667, 0.8333, 1.0, 1.1667, 1.3333, 1.6667, 1.8333, 2.0, 2.3333, 2.6667, 3.0, 3.3333, 3.6667, 4.0, 4.3333, 4.6667, 5.0],
            "transform": [
                [1.0, 0.0, 0.0, 0.0, 0.0, 0.0, -1.0, 0.0, -0.0, 1.0, 0.0, 0.712218, 0.0, 0.0, 0.0, 1.0],
                [1.0, 0.0, 0.0, -0.440137, 0.0, 0.0, -1.0, -0.698732, -0.0, 1.0, 0.0, 0.712218, 0.0, 0.0, 0.0, 1.0],
                [1.0, 0.0, 0.0, -0.413781, 0.0, 0.0, -1.0, -1.417334, -0.0, 1.0, 0.0, 0.945838, 0.0, 0.0, 0.0, 1.0],
                [1.0, 0.0, 0.0, -0.50905, 0.0, 0.0, -1.0, -1.973689, -0.0, 1.0, 0.0, 0.712218, 0.0, 0.0, 0.0, 1.0],
                [1.0, 0.0, 0.0, -0.637061, 0.0, 0.0, -1.0, -2.449244, -0.0, 1.0, 0.0, 0.741021, 0.0, 0.0, 0.0, 1.0],
                [1.0, 0.0, 0.0, -0.50905, 0.0, 0.0, -1.0, -2.779107, -0.0, 1.0, 0.0, 0.937593, 0.0, 0.0, 0.0, 1.0],
                [1.0, 0.0, 0.0, -0.413041, 0.0, 0.0, -1.0, -2.979309, -0.0, 1.0, 0.0, 1.104252, 0.0, 0.0, 0.0, 1.0],
                [1.0, 0.0, 0.0, -0.367089, 0.0, 0.0, -1.0, -3.781804, -0.0, 1.0, 0.0, 0.608209, 0.0, 0.0, 0.0, 1.0],
                [1.0, 0.0, 0.0, -0.466547, 0.0, 0.0, -1.0, -4.204207, -0.0, 1.0, 0.0, 0.352188, 0.0, 0.0, 0.0, 1.0],
                [1.0, 0.0, 0.0, -0.281162, 0.0, 0.0, -1.0, -2.833081, -0.0, 1.0, 0.0, 0.329945, 0.0, 0.0, 0.0, 1.0],
                [1.0, 0.0, 0.0, -0.095777, 0.0, 0.0, -1.0, -1.461955, -0.0, 1.0, 0.0, 0.307702, 0.0, 0.0, 0.0, 1.0],
                [1.0, 0.0, 0.0, -0.119588, 0.0, 0.0, -1.0, -1.090611, -0.0, 1.0, 0.0, 0.296538, 0.0, 0.0, 0.0, 1.0],
                [1.0, 0.0, 0.0, -0.086066, 0.0, 0.0, -1.0, -1.097187, -0.0, 1.0, 0.0, 0.325518, 0.0, 0.0, 0.0, 1.0],
                [1.0, 0.0, 0.0, -0.224108, 0.0, 0.0, -1.0, -1.136889, -0.0, 1.0, 0.0, 0.372473, 0.0, 0.0, 0.0, 1.0],
                [1.0, 0.0, 0.0, -0.25677, 0.0, 0.0, -1.0, -0.998257, -0.0, 1.0, 0.0, 0.369437, 0.0, 0.0, 0.0, 1.0],
                [1.0, 0.0, 0.0, -0.265431, 0.0, 0.0, -1.0, -0.837892, -0.0, 1.0, 0.0, 0.418145, 0.0, 0.0, 0.0, 1.0],
                [1.0, 0.0, 0.0, -0.332835, 0.0, 0.0, -1.0, -0.738664, -0.0, 1.0, 0.0, 0.425367, 0.0, 0.0, 0.0, 1.0],
                [1.0, 0.0, 0.0, -0.485262, 0.0, 0.0, -1.0, -0.577947, -0.0, 1.0, 0.0, 0.40944, 0.0, 0.0, 0.0, 1.0],
                [1.0, 0.0, 0.0, -0.540249, 0.0, 0.0, -1.0, -0.546049, -0.0, 1.0, 0.0, 0.403699, 0.0, 0.0, 0.0, 1.0],
                [1.0, 0.0, 0.0, -0.49868, 0.0, 0.0, -1.0, -0.52484, -0.0, 1.0, 0.0, 0.434442, 0.0, 0.0, 0.0, 1.0]
            ]
        },
        {
            "name": "Thigh_R",
            "time": [0.0, 0.2667, 0.5, 0.6667, 0.8333, 1.0, 1.1667, 1.3333, 1.6667, 1.8333, 2.0, 2.3333, 2.6667, 3.0, 3.3333, 3.6667, 4.0, 4.3333, 4.6667, 5.0],
            "transform": [
                [0.926714, 0.202374, 0.316618, 0.124994, 0.20406, -0.978552, 0.028197, -0.002831, 0.315533, 0.038478, -0.948134, -1.2e-05, 0.0, 0.0, 0.0, 1.0],
                [-0.5232, 0.72672, 0.445129, -0.116153, 0.390765, -0.2596, 0.883125, -0.061488, 0.757341, 0.635992, -0.148155, 0.100776, 0.0, 0.0, 0.0, 1.0],
                [-0.89156, 0.433796, 0.130159, -0.102756, 0.095783, -0.100288, 0.990338, -0.101969, 0.442658, 0.895412, 0.047863, 0.080371, 0.0, 0.0, 0.0, 1.0],
                [-0.859299, -0.145855, -0.490238, -0.139604, -0.285664, -0.658197, 0.696543, -0.055369, -0.424268, 0.738581, 0.523922, -0.015082, 0.0, 0.0, 0.0, 1.0],
                [0.086428, 0.049753, -0.995015, 0.024677, 0.097916, -0.994341, -0.041214, -0.022123, -0.991435, -0.093866, -0.09081, -0.158204, 0.0, 0.0, 0.0, 1.0],
                [0.9936, 0.04912, -0.101716, 0.108274, 0.088865, -0.895807, 0.435469, -0.006046, -0.069728, -0.441721, -0.894439, -0.026377, 0.0, 0.0, 0.0, 1.0],
                [0.986835, 0.140343, 0.080375, 0.124994, 0.12845, -0.982102, 0.137752, -0.002831, 0.098269, -0.125614, -0.9872, -1.2e-05, 0.0, 0.0, 0.0, 1.0],
                [0.216377, 0.550203, 0.80651, 0.041396, 0.547071, -0.752536, 0.366609, -0.047845, 0.808638, 0.361892, -0.463831, 0.08037, 0.0, 0.0, 0.0, 1.0],
                [-0.515513, 0.842966, 0.1538, 0.009243, 0.39747, 0.076231, 0.914443, -0.039871, 0.75912, 0.532539, -0.374351, -1.2e-05, 0.0, 0.0, 0.0, 1.0],
                [0.81537, 0.45942, -0.352284, 0.067118, 0.34454, 0.103943, 0.932999, -0.021351, 0.465256, -0.882117, -0.073537, -1.2e-05, 0.0, 0.0, 0.0, 1.0],
                [0.404839, -0.914353, -0.008021, 0.124994, 0.372425, 0.156871, 0.914708, -0.002831, -0.835107, -0.373297, 0.404036, -1.2e-05, 0.0, 0.0, 0.0, 1.0],
                [0.271619, -0.961949, 0.029618, 0.124994, 0.238312, 0.097043, 0.966328, -0.002831, -0.932433, -0.255415, 0.255603, -1.2e-05, 0.0, 0.0, 0.0, 1.0],
                [0.350062, -0.935269, -0.052232, 0.124994, 0.220364, 0.028029, 0.975015, -0.002831, -0.910438, -0.352826, 0.215911, -1.2e-05, 0.0, 0.0, 0.0, 1.0],
                [0.90821, -0.369558, -0.196423, 0.124994, 0.042665, -0.385133, 0.921874, -0.00283, -0.416335, -0.845636, -0.334014, -1.2e-05, 0.0, 0.0, 0.0, 1.0],
                [0.990244, -0.138474, -0.015563, 0.124994, -0.093901, -0.745634, 0.659707, -0.002831, -0.102957, -0.651809, -0.751362, -1.2e-05, 0.0, 0.0, 0.0, 1.0],
                [0.997142, -0.054583, 0.052223, 0.124994, -0.072532, -0.884971, 0.459961, -0.002831, 0.021109, -0.462435, -0.886402, -1.2e-05, 0.0, 0.0, 0.0, 1.0],
                [0.989841, 0.072737, 0.122168, 0.124994, 0.030765, -0.94845, 0.315429, -0.002831, 0.138813, -0.308466, -0.941052, -1.2e-05, 0.0, 0.0, 0.0, 1.0],
                [0.895137, 0.30233, 0.327606, 0.124994, 0.259368, -0.950904, 0.16885, -0.002831, 0.362571, -0.066173, -0.929604, -1.2e-05, 0.0, 0.0, 0.0, 1.0],
                [0.789293, 0.424906, 0.44325, 0.124994, 0.308177, -0.898516, 0.312561, -0.002831, 0.531077, -0.110103, -0.84014, -1.2e-05, 0.0, 0.0, 0.0, 1.0],
                [0.791847, 0.297954, 0.533106, 0.124994, 0.196431, -0.950786, 0.239627, -0.002831, 0.578267, -0.08503, -0.811404, -1.2e-05, 0.0, 0.0, 0.0, 1.0]
            ]
        },
        {
            "name": "Leg_R",
            "time": [0.0, 0.2667, 0.5, 0.6667, 0.8333, 1.0, 1.1667, 1.3333, 1.6667, 1.8333, 2.0, 2.3333, 2.6667, 3.0, 3.3333, 3.6667, 4.0, 4.3333, 4.6667, 5.0],
            "transform": [
                [1.0, 0.0, 0.0, 0.0, -0.0, 0.979507, 0.201412, 0.37472, -0.0, -0.201412, 0.979506, -0.0, 0.0, 0.0, 0.0, 1.0],
                [1.0, 0.0, 0.0, 0.0, -0.0, 0.354797, 0.934943, 0.37472, -0.0, -0.934943, 0.354797, 0.0, 0.0, 0.0, 0.0, 1.0],
                [1.0, 0.0, 1e-06, 0.0, -1e-06, 0.165794, 0.986161, 0.37472, -0.0, -0.98616, 0.165794, -0.0, 0.0, 0.0, 0.0, 1.0],
                [1.0, -0.0, 0.0, 0.0, -0.0, 0.320038, 0.947404, 0.37472, -0.0, -0.947405, 0.320037, -0.0, 0.0, 0.0, 0.0, 1.0],
                [1.0, 0.0, -0.0, 0.0, -0.0, 0.983835, 0.17908, 0.37472, 0.0, -0.17908, 0.983834, -0.0, 0.0, 0.0, 0.0, 1.0],
                [1.0, -0.0, -0.0, 0.0, 0.0, -0.208888, 0.977939, 0.37472, -0.0, -0.977939, -0.208888, -0.0, 0.0, 0.0, 0.0, 1.0],
                [1.0, -0.0, -0.0, -0.0, 0.0, -0.587277, 0.809386, 0.37472, -0.0, -0.809386, -0.587277, 0.0, 0.0, 0.0, 0.0, 1.0],
                [1.0, 0.0, -0.0, 0.0, 0.0, 0.14308, 0.98971, 0.37472, 0.0, -0.989712, 0.14308, -0.0, 0.0, 0.0, 0.0, 1.0],
                [1.0, 0.0, 0.0, 0.0, -0.0, 0.139575, 0.990211, 0.37472, 0.0, -0.990212, 0.139574, -0.0, 0.0, 0.0, 0.0, 1.0],
                [1.0, 0.0, 0.0, -0.0, -0.0, -0.203147, 0.979148, 0.37472, 0.0, -0.979148, -0.203147, -0.0, 0.0, 0.0, 0.0, 1.0],
                [1.0, -0.0, -0.0, 0.0, 0.0, -0.52198, 0.852958, 0.37472, -0.0, -0.852957, -0.521981, 0.0, 0.0, 0.0, 0.0, 1.0],
                [1.0, -0.0, -0.0, 0.0, 0.0, -0.462775, 0.886476, 0.37472, -0.0, -0.886476, -0.462775, 0.0, 0.0, 0.0, 0.0, 1.0],
                [1.0, -0.0, -0.0, 0.0, 0.0, -0.265276, 0.964172, 0.37472, -0.0, -0.964173, -0.265275, 0.0, 0.0, 0.0, 0.0, 1.0],
                [1.0, 0.0, -0.0, -0.0, -0.0, 0.284017, 0.958819, 0.37472, 0.0, -0.958819, 0.284017, 0.0, 0.0, 0.0, 0.0, 1.0],
                [1.0, 0.0, -0.0, 0.0, -0.0, 0.62306, 0.782174, 0.37472, 0.0, -0.782174, 0.62306, -0.0, 0.0, 0.0, 0.0, 1.0],
                [1.0, 0.0, -0.0, -0.0, -0.0, 0.699225, 0.714902, 0.37472, 0.0, -0.714903, 0.699224, 0.0, 0.0, 0.0, 0.0, 1.0],
                [1.0, 0.0, -0.0, -0.0, -0.0, 0.729705, 0.683762, 0.37472, 0.0, -0.683762, 0.729704, 0.0, 0.0, 0.0, 0.0, 1.0],
                [1.0, 0.0, -0.0, -0.0, -0.0, 0.789435, 0.613835, 0.37472, 0.0, -0.613836, 0.789434, -0.0, 0.0, 0.0, 0.0, 1.0],
                [1.0, 0.0, 0.0, -0.0, -0.0, 0.758035, 0.652214, 0.37472, 0.0, -0.652215, 0.758034, -0.0, 0.0, 0.0, 0.0, 1.0],
                [1.0, 0.0, -0.0, 0.0, -0.0, 0.934766, 0.355264, 0.37472, 0.0, -0.355264, 0.934765, 0.0, 0.0, 0.0, 0.0, 1.0]
            ]
        },
        {
            "name": "Knee_R",
            "time": [0.0, 0.2667, 0.5, 0.6667, 0.8333, 1.0, 1.1667, 1.3333, 1.6667, 1.8333, 2.0, 2.3333, 2.6667, 3.0, 3.3333, 3.6667, 4.0, 4.3333, 4.6667, 5.0],
            "transform": [
                [1.0, 0.0, -0.0, 0.0, -1e-06, 0.0, -1.0, 0.37472, -0.0, 1.0, 0.0, -0.0, 0.0, 0.0, 0.0, 1.0],
                [1.0, 0.0, -0.0, 0.0, -0.0, 0.0, -1.0, 0.37472, -0.0, 1.0, 0.0, 0.0, 0.0, 0.0, 0.0, 1.0],
                [1.0, 0.0, -0.0, 0.0, -0.0, 0.0, -1.0, 0.37472, -0.0, 1.0, 0.0, -0.0, 0.0, 0.0, 0.0, 1.0],
                [1.0, 0.0, -0.0, 0.0, -0.0, 0.0, -1.0, 0.37472, -0.0, 1.0, 0.0, -0.0, 0.0, 0.0, 0.0, 1.0],
                [1.0, 0.0, -0.0, 0.0, -0.0, 0.0, -1.0, 0.37472, -0.0, 1.0, 0.0, -0.0, 0.0, 0.0, 0.0, 1.0],
                [1.0, 0.0, -0.0, 0.0, -0.0, 0.0, -1.0, 0.37472, -0.0, 1.0, 0.0, -0.0, 0.0, 0.0, 0.0, 1.0],
                [1.0, 0.0, -0.0, -0.0, -0.0, 0.0, -1.0, 0.37472, -0.0, 1.0, 0.0, 0.0, 0.0, 0.0, 0.0, 1.0],
                [1.0, 0.0, -0.0, 0.0, -0.0, 0.0, -1.0, 0.37472, -0.0, 1.0, 0.0, -0.0, 0.0, 0.0, 0.0, 1.0],
                [1.0, 0.0, -0.0, 0.0, -0.0, 0.0, -1.0, 0.37472, -0.0, 1.0, 0.0, -0.0, 0.0, 0.0, 0.0, 1.0],
                [1.0, 0.0, -0.0, -0.0, -0.0, 0.0, -1.0, 0.37472, -0.0, 1.0, 0.0, -0.0, 0.0, 0.0, 0.0, 1.0],
                [1.0, 0.0, -0.0, 0.0, -0.0, 0.0, -1.0, 0.37472, -0.0, 1.0, 0.0, 0.0, 0.0, 0.0, 0.0, 1.0],
                [1.0, 0.0, -0.0, 0.0, -0.0, 0.0, -1.0, 0.37472, -0.0, 1.0, 0.0, 0.0, 0.0, 0.0, 0.0, 1.0],
                [1.0, 0.0, -0.0, 0.0, -0.0, 0.0, -1.0, 0.37472, -0.0, 1.0, 0.0, 0.0, 0.0, 0.0, 0.0, 1.0],
                [1.0, 0.0, -0.0, -0.0, -0.0, 0.0, -1.0, 0.37472, -0.0, 1.0, 0.0, 0.0, 0.0, 0.0, 0.0, 1.0],
                [1.0, 0.0, -0.0, 0.0, -0.0, 0.0, -1.0, 0.37472, -0.0, 1.0, 0.0, -0.0, 0.0, 0.0, 0.0, 1.0],
                [1.0, 0.0, -0.0, -0.0, -0.0, 0.0, -1.0, 0.37472, -0.0, 1.0, 0.0, 0.0, 0.0, 0.0, 0.0, 1.0],
                [1.0, 0.0, -0.0, -0.0, -0.0, 0.0, -1.0, 0.37472, -0.0, 1.0, 0.0, 0.0, 0.0, 0.0, 0.0, 1.0],
                [1.0, 0.0, -0.0, -0.0, -0.0, 0.0, -1.0, 0.37472, -0.0, 1.0, 0.0, -0.0, 0.0, 0.0, 0.0, 1.0],
                [1.0, 0.0, -0.0, -0.0, -0.0, 0.0, -1.0, 0.37472, -0.0, 1.0, 0.0, -0.0, 0.0, 0.0, 0.0, 1.0],
                [1.0, 0.0, -0.0, 0.0, -0.0, 0.0, -1.0, 0.37472, -0.0, 1.0, 0.0, 0.0, 0.0, 0.0, 0.0, 1.0]
            ]
        },
        {
            "name": "Thigh_L",
            "time": [0.0, 0.2667, 0.5, 0.6667, 0.8333, 1.0, 1.1667, 1.3333, 1.6667, 1.8333, 2.0, 2.3333, 2.6667, 3.0, 3.3333, 3.6667, 4.0, 4.3333, 4.6667, 5.0],
            "transform": [
                [0.96203, -0.199817, -0.185936, -0.125006, -0.147074, -0.953361, 0.263573, -0.002831, -0.22993, -0.226219, -0.94655, -1.2e-05, 0.0, 0.0, 0.0, 1.0],
                [-0.187747, 0.575604, 0.795884, 0.003606, -0.597714, -0.709942, 0.37245, 0.01586, 0.779416, -0.405785, 0.477336, -0.085385, 0.0, 0.0, 0.0, 1.0],
                [-0.34305, 0.348289, 0.872359, 0.137577, -0.495094, -0.856283, 0.147178, 0.021284, 0.798247, -0.381411, 0.466184, -0.075035, 0.0, 0.0, 0.0, 1.0],
                [-0.918532, 0.312323, 0.24239, 0.144296, -0.195043, -0.891293, 0.409335, 0.033361, 0.343885, 0.32871, 0.879598, 0.023188, 0.0, 0.0, 0.0, 1.0],
                [-0.705646, -0.701094, -0.102618, 0.040903, -0.043066, -0.102122, 0.993839, -0.033697, -0.707255, 0.705717, 0.041869, 0.092588, 0.0, 0.0, 0.0, 1.0],
                [0.321281, -0.946601, 0.026909, -0.097354, -0.205268, -0.041873, 0.977809, -0.007975, -0.92447, -0.319675, -0.20776, 0.015421, 0.0, 0.0, 0.0, 1.0],
                [0.721268, -0.682816, 0.116341, -0.125006, -0.59093, -0.518973, 0.617632, -0.00283, -0.361351, -0.514227, -0.777815, -1.2e-05, 0.0, 0.0, 0.0, 1.0],
                [0.841626, 0.330363, 0.427231, -0.125007, -0.127198, -0.647568, 0.751316, -0.00283, 0.524868, -0.68667, -0.502989, -1.2e-05, 0.0, 0.0, 0.0, 1.0],
                [-0.16231, 0.708587, 0.686702, -0.041666, -0.866907, -0.434804, 0.243758, -0.002831, 0.471304, -0.555742, 0.684852, -1.2e-05, 0.0, 0.0, 0.0, 1.0],
                [0.445935, -0.686266, 0.574614, -0.083336, -0.886277, -0.248806, 0.390652, -0.002831, -0.125124, -0.683472, -0.719173, -1.2e-05, 0.0, 0.0, 0.0, 1.0],
                [-0.242131, -0.573962, -0.782266, -0.125006, -0.754599, -0.3954, 0.523679, -0.002831, -0.609881, 0.717095, -0.337373, -1.2e-05, 0.0, 0.0, 0.0, 1.0],
                [-0.324729, -0.279243, -0.903645, -0.125006, -0.832602, -0.368857, 0.413182, -0.002831, -0.448695, 0.886548, -0.11272, -1.2e-05, 0.0, 0.0, 0.0, 1.0],
                [-0.185394, -0.131966, -0.973763, -0.125006, -0.818593, -0.52747, 0.227334, -0.002831, -0.543632, 0.839262, -0.010237, -1.2e-05, 0.0, 0.0, 0.0, 1.0],
                [0.527923, -0.318494, -0.787311, -0.125006, -0.400598, -0.910799, 0.099833, -0.002831, -0.748879, 0.262691, -0.60842, -1.2e-05, 0.0, 0.0, 0.0, 1.0],
                [0.888899, -0.180318, -0.421123, -0.125006, -0.198848, -0.98003, -9.1e-05, -0.002831, -0.412697, 0.08382, -0.907004, -1.2e-05, 0.0, 0.0, 0.0, 1.0],
                [0.984685, -0.146924, -0.093855, -0.125006, -0.107682, -0.935915, 0.335361, -0.002831, -0.137113, -0.320118, -0.937403, -1.2e-05, 0.0, 0.0, 0.0, 1.0],
                [0.987867, -0.129655, 0.085486, -0.125006, -0.154792, -0.866544, 0.47449, -0.002831, 0.012557, -0.481966, -0.8761, -1.2e-05, 0.0, 0.0, 0.0, 1.0],
                [0.971858, -0.131688, 0.195321, -0.125006, -0.212596, -0.847447, 0.486453, -0.002831, 0.101465, -0.514288, -0.851594, -1.2e-05, 0.0, 0.0, 0.0, 1.0],
                [0.949306, -0.075291, 0.305204, -0.125006, -0.183503, -0.921028, 0.343558, -0.002831, 0.255234, -0.382148, -0.888155, -1.2e-05, 0.0, 0.0, 0.0, 1.0],
                [0.969661, -0.104927, 0.220789, -0.125006, -0.148261, -0.970546, 0.189891, -0.002831, 0.194361, -0.216864, -0.956657, -1.2e-05, 0.0, 0.0, 0.0, 1.0]
            ]
        },
        {
            "name": "Leg_L",
            "time": [0.0, 0.2667, 0.5, 0.6667, 0.8333, 1.0, 1.1667, 1.3333, 1.6667, 1.8333, 2.0, 2.3333, 2.6667, 3.0, 3.3333, 3.6667, 4.0, 4.3333, 4.6667, 5.0],
            "transform": [
                [1.0, -0.0, 0.0, 0.0, -0.0, 0.940237, 0.340522, 0.37472, -0.0, -0.340522, 0.940237, -0.0, 0.0, 0.0, 0.0, 1.0],
                [1.0, 0.0, 0.0, -0.0, -0.0, 0.160727, 0.986999, 0.37472, -0.0, -0.986999, 0.160727, -0.0, 0.0, 0.0, 0.0, 1.0],
                [1.0, -0.0, 0.0, 0.0, -0.0, 0.356502, 0.934295, 0.37472, -0.0, -0.934295, 0.356501, 0.0, 0.0, 0.0, 0.0, 1.0],
                [1.0, 0.0, 0.0, 0.0, -0.0, 0.079915, 0.996803, 0.37472, 0.0, -0.996801, 0.079915, 0.0, 0.0, 0.0, 0.0, 1.0],
                [1.0, -0.0, 0.0, 0.0, -0.0, -0.322614, 0.946531, 0.37472, -0.0, -0.94653, -0.322615, 0.0, 0.0, 0.0, 0.0, 1.0],
                [1.0, 0.0, 0.0, 0.0, -0.0, -0.793239, 0.608911, 0.37472, 0.0, -0.608911, -0.793239, 0.0, 0.0, 0.0, 0.0, 1.0],
                [1.0, 0.0, 0.0, 0.0, 0.0, -0.907286, 0.420513, 0.37472, 0.0, -0.420512, -0.907287, -0.0, 0.0, 0.0, 0.0, 1.0],
                [1.0, 0.0, 0.0, -0.0, -0.0, 0.339817, 0.940492, 0.37472, 0.0, -0.940492, 0.339817, 0.0, 0.0, 0.0, 0.0, 1.0],
                [0.999999, 0.0, 0.0, -0.0, -0.0, 0.236701, 0.971583, 0.374721, -0.0, -0.971582, 0.236701, 0.0, 0.0, 0.0, 0.0, 1.0],
                [0.999999, 0.0, 0.0, 0.0, -0.0, 0.170676, 0.985328, 0.37472, 0.0, -0.985327, 0.170676, -0.0, 0.0, 0.0, 0.0, 1.0],
                [1.0, 0.0, 0.0, -0.0, -0.0, 0.103876, 0.994591, 0.37472, 0.0, -0.99459, 0.103876, 0.0, 0.0, 0.0, 0.0, 1.0],
                [1.0, 0.0, 0.0, -0.0, 0.0, 0.566966, 0.823741, 0.37472, -0.0, -0.823741, 0.566966, 0.0, 0.0, 0.0, 0.0, 1.0],
                [1.0, 0.0, 0.0, 0.0, 0.0, 0.671609, 0.740906, 0.37472, 0.0, -0.740906, 0.671609, 0.0, 0.0, 0.0, 0.0, 1.0],
                [1.0, 0.0, 0.0, -0.0, -0.0, 0.574528, 0.818485, 0.37472, -0.0, -0.818485, 0.574528, 0.0, 0.0, 0.0, 0.0, 1.0],
                [1.0, 0.0, -0.0, -0.0, -0.0, 0.645259, 0.763964, 0.37472, 0.0, -0.763964, 0.645259, -0.0, 0.0, 0.0, 0.0, 1.0],
                [1.0, 0.0, 0.0, 0.0, -0.0, 0.720081, 0.69389, 0.37472, -0.0, -0.69389, 0.720082, 0.0, 0.0, 0.0, 0.0, 1.0],
                [1.0, 0.0, 0.0, -0.0, -0.0, 0.861791, 0.507264, 0.37472, -0.0, -0.507264, 0.861791, 0.0, 0.0, 0.0, 0.0, 1.0],
                [0.999999, 0.0, 0.0, 0.0, -0.0, 0.797123, 0.603817, 0.37472, -0.0, -0.603817, 0.797123, -0.0, 0.0, 0.0, 0.0, 1.0],
                [1.0, 0.0, 0.0, 0.0, -0.0, 0.809818, 0.586681, 0.37472, -0.0, -0.58668, 0.809819, 0.0, 0.0, 0.0, 0.0, 1.0],
                [1.0, 0.0, 0.0, 0.0, -0.0, 0.914678, 0.404184, 0.37472, -0.0, -0.404184, 0.914678, -0.0, 0.0, 0.0, 0.0, 1.0]
            ]
        },
        {
            "name": "Knee_L",
            "time": [0.0, 0.2667, 0.5, 0.6667, 0.8333, 1.0, 1.1667, 1.3333, 1.6667, 1.8333, 2.0, 2.3333, 2.6667, 3.0, 3.3333, 3.6667, 4.0, 4.3333, 4.6667, 5.0],
            "transform": [
                [1.0, 0.0, -0.0, 0.0, -0.0, 0.0, -1.0, 0.37472, -0.0, 1.0, 0.0, -0.0, 0.0, 0.0, 0.0, 1.0],
                [1.0, 0.0, -0.0, -0.0, -0.0, 0.0, -1.0, 0.37472, -0.0, 1.0, 0.0, -0.0, 0.0, 0.0, 0.0, 1.0],
                [1.0, 0.0, -0.0, 0.0, -1e-06, 0.0, -1.0, 0.37472, -0.0, 1.0, 0.0, 0.0, 0.0, 0.0, 0.0, 1.0],
                [1.0, 0.0, -0.0, 0.0, -0.0, 0.0, -1.0, 0.37472, -0.0, 1.0, 0.0, 0.0, 0.0, 0.0, 0.0, 1.0],
                [1.0, 0.0, -0.0, 0.0, -0.0, 0.0, -1.0, 0.37472, -0.0, 1.0, 0.0, 0.0, 0.0, 0.0, 0.0, 1.0],
                [1.0, 0.0, -0.0, 0.0, -1e-06, 0.0, -1.0, 0.37472, -0.0, 1.0, 0.0, 0.0, 0.0, 0.0, 0.0, 1.0],
                [1.0, 0.0, -1e-06, 0.0, -0.0, 0.0, -1.0, 0.37472, -0.0, 1.0, 0.0, -0.0, 0.0, 0.0, 0.0, 1.0],
                [1.0, 0.0, -0.0, -0.0, -0.0, 0.0, -1.0, 0.37472, -0.0, 1.0, 0.0, 0.0, 0.0, 0.0, 0.0, 1.0],
                [1.0, 0.0, -1e-06, -0.0, -0.0, 0.0, -1.0, 0.374721, -0.0, 1.0, 0.0, 0.0, 0.0, 0.0, 0.0, 1.0],
                [1.0, 0.0, -1e-06, 0.0, -0.0, 0.0, -1.0, 0.37472, -0.0, 1.0, 0.0, -0.0, 0.0, 0.0, 0.0, 1.0],
                [1.0, 0.0, -0.0, -0.0, -0.0, 0.0, -1.0, 0.37472, -0.0, 1.0, 0.0, 0.0, 0.0, 0.0, 0.0, 1.0],
                [1.0, 0.0, -0.0, -0.0, -0.0, 0.0, -1.0, 0.37472, -0.0, 1.0, 0.0, 0.0, 0.0, 0.0, 0.0, 1.0],
                [1.0, 0.0, -1e-06, 0.0, -0.0, 0.0, -1.0, 0.37472, -0.0, 1.0, 0.0, 0.0, 0.0, 0.0, 0.0, 1.0],
                [1.0, 0.0, -0.0, -0.0, -0.0, 0.0, -1.0, 0.37472, -0.0, 1.0, 0.0, 0.0, 0.0, 0.0, 0.0, 1.0],
                [1.0, 0.0, -0.0, -0.0, -0.0, 0.0, -1.0, 0.37472, -0.0, 1.0, 0.0, -0.0, 0.0, 0.0, 0.0, 1.0],
                [1.0, 0.0, -0.0, 0.0, -0.0, 0.0, -1.0, 0.37472, -0.0, 1.0, 0.0, 0.0, 0.0, 0.0, 0.0, 1.0],
                [1.0, 0.0, -0.0, -0.0, -0.0, 0.0, -1.0, 0.37472, -0.0, 1.0, 0.0, 0.0, 0.0, 0.0, 0.0, 1.0],
                [1.0, 0.0, -1e-06, 0.0, -0.0, 0.0, -1.0, 0.37472, -0.0, 1.0, 0.0, -0.0, 0.0, 0.0, 0.0, 1.0],
                [1.0, 0.0, -0.0, 0.0, -0.0, 0.0, -1.0, 0.37472, -0.0, 1.0, 0.0, 0.0, 0.0, 0.0, 0.0, 1.0],
                [1.0, 0.0, -0.0, 0.0, -0.0, 0.0, -1.0, 0.37472, -0.0, 1.0, 0.0, -0.0, 0.0, 0.0, 0.0, 1.0]
            ]
        },
        {
            "name": "Torso",
            "time": [0.0, 0.2667, 0.5, 0.6667, 0.8333, 1.0, 1.1667, 1.3333, 1.6667, 1.8333, 2.0, 2.3333, 2.6667, 3.0, 3.3333, 3.6667, 4.0, 4.3333, 4.6667, 5.0],
            "transform": [
                [0.991589, -0.010832, -0.128974, 0.0, 0.007348, 0.999596, -0.027461, 0.05, 0.129219, 0.026283, 0.991268, 0.0, 0.0, 0.0, 0.0, 1.0],
                [-0.299652, -0.120289, -0.946435, 0.0, 0.055324, 0.988159, -0.143108, 0.05, 0.952443, -0.095243, -0.28945, -0.0, 0.0, 0.0, 0.0, 1.0],
                [-0.679545, -0.280511, -0.677888, -0.0, -0.270439, 0.954723, -0.123966, 0.05, 0.681969, 0.099087, -0.724638, -0.0, 0.0, 0.0, 0.0, 1.0],
                [-0.935506, -0.237893, 0.261217, -0.0, -0.231993, 0.971236, 0.053669, 0.05, -0.266471, -0.010393, -0.963787, 0.0, 0.0, 0.0, 0.0, 1.0],
                [-0.2141, 0.000754, 0.976812, -0.0, -0.124277, 0.991852, -0.028005, 0.05, -0.968874, -0.127391, -0.212262, -0.0, 0.0, 0.0, 0.0, 1.0],
                [0.814003, 0.066988, 0.576985, 0.0, -0.021158, 0.996088, -0.085797, 0.05, -0.580475, 0.057631, 0.812236, -0.0, 0.0, 0.0, 0.0, 1.0],
                [0.991336, 0.063097, 0.115204, -0.0, -0.050166, 0.992455, -0.111879, 0.05, -0.121394, 0.10513, 0.987021, 0.0, 0.0, 0.0, 0.0, 1.0],
                [0.551132, 0.127094, -0.824682, -0.0, 0.099039, 0.971382, 0.215889, 0.05, 0.82852, -0.200659, 0.522772, -0.0, 0.0, 0.0, 0.0, 1.0],
                [-0.146286, 0.555687, -0.818421, -0.0, 0.089566, 0.831363, 0.548465, 0.05, 0.985179, 0.00693, -0.171387, -0.0, 0.0, 0.0, 0.0, 1.0],
                [0.998133, 0.032808, -0.051509, -0.0, 0.008249, 0.763282, 0.646012, 0.05, 0.060511, -0.645231, 0.761587, -0.0, 0.0, 0.0, 0.0, 1.0],
                [-0.024647, -0.575643, 0.81733, -0.0, -0.103297, 0.814668, 0.570654, 0.05, -0.994345, -0.070363, -0.079541, 0.0, 0.0, 0.0, 0.0, 1.0],
                [-0.11592, -0.435008, 0.892934, -0.0, -0.094667, 0.899741, 0.426034, 0.05, -0.988737, -0.035146, -0.145479, 0.0, 0.0, 0.0, 0.0, 1.0],
                [0.065962, -0.419779, 0.905227, 0.0, -0.141245, 0.894139, 0.424929, 0.05, -0.987775, -0.155888, -0.000312, 0.0, 0.0, 0.0, 0.0, 1.0],
                [0.697749, -0.248811, 0.671744, 0.0, -0.088794, 0.900468, 0.425761, 0.05, -0.710818, -0.356721, 0.606208, -0.0, 0.0, 0.0, 0.0, 1.0],
                [0.956772, -0.094363, 0.275104, -0.0, 0.001413, 0.947399, 0.320053, 0.05, -0.290835, -0.30583, 0.906578, 0.0, 0.0, 0.0, 0.0, 1.0],
                [0.99926, 0.016488, -0.034752, -0.0, -0.012485, 0.993586, 0.112393, 0.05, 0.036382, -0.111876, 0.993056, 0.0, 0.0, 0.0, 0.0, 1.0],
                [0.940222, 0.040508, -0.338145, -0.0, -0.04099, 0.999143, 0.005719, 0.05, 0.338087, 0.008484, 0.941076, 0.0, 0.0, 0.0, 0.0, 1.0],
                [0.792548, 0.026619, -0.609229, -0.0, -0.04481, 0.998888, -0.014649, 0.05, 0.608161, 0.03891, 0.792859, 0.0, 0.0, 0.0, 0.0, 1.0],
                [0.79376, 0.004147, -0.608218, -0.0, -0.030742, 0.998972, -0.033308, 0.05, 0.607455, 0.045136, 0.793071, 0.0, 0.0, 0.0, 0.0, 1.0],
                [0.889242, -0.009437, -0.457341, -0.0, -0.010405, 0.999111, -0.040848, 0.05, 0.45732, 0.041083, 0.888353, 0.0, 0.0, 0.0, 0.0, 1.0]
            ]
        },
        {
            "name": "Chest",
            "time": [0.0, 0.2667, 0.5, 0.6667, 0.8333, 1.0, 1.1667, 1.3333, 1.6667, 1.8333, 2.0, 2.3333, 2.6667, 3.0, 3.3333, 3.6667, 4.0, 4.3333, 4.6667, 5.0],
            "transform": [
                [0.948853, -0.025949, -0.31465, 0.0, 0.047088, 0.997101, 0.059768, 0.3, 0.312187, -0.071528, 0.947324, 0.0, 0.0, 0.0, 0.0, 1.0],
                [0.998826, 0.029309, -0.038569, 0.0, -0.024094, 0.991306, 0.129356, 0.3, 0.042025, -0.128275, 0.990848, -0.0, 0.0, 0.0, 0.0, 1.0],
                [0.966638, 0.075215, -0.244854, 0.0, -0.064665, 0.99661, 0.050856, 0.3, 0.247849, -0.033326, 0.968225, -0.0, 0.0, 0.0, 0.0, 1.0],
                [0.959639, -0.004169, -0.281204, -0.0, 0.021096, 0.99814, 0.057194, 0.3, 0.280443, -0.060818, 0.957942, 0.0, 0.0, 0.0, 0.0, 1.0],
                [0.952657, -0.152993, -0.262753, 0.0, 0.175685, 0.982297, 0.065014, 0.3, 0.248155, -0.108098, 0.96267, 0.0, 0.0, 0.0, 0.0, 1.0],
                [0.98475, -0.091898, -0.147723, 0.0, 0.108303, 0.988328, 0.107136, 0.3, 0.136153, -0.121501, 0.983209, -0.0, 0.0, 0.0, 0.0, 1.0],
                [0.998967, -0.040603, 0.020417, 0.0, 0.037757, 0.991513, 0.124409, 0.3, -0.025295, -0.123509, 0.992021, 0.0, 0.0, 0.0, 0.0, 1.0],
                [0.97857, -0.05175, -0.199306, 0.0, 0.108783, 0.951736, 0.286993, 0.3, 0.174835, -0.302524, 0.936969, -0.0, 0.0, 0.0, 0.0, 1.0],
                [0.724438, 0.151171, -0.67256, -0.0, 0.286568, 0.821313, 0.493279, 0.3, 0.626952, -0.550084, 0.551669, 0.0, 0.0, 0.0, 0.0, 1.0],
                [0.891003, 0.065055, -0.449313, 0.0, 0.205799, 0.824282, 0.527453, 0.3, 0.404674, -0.56243, 0.721049, -0.0, 0.0, 0.0, 0.0, 1.0],
                [0.982332, -0.020533, -0.186018, -0.0, 0.119275, 0.83463, 0.537742, 0.3, 0.144215, -0.550428, 0.822333, -0.0, 0.0, 0.0, 0.0, 1.0],
                [0.994885, 0.055571, 0.084359, 0.0, -0.068522, 0.984841, 0.159354, 0.3, -0.074225, -0.164319, 0.983611, 0.0, 0.0, 0.0, 0.0, 1.0],
                [0.994158, 0.018031, -0.106418, -0.0, -0.00334, 0.990615, 0.136644, 0.3, 0.107883, -0.13549, 0.984887, -0.0, 0.0, 0.0, 0.0, 1.0],
                [0.997389, 0.053084, -0.048964, -0.0, -0.046371, 0.99052, 0.129306, 0.3, 0.055363, -0.126698, 0.990395, -0.0, 0.0, 0.0, 0.0, 1.0],
                [0.995018, 0.076862, -0.063495, 0.0, -0.070302, 0.992522, 0.099788, 0.3, 0.07069, -0.094827, 0.992981, -0.0, 0.0, 0.0, 0.0, 1.0],
                [0.997417, 0.023988, -0.067701, -0.0, -0.016985, 0.99462, 0.102188, 0.3, 0.069788, -0.100774, 0.992459, -0.0, 0.0, 0.0, 0.0, 1.0],
                [0.998555, -0.014247, -0.051818, -0.0, 0.01987, 0.993771, 0.109654, 0.3, 0.049933, -0.110526, 0.992618, -0.0, 0.0, 0.0, 0.0, 1.0],
                [0.996472, 0.011225, -0.083172, -0.0, -0.001008, 0.992545, 0.121879, 0.3, 0.08392, -0.121365, 0.989054, 0.0, 0.0, 0.0, 0.0, 1.0],
                [0.992914, 0.00256, -0.118809, 0.0, 0.010368, 0.994089, 0.108067, 0.3, 0.118384, -0.108533, 0.987019, 0.0, 0.0, 0.0, 0.0, 1.0],
                [0.991247, -0.018362, -0.130738, -0.0, 0.030145, 0.9956, 0.088725, 0.3, 0.128533, -0.091889, 0.987439, 0.0, 0.0, 0.0, 0.0, 1.0]
            ]
        },
        {
            "name": "Head",
            "time": [0.0, 0.2667, 0.5, 0.6667, 0.8333, 1.0, 1.1667, 1.3333, 1.6667, 1.8333, 2.0, 2.3333, 2.6667, 3.0, 3.3333, 3.6667, 4.0, 4.3333, 4.6667, 5.0],
            "transform": [
                [0.887448, 0.220819, 0.404568, 0.0, -0.144247, 0.966732, -0.21124, 0.4, -0.437755, 0.129107, 0.889776, 0.0, 0.0, 0.0, 0.0, 1.0],
                [0.992428, 0.110252, -0.054131, -0.0, -0.113045, 0.992251, -0.051559, 0.4, 0.048027, 0.057288, 0.997202, -0.0, 0.0, 0.0, 0.0, 1.0],
                [0.988645, 0.005777, 0.150157, 0.0, -0.032899, 0.983339, 0.178777, 0.4, -0.146622, -0.181687, 0.972364, 0.0, 0.0, 0.0, 0.0, 1.0],
                [0.974438, 0.049409, 0.219155, 0.0, -0.099805, 0.969173, 0.225263, 0.4, -0.201269, -0.241378, 0.94933, 0.0, 0.0, 0.0, 0.0, 1.0],
                [0.947072, 0.177656, 0.267381, 0.0, -0.242714, 0.941402, 0.234205, 0.4, -0.210106, -0.286706, 0.934695, 0.0, 0.0, 0.0, 0.0, 1.0],
                [0.96331, 0.156216, 0.218244, 0.0, -0.210378, 0.944428, 0.25258, 0.4, -0.166658, -0.289226, 0.942642, 0.0, 0.0, 0.0, 0.0, 1.0],
                [0.966604, 0.214994, 0.139481, -0.0, -0.238248, 0.954379, 0.179994, 0.4, -0.09442, -0.207214, 0.973728, -0.0, 0.0, 0.0, 0.0, 1.0],
                [0.797272, 0.400573, 0.451552, -0.0, -0.319786, 0.914764, -0.246869, 0.4, -0.511953, 0.052421, 0.857412, -0.0, 0.0, 0.0, 0.0, 1.0],
                [0.222871, 0.527268, 0.819949, 0.0, 0.025868, 0.83761, -0.545656, 0.4, -0.974505, 0.142822, 0.17304, -0.0, 0.0, 0.0, 0.0, 1.0],
                [0.871827, 0.394867, 0.289824, -0.0, -0.174447, 0.803215, -0.569572, 0.4, -0.457697, 0.446009, 0.769148, -0.0, 0.0, 0.0, 0.0, 1.0],
                [0.86426, 0.078214, -0.496928, -0.0, -0.327802, 0.836872, -0.438396, 0.4, 0.381577, 0.541782, 0.748913, -0.0, 0.0, 0.0, 0.0, 1.0],
                [0.367794, 0.138129, -0.919591, -0.0, -0.162278, 0.983266, 0.08279, 0.4, 0.915638, 0.11878, 0.384055, -0.0, 0.0, 0.0, 0.0, 1.0],
                [0.46517, 0.174625, -0.867826, 0.0, -0.171844, 0.979514, 0.104988, 0.4, 0.868382, 0.100293, 0.485649, 0.0, 0.0, 0.0, 0.0, 1.0],
                [0.790307, 0.23547, -0.565658, -0.0, -0.263429, 0.964104, 0.033286, 0.4, 0.553191, 0.122705, 0.823968, 0.0, 0.0, 0.0, 0.0, 1.0],
                [0.929977, 0.234692, -0.282954, 0.0, -0.26919, 0.958932, -0.089365, 0.4, 0.250361, 0.159276, 0.954961, -0.0, 0.0, 0.0, 0.0, 1.0],
                [0.984727, 0.164619, -0.056694, -0.0, -0.170871, 0.976244, -0.13323, 0.4, 0.033415, 0.140883, 0.989462, -0.0, 0.0, 0.0, 0.0, 1.0],
                [0.964212, 0.158379, 0.212631, 0.0, -0.136123, 0.983923, -0.115604, 0.4, -0.227522, 0.082523, 0.97027, 0.0, 0.0, 0.0, 0.0, 1.0],
                [0.865283, 0.145454, 0.479717, 0.0, -0.108702, 0.988651, -0.103696, 0.4, -0.489356, 0.03758, 0.871274, -0.0, 0.0, 0.0, 0.0, 1.0],
                [0.839244, 0.1357, 0.52655, 0.0, -0.096135, 0.990133, -0.101949, 0.4, -0.53519, 0.03494, 0.844009, 0.0, 0.0, 0.0, 0.0, 1.0],
                [0.864806, 0.141789, 0.48167, 0.0, -0.088294, 0.987296, -0.132104, 0.4, -0.494281, 0.071716, 0.866338, 0.0, 0.0, 0.0, 0.0, 1.0]
            ]
        },
        {
            "name": "Shoulder_R",
            "time": [0.0, 0.2667, 0.5, 0.6667, 0.8333, 1.0, 1.1667, 1.3333, 1.6667, 1.8333, 2.0, 2.3333, 2.6667, 3.0, 3.3333, 3.6667, 4.0, 4.3333, 4.6667, 5.0],
            "transform": [
                [0.332618, 0.862921, -0.380437, 0.0, 0.838042, -0.455463, -0.300392, 0.4, -0.432488, -0.218907, -0.874663, 0.0, 0.0, 0.0, 0.0, 1.0],
                [-0.247355, 0.276949, -0.928502, -0.0, 0.765698, -0.531339, -0.36247, 0.4, -0.593735, -0.800611, -0.08063, -0.0, 0.0, 0.0, 0.0, 1.0],
                [-0.138, 0.271771, -0.952417, 0.0, 0.779978, -0.56282, -0.273616, 0.4, -0.6104, -0.780623, -0.134306, 0.0, 0.0, 0.0, 0.0, 1.0],
                [-0.127745, 0.276401, -0.952516, 0.0, 0.806066, -0.53063, -0.262083, 0.4, -0.577871, -0.80127, -0.155013, 0.0, 0.0, 0.0, 0.0, 1.0],
                [-0.116054, 0.226902, -0.966979, 0.0, 0.858727, -0.466303, -0.212481, 0.4, -0.499116, -0.855031, -0.140731, 0.0, 0.0, 0.0, 0.0, 1.0],
                [-0.148993, 0.166883, -0.974655, 0.0, 0.849089, -0.483579, -0.212599, 0.4, -0.506801, -0.859245, -0.069649, 0.0, 0.0, 0.0, 0.0, 1.0],
                [-0.140918, -0.098046, -0.985156, -0.0, 0.873103, -0.481418, -0.076978, 0.4, -0.466723, -0.87099, 0.153445, -0.0, 0.0, 0.0, 0.0, 1.0],
                [-0.366167, 0.266733, -0.891502, -0.0, 0.82574, -0.348574, -0.443449, 0.4, -0.429036, -0.898527, -0.092616, -0.0, 0.0, 0.0, 0.0, 1.0],
                [-0.058524, 0.491796, -0.868742, 0.0, 0.780669, -0.51984, -0.346874, 0.4, -0.622197, -0.6985, -0.353507, -0.0, 0.0, 0.0, 0.0, 1.0],
                [0.227741, 0.738618, -0.63449, -0.0, 0.779108, -0.529076, -0.336256, 0.4, -0.584057, -0.417757, -0.695958, -0.0, 0.0, 0.0, 0.0, 1.0],
                [0.469138, 0.839253, -0.274886, -0.0, 0.773773, -0.540655, -0.330099, 0.4, -0.425654, -0.057837, -0.903037, -0.0, 0.0, 0.0, 0.0, 1.0],
                [0.307928, 0.840816, -0.445207, -0.0, 0.588649, -0.535997, -0.605144, 0.4, -0.747443, -0.07573, -0.659995, -0.0, 0.0, 0.0, 0.0, 1.0],
                [0.340811, 0.860345, -0.379018, 0.0, 0.696075, -0.501907, -0.51339, 0.4, -0.631922, -0.088856, -0.769922, 0.0, 0.0, 0.0, 0.0, 1.0],
                [0.142129, 0.871736, -0.46891, -0.0, 0.828331, -0.364091, -0.4258, 0.4, -0.541909, -0.327894, -0.773835, 0.0, 0.0, 0.0, 0.0, 1.0],
                [0.193311, 0.825797, -0.529802, 0.0, 0.886652, -0.378241, -0.266045, 0.4, -0.420091, -0.418321, -0.805315, -0.0, 0.0, 0.0, 0.0, 1.0],
                [0.239883, 0.776445, -0.582744, -0.0, 0.888672, -0.417261, -0.190139, 0.4, -0.390788, -0.472257, -0.790101, -0.0, 0.0, 0.0, 0.0, 1.0],
                [0.294055, 0.718726, -0.630052, 0.0, 0.872258, -0.471301, -0.130535, 0.4, -0.390762, -0.511184, -0.765504, 0.0, 0.0, 0.0, 0.0, 1.0],
                [0.373079, 0.698989, -0.610104, 0.0, 0.844543, -0.528104, -0.088604, 0.4, -0.38413, -0.482203, -0.787353, -0.0, 0.0, 0.0, 0.0, 1.0],
                [0.364678, 0.744788, -0.558839, 0.0, 0.851652, -0.509426, -0.123178, 0.4, -0.376428, -0.431016, -0.820078, 0.0, 0.0, 0.0, 0.0, 1.0],
                [0.33987, 0.768166, -0.542595, 0.0, 0.858425, -0.489061, -0.154676, 0.4, -0.384178, -0.413208, -0.825632, 0.0, 0.0, 0.0, 0.0, 1.0]
            ]
        },
        {
            "name": "Arm_R",
            "time": [0.0, 0.2667, 0.5, 0.6667, 0.8333, 1.0, 1.1667, 1.3333, 1.6667, 1.8333, 2.0, 2.3333, 2.6667, 3.0, 3.3333, 3.6667, 4.0, 4.3333, 4.6667, 5.0],
            "transform": [
                [0.573283, -0.752204, 0.324868, -0.0, 0.642882, 0.658758, 0.390823, 0.393861, -0.507989, -0.015201, 0.861228, -0.0, 0.0, 0.0, 0.0, 1.0],
                [0.765863, -0.262287, 0.587077, -0.0, 0.241511, 0.963512, 0.115404, 0.393861, -0.595924, 0.053402, 0.801262, -0.0, 0.0, 0.0, 0.0, 1.0],
                [0.178117, 0.044872, 0.982986, 0.0, 0.032362, 0.998155, -0.051428, 0.393861, -0.983476, 0.040973, 0.176336, 0.0, 0.0, 0.0, 0.0, 1.0],
                [-0.122923, -0.087401, 0.988559, -0.0, 0.419511, 0.898166, 0.131573, 0.39386, -0.899388, 0.430887, -0.073739, -0.0, 0.0, 0.0, 0.0, 1.0],
                [-0.158623, -0.174915, 0.971721, 0.0, 0.410655, 0.88333, 0.226038, 0.39386, -0.897887, 0.434898, -0.068286, -0.0, 0.0, 0.0, 0.0, 1.0],
                [0.329403, 0.486282, 0.809334, 0.0, -0.026197, 0.861553, -0.506993, 0.393861, -0.943825, 0.145803, 0.296537, -0.0, 0.0, 0.0, 0.0, 1.0],
                [0.719694, 0.574739, 0.389509, -0.0, -0.596193, 0.799092, -0.077511, 0.393861, -0.355802, -0.176439, 0.917755, 0.0, 0.0, 0.0, 0.0, 1.0],
                [0.695383, 0.451652, 0.558975, 0.0, -0.397895, 0.889696, -0.223878, 0.393861, -0.598433, -0.066732, 0.798388, -0.0, 0.0, 0.0, 0.0, 1.0],
                [0.517072, -0.789067, 0.331679, 0.0, -0.518613, 0.019459, 0.854788, 0.393861, -0.680938, -0.614001, -0.399158, 0.0, 0.0, 0.0, 0.0, 1.0],
                [0.422875, -0.620569, 0.660357, 0.0, -0.2891, 0.598254, 0.747338, 0.39386, -0.858834, -0.506941, 0.07358, 0.0, 0.0, 0.0, 0.0, 1.0],
                [0.442243, -0.290054, 0.848698, 0.0, 0.01297, 0.948234, 0.317312, 0.393861, -0.896801, -0.129322, 0.423111, -0.0, 0.0, 0.0, 0.0, 1.0],
                [0.252533, -0.349324, 0.90233, 0.0, -0.469809, 0.770984, 0.429959, 0.39386, -0.845875, -0.532503, 0.030584, -0.0, 0.0, 0.0, 0.0, 1.0],
                [0.482657, -0.356614, 0.799918, -0.0, -0.293311, 0.794786, 0.531304, 0.393861, -0.825233, -0.491063, 0.27901, 0.0, 0.0, 0.0, 0.0, 1.0],
                [0.457162, -0.822353, 0.338733, 0.0, 0.288117, 0.497262, 0.818364, 0.39386, -0.841422, -0.276531, 0.464262, -0.0, 0.0, 0.0, 0.0, 1.0],
                [0.536138, -0.842194, -0.057153, 0.0, 0.726373, 0.425795, 0.539519, 0.39386, -0.430044, -0.330772, 0.84003, 0.0, 0.0, 0.0, 0.0, 1.0],
                [0.641012, -0.766498, -0.039836, -0.0, 0.691415, 0.554131, 0.463557, 0.39386, -0.333241, -0.32469, 0.885168, 0.0, 0.0, 0.0, 0.0, 1.0],
                [0.73298, -0.6757, 0.078556, -0.0, 0.601748, 0.69791, 0.388358, 0.393861, -0.317239, -0.237388, 0.918152, 0.0, 0.0, 0.0, 0.0, 1.0],
                [0.816866, -0.553396, 0.162742, 0.0, 0.468477, 0.80108, 0.37256, 0.39386, -0.336544, -0.228091, 0.913625, -0.0, 0.0, 0.0, 0.0, 1.0],
                [0.728275, -0.665974, 0.16154, -0.0, 0.583807, 0.726391, 0.362665, 0.393861, -0.358866, -0.169812, 0.917811, -0.0, 0.0, 0.0, 0.0, 1.0],
                [0.673412, -0.731082, 0.109717, -0.0, 0.636608, 0.648925, 0.416686, 0.39386, -0.37583, -0.210755, 0.902403, -0.0, 0.0, 0.0, 0.0, 1.0]
            ]
        },
        {
            "name": "Hand_R",
            "time": [0.0, 0.2667, 0.5, 0.6667, 0.8333, 1.0, 1.1667, 1.3333, 1.6667, 1.8333, 2.0, 2.3333, 2.6667, 3.0, 3.3333, 3.6667, 4.0, 4.3333, 4.6667, 5.0],
            "transform": [
                [1.000001, 1e-06, 2e-06, -0.0, 0.0, 0.88189, -0.471454, 0.3, -3e-06, 0.471455, 0.881889, 0.0, 0.0, 0.0, 0.0, 1.0],
                [1.0, 2e-06, 1e-06, 0.0, 1e-06, -0.19503, -0.980797, 0.3, -2e-06, 0.980799, -0.195029, -0.0, 0.0, 0.0, 0.0, 1.0],
                [1.0, 2e-06, 1e-06, -0.0, 1e-06, 0.081078, -0.996706, 0.3, -2e-06, 0.99671, 0.081077, 0.0, 0.0, 0.0, 0.0, 1.0],
                [1.000001, 2e-06, 1e-06, 0.0, 1e-06, 0.073251, -0.997308, 0.3, -2e-06, 0.997319, 0.07325, 0.0, 0.0, 0.0, 0.0, 1.0],
                [1.000001, 2e-06, 1e-06, -0.0, 1e-06, 0.094721, -0.995499, 0.3, -2e-06, 0.995508, 0.09472, -0.0, 0.0, 0.0, 0.0, 1.0],
                [1.0, 2e-06, 1e-06, -0.0, 1e-06, 0.162441, -0.986716, 0.3, -2e-06, 0.986721, 0.16244, 0.0, 0.0, 0.0, 0.0, 1.0],
                [0.999999, 1e-06, 1e-06, 0.0, 1e-06, 0.178777, -0.98389, 0.3, -2e-06, 0.98389, 0.178777, -0.0, 0.0, 0.0, 0.0, 1.0],
                [0.999999, 1e-06, 2e-06, 0.0, 0.0, 0.786207, -0.617965, 0.3, -3e-06, 0.617964, 0.786207, 0.0, 0.0, 0.0, 0.0, 1.0],
                [0.999999, 2e-06, 1e-06, 0.0, 1e-06, 0.141986, -0.989869, 0.3, -2e-06, 0.98987, 0.141986, -0.0, 0.0, 0.0, 0.0, 1.0],
                [0.999999, 2e-06, 2e-06, 0.0, 1e-06, 0.479518, -0.877532, 0.3, -2e-06, 0.877533, 0.479518, 0.0, 0.0, 0.0, 0.0, 1.0],
                [0.999999, 1e-06, 2e-06, 0.0, 0.0, 0.755487, -0.655165, 0.3, -2e-06, 0.655166, 0.755485, 0.0, 0.0, 0.0, 0.0, 1.0],
                [0.999999, 1e-06, 2e-06, -0.0, -0.0, 0.903746, -0.428071, 0.3, -2e-06, 0.428071, 0.903745, 0.0, 0.0, 0.0, 0.0, 1.0],
                [0.999999, 2e-06, 1e-06, 0.0, 1e-06, 0.362491, -0.931987, 0.3, -2e-06, 0.931989, 0.362491, -0.0, 0.0, 0.0, 0.0, 1.0],
                [1.0, 2e-06, 1e-06, 0.0, 1e-06, -0.279259, -0.960216, 0.3, -1e-06, 0.960217, -0.279258, -0.0, 0.0, 0.0, 0.0, 1.0],
                [1.0, 2e-06, 1e-06, 0.0, 1e-06, 0.260683, -0.965423, 0.3, -2e-06, 0.965426, 0.260682, -0.0, 0.0, 0.0, 0.0, 1.0],
                [1.0, 2e-06, 1e-06, 0.0, 1e-06, 0.27567, -0.96125, 0.3, -2e-06, 0.961255, 0.275668, 0.0, 0.0, 0.0, 0.0, 1.0],
                [1.0, 2e-06, 1e-06, -0.0, 1e-06, 0.296517, -0.955025, 0.3, -2e-06, 0.95503, 0.296516, 0.0, 0.0, 0.0, 0.0, 1.0],
                [1.0, 2e-06, 2e-06, -0.0, 1e-06, 0.570581, -0.821241, 0.3, -2e-06, 0.821242, 0.57058, 0.0, 0.0, 0.0, 0.0, 1.0],
                [1.000001, 1e-06, 2e-06, -0.0, -0.0, 0.932651, -0.360778, 0.3, -3e-06, 0.360778, 0.932652, 0.0, 0.0, 0.0, 0.0, 1.0],
                [1.000001, 1e-06, 3e-06, -0.0, -0.0, 0.978824, -0.204701, 0.3, -3e-06, 0.204701, 0.978824, -0.0, 0.0, 0.0, 0.0, 1.0]
            ]
        },
        {
            "name": "Tool_R",
            "time": [0.0, 0.2667, 0.5, 0.6667, 0.8333, 1.0, 1.1667, 1.3333, 1.6667, 1.8333, 2.0, 2.3333, 2.6667, 3.0, 3.3333, 3.6667, 4.0, 4.3333, 4.6667, 5.0],
            "transform": [
                [-0.895236, 0.410626, -0.173035, 0.0, 0.29865, 0.264729, -0.91691, 0.272858, -0.3307, -0.872529, -0.359627, 0.0, 0.0, 0.0, 0.0, 1.0],
                [-0.819779, 0.339015, -0.461552, -0.0, 0.557865, 0.654865, -0.509842, 0.272858, 0.12941, -0.675442, -0.725969, -0.0, 0.0, 0.0, 0.0, 1.0],
                [-0.172052, 0.149536, -0.973672, -0.0, -0.70797, 0.668506, 0.22777, 0.272858, 0.684964, 0.72852, -0.009151, -0.0, 0.0, 0.0, 0.0, 1.0],
                [0.108408, 0.360591, -0.926398, -0.0, -0.769814, 0.620087, 0.151276, 0.272858, 0.629, 0.696758, 0.344806, 0.0, 0.0, 0.0, 0.0, 1.0],
                [-0.046519, 0.267033, -0.962559, 0.0, -0.854176, 0.488962, 0.176926, 0.272858, 0.517903, 0.830431, 0.205345, 0.0, 0.0, 0.0, 0.0, 1.0],
