{
    "animation": [
        {
            "name": "Root",
            "time": [0.0, 0.3333, 0.6667, 0.8333, 1.0, 1.1667, 1.3333, 1.5, 1.7333, 2.0, 2.1667, 2.3333, 2.5, 2.6667, 2.8333, 3.0, 3.1, 3.1667, 3.3333, 3.5, 3.5333, 3.5667, 3.6, 3.6333, 3.6667, 3.8333, 4.0, 4.3333, 4.6667, 4.8333, 4.8667, 4.9, 4.9333, 4.9667, 5.0, 5.3333, 5.6667, 6.0, 6.3333, 6.6667, 7.0, 7.3333, 7.6667, 7.7667],
            "transform": [
                [1.0, 0.0, 0.0, 0.0, 0.0, 0.0, -1.0, -0.038643, -0.0, 1.0, 0.0, 0.565518, 0.0, 0.0, 0.0, 1.0],
                [1.0, 0.0, 0.0, -0.041704, 0.0, 0.0, -1.0, -0.014502, -0.0, 1.0, 0.0, 0.627347, 0.0, 0.0, 0.0, 1.0],
                [1.0, 0.0, 0.0, -0.075156, 0.0, 0.0, -1.0, 0.144308, -0.0, 1.0, 0.0, 0.552812, 0.0, 0.0, 0.0, 1.0],
                [1.0, 0.0, 0.0, -0.081138, 0.0, 0.0, -1.0, 0.192212, -0.0, 1.0, 0.0, 0.46055, 0.0, 0.0, 0.0, 1.0],
                [1.0, 0.0, 0.0, 0.042438, 0.0, 0.0, -1.0, 0.217996, -0.0, 1.0, 0.0, 0.397342, 0.0, 0.0, 0.0, 1.0],
                [1.0, 0.0, 0.0, 0.112545, 0.0, 0.0, -1.0, 0.248659, -0.0, 1.0, 0.0, 0.36202, 0.0, 0.0, 0.0, 1.0],
                [1.0, 0.0, 0.0, 0.105551, 0.0, 0.0, -1.0, 0.241943, -0.0, 1.0, 0.0, 0.391604, 0.0, 0.0, 0.0, 1.0],
                [1.0, 0.0, 0.0, 0.116363, 0.0, 0.0, -1.0, 0.227048, -0.0, 1.0, 0.0, 0.401588, 0.0, 0.0, 0.0, 1.0],
                [1.0, 0.0, 0.0, 0.117189, 0.0, 0.0, -1.0, 0.224701, -0.0, 1.0, 0.0, 0.415708, 0.0, 0.0, 0.0, 1.0],
                [1.0, 0.0, 0.0, 0.038386, 0.0, 0.0, -1.0, 0.257178, -0.0, 1.0, 0.0, 0.466339, 0.0, 0.0, 0.0, 1.0],
                [1.0, 0.0, 0.0, 0.076251, 0.0, 0.0, -1.0, 0.115761, -0.0, 1.0, 0.0, 0.541796, 0.0, 0.0, 0.0, 1.0],
                [1.0, 0.0, 0.0, 0.067667, 0.0, 0.0, -1.0, 0.238268, -0.0, 1.0, 0.0, 0.586503, 0.0, 0.0, 0.0, 1.0],
                [1.0, 0.0, 0.0, 0.028739, 0.0, 0.0, -1.0, 0.475298, -0.0, 1.0, 0.0, 0.631408, 0.0, 0.0, 0.0, 1.0],
                [1.0, 0.0, 0.0, 0.098132, 0.0, 0.0, -1.0, 0.605598, -0.0, 1.0, 0.0, 0.655005, 0.0, 0.0, 0.0, 1.0],
                [1.0, 0.0, 0.0, 0.126399, 0.0, 0.0, -1.0, 0.848187, -0.0, 1.0, 0.0, 0.580366, 0.0, 0.0, 0.0, 1.0],
                [1.0, 0.0, 0.0, 0.255456, 0.0, 0.0, -1.0, 1.077042, -0.0, 1.0, 0.0, 0.546456, 0.0, 0.0, 0.0, 1.0],
                [1.0, 0.0, 0.0, 0.272126, 0.0, 0.0, -1.0, 1.258393, -0.0, 1.0, 0.0, 0.544572, 0.0, 0.0, 0.0, 1.0],
                [1.0, 0.0, 0.0, 0.239756, 0.0, 0.0, -1.0, 1.379294, -0.0, 1.0, 0.0, 0.509149, 0.0, 0.0, 0.0, 1.0],
                [1.0, 0.0, 0.0, 0.196278, 0.0, 0.0, -1.0, 1.558347, -0.0, 1.0, 0.0, 0.527063, 0.0, 0.0, 0.0, 1.0],
                [1.0, 0.0, 0.0, 0.125434, 0.0, 0.0, -1.0, 1.765897, -0.0, 1.0, 0.0, 0.522335, 0.0, 0.0, 0.0, 1.0],
                [1.0, 0.0, 0.0, 0.204486, 0.0, 0.0, -1.0, 1.768511, -0.0, 1.0, 0.0, 0.600517, 0.0, 0.0, 0.0, 1.0],
                [1.0, 0.0, 0.0, 0.280147, 0.0, 0.0, -1.0, 1.855175, -0.0, 1.0, 0.0, 0.685361, 0.0, 0.0, 0.0, 1.0],
                [1.0, 0.0, 0.0, 0.335259, 0.0, 0.0, -1.0, 1.984345, -0.0, 1.0, 0.0, 0.738972, 0.0, 0.0, 0.0, 1.0],
                [1.0, 0.0, 0.0, 0.33045, 0.0, 0.0, -1.0, 2.142499, -0.0, 1.0, 0.0, 0.740441, 0.0, 0.0, 0.0, 1.0],
                [1.0, 0.0, 0.0, 0.273771, 0.0, 0.0, -1.0, 2.621175, -0.0, 1.0, 0.0, 1.151986, 0.0, 0.0, 0.0, 1.0],
                [1.0, 0.0, 0.0, 0.162859, 0.0, 0.0, -1.0, 2.663003, -0.0, 1.0, 0.0, 1.572829, 0.0, 0.0, 0.0, 1.0],
                [1.0, 0.0, 0.0, 0.206142, 0.0, 0.0, -1.0, 3.261186, -0.0, 1.0, 0.0, 2.446209, 0.0, 0.0, 0.0, 1.0],
                [1.0, 0.0, 0.0, 0.317752, 0.0, 0.0, -1.0, 3.683797, -0.0, 1.0, 0.0, 3.213713, 0.0, 0.0, 0.0, 1.0],
                [1.0, 0.0, 0.0, 0.361232, 0.0, 0.0, -1.0, 4.977098, -0.0, 1.0, 0.0, 2.888502, 0.0, 0.0, 0.0, 1.0],
                [1.0, 0.0, 0.0, 0.382917, 0.0, 0.0, -1.0, 5.957454, -0.0, 1.0, 0.0, 0.638614, 0.0, 0.0, 0.0, 1.0],
                [1.0, 0.0, 0.0, 0.480546, 0.0, 0.0, -1.0, 5.965409, -0.0, 1.0, 0.0, 0.561743, 0.0, 0.0, 0.0, 1.0],
                [1.0, 0.0, 0.0, 0.550134, 0.0, 0.0, -1.0, 5.973364, -0.0, 1.0, 0.0, 0.46546, 0.0, 0.0, 0.0, 1.0],
                [1.0, 0.0, 0.0, 0.579101, 0.0, 0.0, -1.0, 5.981319, -0.0, 1.0, 0.0, 0.35264, 0.0, 0.0, 0.0, 1.0],
                [1.0, 0.0, 0.0, 0.569242, 0.0, 0.0, -1.0, 5.989274, -0.0, 1.0, 0.0, 0.257075, 0.0, 0.0, 0.0, 1.0],
                [1.0, 0.0, 0.0, 0.520559, 0.0, 0.0, -1.0, 5.997229, -0.0, 1.0, 0.0, 0.178767, 0.0, 0.0, 0.0, 1.0],
                [1.0, 0.0, 0.0, 0.650504, 0.0, 0.0, -1.0, 5.985371, -0.0, 1.0, 0.0, 0.269954, 0.0, 0.0, 0.0, 1.0],
                [1.0, 0.0, 0.0, 0.566357, 0.0, 0.0, -1.0, 5.985559, -0.0, 1.0, 0.0, 0.255535, 0.0, 0.0, 0.0, 1.0],
                [1.0, 0.0, 0.0, 0.518298, 0.0, 0.0, -1.0, 5.991712, -0.0, 1.0, 0.0, 0.484108, 0.0, 0.0, 0.0, 1.0],
                [1.0, 0.0, 0.0, 0.395998, 0.0, 0.0, -1.0, 6.01403, -0.0, 1.0, 0.0, 0.621501, 0.0, 0.0, 0.0, 1.0],
                [1.0, 0.0, 0.0, 0.380999, 0.0, 0.0, -1.0, 5.924711, -0.0, 1.0, 0.0, 0.627316, 0.0, 0.0, 0.0, 1.0],
                [1.0, 0.0, 0.0, 0.329301, 0.0, 0.0, -1.0, 5.811557, -0.0, 1.0, 0.0, 0.639223, 0.0, 0.0, 0.0, 1.0],
                [1.0, 0.0, 0.0, 0.321417, 0.0, 0.0, -1.0, 5.849284, -0.0, 1.0, 0.0, 0.647505, 0.0, 0.0, 0.0, 1.0],
                [1.0, 0.0, 0.0, 0.345154, 0.0, 0.0, -1.0, 5.852316, -0.0, 1.0, 0.0, 0.653366, 0.0, 0.0, 0.0, 1.0],
                [1.0, 0.0, 0.0, 0.344212, 0.0, 0.0, -1.0, 5.846801, -0.0, 1.0, 0.0, 0.649952, 0.0, 0.0, 0.0, 1.0]
            ]
        },
        {
            "name": "Thigh_R",
            "time": [0.0, 0.3333, 0.6667, 0.8333, 1.0, 1.1667, 1.3333, 1.5, 1.7333, 2.0, 2.1667, 2.3333, 2.5, 2.6667, 2.8333, 3.0, 3.1, 3.1667, 3.3333, 3.5, 3.5333, 3.5667, 3.6, 3.6333, 3.6667, 3.8333, 4.0, 4.3333, 4.6667, 4.8333, 4.8667, 4.9, 4.9333, 4.9667, 5.0, 5.3333, 5.6667, 6.0, 6.3333, 6.6667, 7.0, 7.3333, 7.6667, 7.7667],
            "transform": [
                [0.34522, -0.285117, -0.894165, 0.020657, 0.588736, -0.676182, 0.442909, -0.010559, -0.730899, -0.679328, -0.065573, -0.104349, 0.0, 0.0, 0.0, 1.0],
                [0.406057, -0.068179, -0.9113, 0.051572, 0.532131, -0.79307, 0.296441, -0.006695, -0.742936, -0.605304, -0.285751, -0.104349, 0.0, 0.0, 0.0, 1.0],
                [0.629782, -0.333261, -0.701649, 0.101808, 0.453014, -0.576188, 0.680284, -0.006695, -0.630994, -0.746288, -0.211901, -1.2e-05, 0.0, 0.0, 0.0, 1.0],
                [0.748988, -0.42539, -0.507996, 0.124994, 0.389737, -0.337183, 0.856979, -0.002831, -0.535839, -0.839852, -0.086756, -1.2e-05, 0.0, 0.0, 0.0, 1.0],
                [0.871752, -0.470242, -0.137554, 0.124994, 0.113758, -0.078812, 0.990377, -0.002831, -0.476558, -0.879011, -0.015211, -1.2e-05, 0.0, 0.0, 0.0, 1.0],
                [0.803841, -0.594828, -0.004469, 0.124994, 0.021348, 0.02134, 0.999544, -0.002831, -0.594462, -0.80357, 0.029852, -1.2e-05, 0.0, 0.0, 0.0, 1.0],
                [0.804328, -0.589871, -0.071472, 0.124994, 0.052455, -0.049326, 0.997404, -0.002831, -0.591866, -0.80599, -0.008733, -1.2e-05, 0.0, 0.0, 0.0, 1.0],
                [0.825144, -0.562977, -0.046861, 0.124994, 0.010563, -0.067561, 0.997659, -0.002831, -0.564825, -0.823707, -0.0498, -1.2e-05, 0.0, 0.0, 0.0, 1.0],
                [0.823423, -0.56408, -0.061546, 0.124994, 0.006169, -0.099559, 0.995012, -0.002831, -0.567395, -0.819696, -0.078499, -1.2e-05, 0.0, 0.0, 0.0, 1.0],
                [0.414815, -0.760585, -0.499439, 0.124994, 0.350292, -0.373099, 0.859123, -0.00283, -0.839776, -0.531327, 0.11166, -1.2e-05, 0.0, 0.0, 0.0, 1.0],
                [-0.314879, -0.627145, -0.712418, 0.022029, 0.414286, -0.766138, 0.491325, -0.004383, -0.853943, -0.140437, 0.501057, -0.131399, 0.0, 0.0, 0.0, 1.0],
                [-0.672126, -0.408243, -0.617725, -0.007356, 0.197227, -0.902841, 0.382073, 0.018851, -0.713687, 0.134969, 0.687339, -0.102083, 0.0, 0.0, 0.0, 1.0],
                [-0.710556, -0.267134, -0.65096, -0.072546, -0.167946, -0.834008, 0.525571, -0.035141, -0.683304, 0.482774, 0.547745, -0.057977, 0.0, 0.0, 0.0, 1.0],
                [-0.99014, 0.091147, -0.106373, -0.119283, -0.140035, -0.663699, 0.734774, -0.059332, -0.003627, 0.742426, 0.669918, -0.00884, 0.0, 0.0, 0.0, 1.0],
                [-0.461644, 0.532597, 0.709383, -0.153475, 0.314905, -0.649216, 0.692353, 0.009959, 0.82929, 0.543009, 0.131989, 0.078529, 0.0, 0.0, 0.0, 1.0],
                [-0.296495, 0.234744, 0.925735, 0.016793, 0.598641, -0.709574, 0.371663, -0.018288, 0.744124, 0.66438, 0.069858, 0.123647, 0.0, 0.0, 0.0, 1.0],
                [0.293783, 0.225094, 0.92899, 0.081714, 0.694734, -0.717809, -0.045777, -0.009013, 0.656534, 0.65885, -0.36726, 0.049452, 0.0, 0.0, 0.0, 1.0],
                [0.638243, 0.2164, 0.738794, 0.124994, 0.614794, -0.720867, -0.319969, -0.002831, 0.463332, 0.658424, -0.593129, -1.2e-05, 0.0, 0.0, 0.0, 1.0],
                [0.860983, -0.216757, -0.460136, 0.124994, 0.274494, -0.563595, 0.779111, -0.00283, -0.428208, -0.797106, -0.425747, -1.1e-05, 0.0, 0.0, 0.0, 1.0],
                [-0.090036, -0.629515, -0.771753, 0.015667, 0.341825, -0.747363, 0.56974, -0.06345, -0.935441, -0.212508, 0.282473, -0.078532, 0.0, 0.0, 0.0, 1.0],
                [-0.316221, -0.577344, -0.75278, -0.002804, 0.276629, -0.815131, 0.508959, -0.0609, -0.907459, -0.047297, 0.417471, -0.068442, 0.0, 0.0, 0.0, 1.0],
                [-0.532776, -0.480175, -0.696836, -0.021274, 0.187467, -0.869944, 0.456129, -0.05835, -0.825231, 0.112381, 0.553502, -0.058352, 0.0, 0.0, 0.0, 1.0],
                [-0.717909, -0.343036, -0.60575, -0.039745, 0.080622, -0.905275, 0.417107, -0.0558, -0.691453, 0.250608, 0.677559, -0.048262, 0.0, 0.0, 0.0, 1.0],
                [-0.854334, -0.17873, -0.488025, -0.058215, -0.033932, -0.917823, 0.395536, -0.05325, -0.518615, 0.35448, 0.778062, -0.038173, 0.0, 0.0, 0.0, 1.0],
                [-0.934345, -0.004084, -0.356349, -0.076685, -0.14545, -0.90849, 0.391778, -0.0507, -0.32534, 0.417887, 0.848247, -0.028083, 0.0, 0.0, 0.0, 1.0],
                [-0.977435, -0.14136, -0.156969, 0.124994, -0.149958, -0.059024, 0.986928, -0.002831, -0.148777, 0.988198, 0.036494, -1.3e-05, 0.0, 0.0, 0.0, 1.0],
                [-0.993649, 0.081304, 0.077787, 0.124994, 0.059305, -0.209083, 0.976098, -0.002831, 0.095624, 0.974513, 0.202933, -1.2e-05, 0.0, 0.0, 0.0, 1.0],
                [-0.726078, 0.447009, 0.522488, 0.124994, 0.471078, -0.230151, 0.851537, -0.002831, 0.500897, 0.864415, -0.043468, -1.2e-05, 0.0, 0.0, 0.0, 1.0],
                [-0.17929, 0.938562, 0.294884, 0.124993, 0.751765, -0.062641, 0.656448, -0.002832, 0.63459, 0.339379, -0.694347, -1.1e-05, 0.0, 0.0, 0.0, 1.0],
                [0.538887, 0.829679, -0.145717, 0.124994, 0.769969, -0.414974, 0.48471, -0.00283, 0.341685, -0.373402, -0.862451, -1.2e-05, 0.0, 0.0, 0.0, 1.0],
                [0.570133, 0.718175, -0.398966, 0.114045, 0.816694, -0.44271, 0.37016, -0.005406, 0.089214, -0.536874, -0.838932, -1.2e-05, 0.0, 0.0, 0.0, 1.0],
                [0.522751, 0.554289, -0.647685, 0.103096, 0.83184, -0.497856, 0.245319, -0.007983, -0.186476, -0.667011, -0.721334, -1.2e-05, 0.0, 0.0, 0.0, 1.0],
                [0.391333, 0.357319, -0.848046, 0.092147, 0.807321, -0.575613, 0.130009, -0.010559, -0.441692, -0.735522, -0.513727, -1.2e-05, 0.0, 0.0, 0.0, 1.0],
                [0.197382, 0.159494, -0.967265, 0.081198, 0.747148, -0.66326, 0.043099, -0.013135, -0.634674, -0.731197, -0.250081, -1.2e-05, 0.0, 0.0, 0.0, 1.0],
                [-0.021262, -0.009876, -0.999725, 0.070249, 0.665458, -0.746405, -0.00678, -0.015711, -0.746133, -0.665419, 0.022442, -1.2e-05, 0.0, 0.0, 0.0, 1.0],
                [0.072864, -0.071136, -0.994801, 0.047707, 0.58419, -0.805386, 0.10038, -0.025373, -0.80834, -0.588467, -0.017127, -1.4e-05, 0.0, 0.0, 0.0, 1.0],
                [0.054575, -0.01895, -0.998329, 0.067029, 0.658727, -0.750702, 0.05026, -0.041474, -0.7504, -0.66037, -0.028487, -1.3e-05, 0.0, 0.0, 0.0, 1.0],
                [0.779001, -0.016911, -0.626794, 0.124994, 0.511588, -0.56084, 0.65095, -0.002831, -0.36254, -0.827751, -0.428243, -1.1e-05, 0.0, 0.0, 0.0, 1.0],
                [0.98429, 0.176339, -0.00877, 0.124994, 0.142933, -0.766699, 0.625894, -0.00283, 0.103646, -0.617316, -0.779858, -1.2e-05, 0.0, 0.0, 0.0, 1.0],
                [0.971098, 0.188483, 0.146433, 0.124994, 0.111252, -0.900234, 0.420953, -0.00283, 0.211166, -0.392496, -0.895184, -1.1e-05, 0.0, 0.0, 0.0, 1.0],
                [0.888774, 0.288135, 0.356455, 0.124994, 0.183977, -0.936563, 0.298332, -0.002831, 0.419802, -0.199571, -0.885402, -1.1e-05, 0.0, 0.0, 0.0, 1.0],
                [0.879248, 0.264842, 0.395956, 0.124994, 0.21265, -0.962005, 0.171251, -0.002831, 0.426266, -0.066372, -0.902159, -1.2e-05, 0.0, 0.0, 0.0, 1.0],
                [0.903373, 0.216893, 0.369966, 0.124993, 0.208848, -0.975968, 0.062202, -0.00283, 0.374566, 0.021075, -0.92696, -1.1e-05, 0.0, 0.0, 0.0, 1.0],
                [0.926719, 0.202352, 0.316618, 0.124994, 0.204043, -0.978556, 0.02818, -0.002831, 0.315531, 0.038489, -0.948134, -1.4e-05, 0.0, 0.0, 0.0, 1.0]
            ]
        },
        {
            "name": "Leg_R",
            "time": [0.0, 0.3333, 0.6667, 0.8333, 1.0, 1.1667, 1.3333, 1.5, 1.7333, 2.0, 2.1667, 2.3333, 2.5, 2.6667, 2.8333, 3.0, 3.1, 3.1667, 3.3333, 3.5, 3.5333, 3.5667, 3.6, 3.6333, 3.6667, 3.8333, 4.0, 4.3333, 4.6667, 4.8333, 4.8667, 4.9, 4.9333, 4.9667, 5.0, 5.3333, 5.6667, 6.0, 6.3333, 6.6667, 7.0, 7.3333, 7.6667, 7.7667],
            "transform": [
                [1.0, 1e-06, -2e-06, 0.0, 1e-06, 0.732902, 0.680334, 0.37472, 1e-06, -0.680335, 0.732901, 0.0, 0.0, 0.0, 0.0, 1.0],
                [1.000001, -0.0, -2e-06, 0.0, 1e-06, 0.947048, 0.321093, 0.37472, 2e-06, -0.321093, 0.947047, -0.0, 0.0, 0.0, 0.0, 1.0],
                [1.0, 1e-06, -2e-06, -0.0, 1e-06, 0.520672, 0.853756, 0.37472, 1e-06, -0.853757, 0.520672, 0.0, 0.0, 0.0, 0.0, 1.0],
                [1.0, 1e-06, -1e-06, 0.0, 1e-06, 0.088649, 0.996062, 0.37472, 1e-06, -0.996064, 0.088649, 0.0, 0.0, 0.0, 0.0, 1.0],
                [1.0, 1e-06, -1e-06, 0.0, 1e-06, -0.12536, 0.992111, 0.37472, 1e-06, -0.992112, -0.12536, 0.0, 0.0, 0.0, 0.0, 1.0],
                [1.0, 1e-06, -1e-06, -0.0, 1e-06, -0.206927, 0.978356, 0.37472, 1e-06, -0.978357, -0.206927, -0.0, 0.0, 0.0, 0.0, 1.0],
                [1.0, 1e-06, -1e-06, -0.0, 1e-06, -0.107589, 0.994195, 0.37472, 1e-06, -0.994196, -0.107589, 0.0, 0.0, 0.0, 0.0, 1.0],
                [1.0, 1e-06, -1e-06, 0.0, 2e-06, -0.062576, 0.99804, 0.37472, 1e-06, -0.998041, -0.062576, -0.0, 0.0, 0.0, 0.0, 1.0],
                [1.0, 1e-06, 0.0, -0.0, -0.0, -0.033532, 0.999437, 0.37472, 1e-06, -0.999438, -0.033532, 0.0, 0.0, 0.0, 0.0, 1.0],
                [1.0, 1e-06, 0.0, 0.0, -0.0, 0.010986, 0.999938, 0.37472, 1e-06, -0.99994, 0.010986, 0.0, 0.0, 0.0, 0.0, 1.0],
                [1.0, 1e-06, -0.0, -0.0, -0.0, 0.261069, 0.965319, 0.37472, 1e-06, -0.965321, 0.261068, 0.0, 0.0, 0.0, 0.0, 1.0],
                [1.000001, 1e-06, -0.0, 0.0, -0.0, 0.390222, 0.92072, 0.37472, 1e-06, -0.920721, 0.390222, 0.0, 0.0, 0.0, 0.0, 1.0],
                [1.000001, 1e-06, -0.0, 0.0, -0.0, 0.301268, 0.953539, 0.37472, 1e-06, -0.95354, 0.301268, 0.0, 0.0, 0.0, 0.0, 1.0],
                [1.0, 1e-06, -0.0, 0.0, -0.0, 0.329796, 0.944051, 0.37472, 1e-06, -0.944053, 0.329796, 0.0, 0.0, 0.0, 0.0, 1.0],
                [1.000001, 1e-06, -1e-06, 0.0, 0.0, 0.549785, 0.835305, 0.37472, 1e-06, -0.835306, 0.549784, -0.0, 0.0, 0.0, 0.0, 1.0],
                [1.0, 0.0, -1e-06, -0.0, 0.0, 0.855264, 0.518191, 0.37472, 1e-06, -0.518192, 0.855264, -0.0, 0.0, 0.0, 0.0, 1.0],
                [1.0, -0.0, -1e-06, -0.0, 0.0, 0.914905, 0.403668, 0.37472, 1e-06, -0.403669, 0.914905, 0.0, 0.0, 0.0, 0.0, 1.0],
                [1.000001, -0.0, -1e-06, 0.0, 0.0, 0.946231, 0.32349, 0.37472, 1e-06, -0.32349, 0.946231, -0.0, 0.0, 0.0, 0.0, 1.0],
                [1.0, 1e-06, -0.0, -0.0, 0.0, 0.383935, 0.923359, 0.37472, 1e-06, -0.923361, 0.383934, -0.0, 0.0, 0.0, 0.0, 1.0],
                [1.000001, 1e-06, -0.0, -0.0, 0.0, -0.022507, 0.999745, 0.37472, 1e-06, -0.999747, -0.022507, 0.0, 0.0, 0.0, 0.0, 1.0],
                [1.000001, 1e-06, -0.0, -0.0, 0.0, 0.275643, 0.961259, 0.37472, 1e-06, -0.96126, 0.275643, -0.0, 0.0, 0.0, 0.0, 1.0],
                [1.000001, 1e-06, -1e-06, -0.0, 0.0, 0.569312, 0.82212, 0.37472, 1e-06, -0.822122, 0.569312, -0.0, 0.0, 0.0, 0.0, 1.0],
                [1.000001, 0.0, -1e-06, -0.0, 0.0, 0.808268, 0.588815, 0.37472, 1e-06, -0.588815, 0.808267, 0.0, 0.0, 0.0, 0.0, 1.0],
                [1.000001, -0.0, -1e-06, -0.0, 0.0, 0.954391, 0.298558, 0.37472, 1e-06, -0.298558, 0.954391, -0.0, 0.0, 0.0, 0.0, 1.0],
                [1.000001, -1e-06, -1e-06, 0.0, 1e-06, 0.999998, 0.001414, 0.37472, 1e-06, -0.001414, 0.999998, -0.0, 0.0, 0.0, 0.0, 1.0],
                [1.000001, 1e-06, -0.0, -0.0, 0.0, 0.223347, 0.974738, 0.37472, 1e-06, -0.97474, 0.223347, -0.0, 0.0, 0.0, 0.0, 1.0],
                [1.0, 1e-06, -0.0, -0.0, 0.0, 0.034457, 0.999406, 0.37472, 1e-06, -0.999407, 0.034457, 0.0, 0.0, 0.0, 0.0, 1.0],
                [1.0, 1e-06, -0.0, -0.0, 0.0, -0.142309, 0.989822, 0.37472, 1e-06, -0.989823, -0.142308, 0.0, 0.0, 0.0, 0.0, 1.0],
                [1.0, 2e-06, 0.0, -0.0, 0.0, -0.289416, 0.957203, 0.37472, 1e-06, -0.957204, -0.289416, 0.0, 0.0, 0.0, 0.0, 1.0],
                [1.0, 1e-06, 0.0, 0.0, 0.0, -0.175618, 0.984457, 0.374721, 1e-06, -0.984459, -0.175618, 0.0, 0.0, 0.0, 0.0, 1.0],
                [1.0, 1e-06, 0.0, 0.0, 0.0, -0.202635, 0.979253, 0.37472, 1e-06, -0.979255, -0.202635, 0.0, 0.0, 0.0, 0.0, 1.0],
                [1.0, 1e-06, 0.0, -0.0, 0.0, -0.229514, 0.973305, 0.37472, 1e-06, -0.973306, -0.229513, -0.0, 0.0, 0.0, 0.0, 1.0],
                [1.0, 1e-06, 0.0, 0.0, 0.0, -0.256223, 0.966617, 0.37472, 1e-06, -0.966618, -0.256223, -0.0, 0.0, 0.0, 0.0, 1.0],
                [1.0, 1e-06, 0.0, 0.0, 0.0, -0.282734, 0.959197, 0.37472, 1e-06, -0.959199, -0.282733, 0.0, 0.0, 0.0, 0.0, 1.0],
                [1.000001, 1e-06, 0.0, -0.0, 0.0, -0.309015, 0.951056, 0.37472, 1e-06, -0.951058, -0.309015, 0.0, 0.0, 0.0, 0.0, 1.0],
                [1.0, 1e-06, 0.0, -1e-06, 0.0, -0.28513, 0.958488, 0.37472, 1e-06, -0.958489, -0.28513, -0.0, 0.0, 0.0, 0.0, 1.0],
                [1.0, 1e-06, -0.0, -0.0, 1e-06, -0.214734, 0.976672, 0.374721, 1e-06, -0.976673, -0.214734, 0.0, 0.0, 0.0, 0.0, 1.0],
                [1.0, 1e-06, -0.0, -0.0, 0.0, 0.051771, 0.998658, 0.37472, 1e-06, -0.998659, 0.051771, -0.0, 0.0, 0.0, 0.0, 1.0],
                [1.0, 1e-06, -1e-06, -0.0, 0.0, 0.572814, 0.819685, 0.37472, 1e-06, -0.819686, 0.572813, 0.0, 0.0, 0.0, 0.0, 1.0],
                [1.0, 0.0, -1e-06, -0.0, 0.0, 0.753063, 0.657948, 0.37472, 1e-06, -0.657948, 0.753063, -0.0, 0.0, 0.0, 0.0, 1.0],
                [1.000001, 0.0, -1e-06, -0.0, 1e-06, 0.881009, 0.4731, 0.37472, 1e-06, -0.4731, 0.881008, 0.0, 0.0, 0.0, 0.0, 1.0],
                [1.0, -0.0, -1e-06, 0.0, 1e-06, 0.946206, 0.323565, 0.37472, 1e-06, -0.323565, 0.946206, 1e-06, 0.0, 0.0, 0.0, 1.0],
                [1.0, -0.0, -1e-06, 0.0, 1e-06, 0.972811, 0.231601, 0.37472, 1e-06, -0.231601, 0.972811, 0.0, 0.0, 0.0, 0.0, 1.0],
                [1.0, -0.0, -1e-06, 0.0, 1e-06, 0.979505, 0.201415, 0.37472, 1e-06, -0.201415, 0.979506, 0.0, 0.0, 0.0, 0.0, 1.0]
            ]
        },
        {
            "name": "Knee_R",
            "time": [0.0, 0.3333, 0.6667, 0.8333, 1.0, 1.1667, 1.3333, 1.5, 1.7333, 2.0, 2.1667, 2.3333, 2.5, 2.6667, 2.8333, 3.0, 3.1, 3.1667, 3.3333, 3.5, 3.5333, 3.5667, 3.6, 3.6333, 3.6667, 3.8333, 4.0, 4.3333, 4.6667, 4.8333, 4.8667, 4.9, 4.9333, 4.9667, 5.0, 5.3333, 5.6667, 6.0, 6.3333, 6.6667, 7.0, 7.3333, 7.6667, 7.7667],
            "transform": [
                [1.0, -0.0, -0.0, 0.0, -0.0, 0.0, -1.0, 0.37472, 0.0, 1.0, 0.0, 0.0, 0.0, 0.0, 0.0, 1.0],
                [1.0, -0.0, -0.0, 0.0, -0.0, 0.0, -1.0, 0.37472, 0.0, 1.0, 0.0, -0.0, 0.0, 0.0, 0.0, 1.0],
                [1.0, -0.0, -0.0, -0.0, -0.0, 0.0, -1.0, 0.37472, 0.0, 1.0, 0.0, 0.0, 0.0, 0.0, 0.0, 1.0],
                [1.0, -0.0, -0.0, 0.0, -0.0, 0.0, -1.0, 0.37472, 0.0, 1.0, 0.0, 0.0, 0.0, 0.0, 0.0, 1.0],
                [1.0, -0.0, -0.0, 0.0, -1e-06, 0.0, -1.0, 0.37472, 0.0, 1.0, 0.0, 0.0, 0.0, 0.0, 0.0, 1.0],
                [1.0, -0.0, -0.0, -0.0, -1e-06, 0.0, -1.0, 0.37472, 0.0, 1.0, 0.0, -0.0, 0.0, 0.0, 0.0, 1.0],
                [1.0, -0.0, -0.0, -0.0, -1e-06, 0.0, -1.0, 0.37472, 0.0, 1.0, 0.0, 0.0, 0.0, 0.0, 0.0, 1.0],
                [1.0, -0.0, -1e-06, 0.0, -1e-06, 0.0, -1.0, 0.37472, 0.0, 1.0, 0.0, -0.0, 0.0, 0.0, 0.0, 1.0],
                [1.0, -0.0, -1e-06, -0.0, -1e-06, 0.0, -1.0, 0.37472, 0.0, 1.0, 0.0, 0.0, 0.0, 0.0, 0.0, 1.0],
                [1.0, -0.0, -0.0, 0.0, -0.0, 0.0, -1.0, 0.37472, 0.0, 1.0, 0.0, 0.0, 0.0, 0.0, 0.0, 1.0],
                [1.0, -0.0, -0.0, -0.0, -0.0, 0.0, -1.0, 0.37472, 0.0, 1.0, 0.0, 0.0, 0.0, 0.0, 0.0, 1.0],
                [1.0, -0.0, -0.0, 0.0, -0.0, 0.0, -1.0, 0.37472, 0.0, 1.0, 0.0, 0.0, 0.0, 0.0, 0.0, 1.0],
                [1.0, -0.0, -0.0, 0.0, -0.0, 0.0, -1.0, 0.37472, 0.0, 1.0, 0.0, 0.0, 0.0, 0.0, 0.0, 1.0],
                [1.0, -0.0, -0.0, 0.0, -0.0, 0.0, -1.0, 0.37472, 0.0, 1.0, 0.0, 0.0, 0.0, 0.0, 0.0, 1.0],
                [1.0, -0.0, -0.0, 0.0, -0.0, 0.0, -1.0, 0.37472, 0.0, 1.0, 0.0, -0.0, 0.0, 0.0, 0.0, 1.0],
                [1.0, -0.0, -1e-06, -0.0, -0.0, 0.0, -1.0, 0.37472, 0.0, 1.0, 0.0, -0.0, 0.0, 0.0, 0.0, 1.0],
                [1.0, -0.0, -0.0, -0.0, -0.0, 0.0, -1.0, 0.37472, 0.0, 1.0, 0.0, 0.0, 0.0, 0.0, 0.0, 1.0],
                [1.0, -0.0, -0.0, 0.0, -1e-06, 0.0, -1.0, 0.37472, 0.0, 1.0, 0.0, -0.0, 0.0, 0.0, 0.0, 1.0],
                [1.0, -0.0, -0.0, -0.0, -0.0, 0.0, -1.0, 0.37472, 0.0, 1.0, 0.0, -0.0, 0.0, 0.0, 0.0, 1.0],
                [1.0, -0.0, -0.0, -0.0, -0.0, 0.0, -1.0, 0.37472, 0.0, 1.0, 0.0, 0.0, 0.0, 0.0, 0.0, 1.0],
                [1.0, -0.0, -0.0, -0.0, -0.0, 0.0, -1.0, 0.37472, 0.0, 1.0, 0.0, -0.0, 0.0, 0.0, 0.0, 1.0],
                [1.0, -0.0, -0.0, -0.0, -1e-06, 0.0, -1.0, 0.37472, 0.0, 1.0, 0.0, -0.0, 0.0, 0.0, 0.0, 1.0],
                [1.0, -0.0, -0.0, -0.0, -1e-06, 0.0, -1.0, 0.37472, 0.0, 1.0, 0.0, 0.0, 0.0, 0.0, 0.0, 1.0],
                [1.0, -0.0, -0.0, -0.0, -0.0, 0.0, -1.0, 0.37472, 0.0, 1.0, 0.0, -0.0, 0.0, 0.0, 0.0, 1.0],
                [1.0, -0.0, -0.0, 0.0, -0.0, 0.0, -1.0, 0.37472, 0.0, 1.0, 0.0, -0.0, 0.0, 0.0, 0.0, 1.0],
                [1.0, -0.0, -0.0, -0.0, -0.0, 0.0, -1.0, 0.37472, 0.0, 1.0, 0.0, -0.0, 0.0, 0.0, 0.0, 1.0],
                [1.0, -0.0, -0.0, -0.0, -0.0, 0.0, -1.0, 0.37472, 0.0, 1.0, 0.0, 0.0, 0.0, 0.0, 0.0, 1.0],
                [1.0, -0.0, -0.0, -0.0, -0.0, 0.0, -1.0, 0.37472, 0.0, 1.0, 0.0, 0.0, 0.0, 0.0, 0.0, 1.0],
                [1.0, -0.0, -0.0, -0.0, -0.0, 0.0, -1.0, 0.37472, 0.0, 1.0, 0.0, 0.0, 0.0, 0.0, 0.0, 1.0],
                [1.0, -0.0, -0.0, 0.0, -0.0, 0.0, -1.0, 0.374721, 0.0, 1.0, 0.0, 0.0, 0.0, 0.0, 0.0, 1.0],
                [1.0, -0.0, -0.0, 0.0, -0.0, 0.0, -1.0, 0.37472, 0.0, 1.0, 0.0, 0.0, 0.0, 0.0, 0.0, 1.0],
                [1.0, -0.0, -0.0, -0.0, -1e-06, 0.0, -1.0, 0.37472, 0.0, 1.0, 0.0, -0.0, 0.0, 0.0, 0.0, 1.0],
                [1.0, -0.0, -0.0, 0.0, -1e-06, 0.0, -1.0, 0.37472, 0.0, 1.0, 0.0, -0.0, 0.0, 0.0, 0.0, 1.0],
                [1.0, -0.0, -0.0, 0.0, -0.0, 0.0, -1.0, 0.37472, 0.0, 1.0, 0.0, 0.0, 0.0, 0.0, 0.0, 1.0],
                [1.0, -0.0, -0.0, -0.0, -0.0, 0.0, -1.0, 0.37472, 0.0, 1.0, 0.0, 0.0, 0.0, 0.0, 0.0, 1.0],
                [1.0, -0.0, -0.0, -1e-06, -1e-06, 0.0, -1.0, 0.37472, 0.0, 1.0, 0.0, -0.0, 0.0, 0.0, 0.0, 1.0],
                [1.0, -0.0, -0.0, -0.0, -0.0, 0.0, -1.0, 0.374721, 0.0, 1.0, 0.0, 0.0, 0.0, 0.0, 0.0, 1.0],
                [1.0, -0.0, -0.0, -0.0, -0.0, 0.0, -1.0, 0.37472, 0.0, 1.0, 0.0, -0.0, 0.0, 0.0, 0.0, 1.0],
                [1.0, -0.0, -0.0, -0.0, -0.0, 0.0, -1.0, 0.37472, 0.0, 1.0, 0.0, 0.0, 0.0, 0.0, 0.0, 1.0],
                [1.0, -0.0, -0.0, -0.0, -0.0, 0.0, -1.0, 0.37472, 0.0, 1.0, 0.0, -0.0, 0.0, 0.0, 0.0, 1.0],
                [1.0, -0.0, -0.0, -0.0, -0.0, 0.0, -1.0, 0.37472, 0.0, 1.0, 0.0, 0.0, 0.0, 0.0, 0.0, 1.0],
                [1.0, -0.0, -0.0, 0.0, -0.0, 0.0, -1.0, 0.37472, 0.0, 1.0, 0.0, 1e-06, 0.0, 0.0, 0.0, 1.0],
                [1.0, -0.0, -0.0, 0.0, -0.0, 0.0, -1.0, 0.37472, 0.0, 1.0, 0.0, 0.0, 0.0, 0.0, 0.0, 1.0],
                [1.0, -0.0, -0.0, 0.0, -0.0, 0.0, -1.0, 0.37472, 0.0, 1.0, 0.0, 0.0, 0.0, 0.0, 0.0, 1.0]
            ]
        },
        {
            "name": "Thigh_L",
            "time": [0.0, 0.3333, 0.6667, 0.8333, 1.0, 1.1667, 1.3333, 1.5, 1.7333, 2.0, 2.1667, 2.3333, 2.5, 2.6667, 2.8333, 3.0, 3.1, 3.1667, 3.3333, 3.5, 3.5333, 3.5667, 3.6, 3.6333, 3.6667, 3.8333, 4.0, 4.3333, 4.6667, 4.8333, 4.8667, 4.9, 4.9333, 4.9667, 5.0, 5.3333, 5.6667, 6.0, 6.3333, 6.6667, 7.0, 7.3333, 7.6667, 7.7667],
            "transform": [
                [-0.161301, -0.449215, -0.878742, -0.097957, -0.389759, -0.789026, 0.474895, -0.053067, -0.906681, 0.419099, -0.047814, 0.115918, 0.0, 0.0, 0.0, 1.0],
                [0.157244, -0.241927, -0.957468, -0.094092, -0.28345, -0.939792, 0.19091, -0.03761, -0.946008, 0.241375, -0.21635, 0.115918, 0.0, 0.0, 0.0, 1.0],
                [0.340853, -0.160894, -0.926246, -0.097957, -0.34342, -0.938467, 0.03664, -0.006695, -0.875147, 0.305602, -0.375133, 0.096596, 0.0, 0.0, 0.0, 1.0],
                [0.370659, -0.314625, -0.873855, -0.094092, -0.477774, -0.87143, 0.111096, 0.016491, -0.796457, 0.376327, -0.473322, 0.112054, 0.0, 0.0, 0.0, 1.0],
                [0.333451, -0.472111, -0.81604, -0.125007, -0.607499, -0.769515, 0.196957, -0.002831, -0.720941, 0.430067, -0.543402, 0.081139, 0.0, 0.0, 0.0, 1.0],
                [0.170987, -0.60352, -0.778798, -0.125007, -0.677032, -0.646235, 0.352148, -0.002831, -0.715816, 0.467059, -0.519099, 0.04636, 0.0, 0.0, 0.0, 1.0],
                [0.219587, -0.576381, -0.787125, -0.125007, -0.628849, -0.700464, 0.33749, -0.002831, -0.745876, 0.420874, -0.516269, 0.07341, 0.0, 0.0, 0.0, 1.0],
                [0.271008, -0.575842, -0.771337, -0.125007, -0.617609, -0.718657, 0.319517, -0.002831, -0.738318, 0.389793, -0.550406, 0.065682, 0.0, 0.0, 0.0, 1.0],
                [0.305105, -0.570504, -0.762519, -0.125007, -0.609647, -0.732132, 0.303832, -0.006695, -0.731602, 0.372167, -0.571183, 0.04636, 0.0, 0.0, 0.0, 1.0],
                [0.124641, -0.486354, -0.864826, -0.125007, -0.58507, -0.739989, 0.331827, -0.006695, -0.801348, 0.464625, -0.376783, 0.085004, 0.0, 0.0, 0.0, 1.0],
                [-0.116322, -0.336908, -0.934324, -0.009077, -0.553005, -0.759438, 0.342694, -0.010559, -0.825018, 0.556549, -0.097972, 0.123647, 0.0, 0.0, 0.0, 1.0],
                [-0.441148, -0.09168, -0.892739, 0.073034, -0.541132, -0.766411, 0.346107, -0.014424, -0.715936, 0.635775, 0.28849, 0.084805, 0.0, 0.0, 0.0, 1.0],
                [-0.766, 0.38587, -0.514148, 0.098463, -0.54033, -0.819777, 0.189761, -0.022153, -0.348264, 0.423167, 0.836446, -0.024027, 0.0, 0.0, 0.0, 1.0],
                [-0.871117, 0.253719, 0.420455, 0.142966, -0.385984, -0.883079, -0.266812, -0.00135, 0.3036, -0.394714, 0.867195, -0.043897, 0.0, 0.0, 0.0, 1.0],
                [-0.035615, 0.12397, 0.991647, 0.100495, -0.554401, -0.82804, 0.083605, -0.048628, 0.831487, -0.546792, 0.09822, -0.058331, 0.0, 0.0, 0.0, 1.0],
                [0.737512, 0.075297, 0.671123, 0.00638, -0.408101, -0.742102, 0.531731, -0.022152, 0.53808, -0.666045, -0.51658, -0.030927, 0.0, 0.0, 0.0, 1.0],
                [0.928546, 0.009569, 0.371095, -0.072452, -0.200683, -0.828058, 0.523495, -0.01056, 0.312297, -0.560561, -0.766969, -0.012378, 0.0, 0.0, 0.0, 1.0],
                [0.990348, -0.005467, 0.138498, -0.125007, -0.070609, -0.879748, 0.470167, -0.002831, 0.119273, -0.475408, -0.871642, -1.2e-05, 0.0, 0.0, 0.0, 1.0],
                [0.389229, -0.508412, -0.768126, -0.125007, -0.452037, -0.831997, 0.321628, -0.002831, -0.802598, 0.222034, -0.553658, -1.2e-05, 0.0, 0.0, 0.0, 1.0],
                [-0.043169, -0.595144, -0.802458, 0.019906, -0.569306, -0.645389, 0.509279, -0.022152, -0.820992, 0.478829, -0.310958, 0.157782, 0.0, 0.0, 0.0, 1.0],
                [-0.280054, -0.594068, -0.75409, 0.049532, -0.583178, -0.518684, 0.625196, -0.014423, -0.762545, 0.614857, -0.201188, 0.139104, 0.0, 0.0, 0.0, 1.0],
                [-0.512464, -0.544901, -0.663675, 0.079159, -0.552408, -0.38253, 0.740618, -0.006695, -0.65744, 0.746159, -0.104975, 0.120427, 0.0, 0.0, 0.0, 1.0],
                [-0.71547, -0.447755, -0.536301, 0.108785, -0.475538, -0.250259, 0.843346, 0.001034, -0.511827, 0.85842, -0.033872, 0.101749, 0.0, 0.0, 0.0, 1.0],
                [-0.868434, -0.312507, -0.384918, 0.138412, -0.360381, -0.135319, 0.922937, 0.008762, -0.340512, 0.940228, 0.004894, 0.083071, 0.0, 0.0, 0.0, 1.0],
                [-0.961557, -0.155662, -0.226226, 0.168038, -0.221548, -0.047003, 0.974015, 0.016491, -0.162251, 0.986691, 0.010709, 0.064394, 0.0, 0.0, 0.0, 1.0],
                [-0.678265, 0.687415, -0.259647, -0.125007, 0.197619, 0.510974, 0.836571, -0.002832, 0.707745, 0.516106, -0.482422, -1.2e-05, 0.0, 0.0, 0.0, 1.0],
                [-0.101391, 0.994525, 0.025287, -0.125007, 0.48359, 0.027056, 0.874876, -0.002832, 0.869403, 0.100933, -0.483686, -1.2e-05, 0.0, 0.0, 0.0, 1.0],
                [0.70432, 0.505239, 0.498664, -0.125006, 0.296864, -0.847717, 0.439599, -0.002831, 0.644829, -0.161584, -0.747051, -1.3e-05, 0.0, 0.0, 0.0, 1.0],
                [0.921084, 0.118668, 0.37084, -0.125008, 0.146959, -0.987935, -0.048878, -0.002831, 0.360565, 0.099519, -0.927409, -1e-05, 0.0, 0.0, 0.0, 1.0],
                [0.970448, -0.20827, 0.121883, -0.125007, -0.231, -0.947851, 0.219588, -0.002831, 0.069793, -0.241254, -0.967948, -1.2e-05, 0.0, 0.0, 0.0, 1.0],
                [0.888125, -0.449718, 0.094809, -0.106329, -0.45042, -0.810631, 0.374165, -0.003475, -0.091413, -0.375009, -0.922503, -1.2e-05, 0.0, 0.0, 0.0, 1.0],
                [0.7263, -0.678006, 0.113126, -0.087651, -0.620853, -0.57643, 0.531291, -0.004119, -0.295009, -0.456111, -0.839602, -1.2e-05, 0.0, 0.0, 0.0, 1.0],
                [0.501024, -0.846056, 0.182112, -0.068974, -0.699515, -0.272002, 0.660827, -0.004763, -0.509562, -0.458481, -0.728108, -1.2e-05, 0.0, 0.0, 0.0, 1.0],
                [0.253542, -0.923102, 0.289137, -0.050296, -0.672005, 0.046916, 0.739059, -0.005407, -0.695792, -0.381684, -0.608433, -1.2e-05, 0.0, 0.0, 0.0, 1.0],
                [0.027857, -0.911421, 0.410532, -0.031618, -0.560135, 0.325925, 0.761591, -0.006051, -0.827933, -0.251169, -0.501439, -1.2e-05, 0.0, 0.0, 0.0, 1.0],
                [0.116698, -0.977001, 0.178473, -0.086364, -0.514762, 0.094179, 0.852144, -0.002831, -0.849353, -0.191314, -0.491932, -1e-05, 0.0, 0.0, 0.0, 1.0],
                [0.156793, -0.954035, 0.255409, -0.0445, -0.59271, 0.115965, 0.797023, -0.002831, -0.790007, -0.276351, -0.547283, -1.3e-05, 0.0, 0.0, 0.0, 1.0],
                [0.480206, -0.849149, -0.219881, -0.125007, -0.457851, -0.456467, 0.762895, -0.002831, -0.748181, -0.265674, -0.607982, -1.1e-05, 0.0, 0.0, 0.0, 1.0],
                [0.840595, -0.458154, -0.288955, -0.125008, -0.32829, -0.855235, 0.400998, -0.00283, -0.430843, -0.242216, -0.869313, -1.3e-05, 0.0, 0.0, 0.0, 1.0],
                [0.940371, -0.328834, -0.087011, -0.125007, -0.251318, -0.844048, 0.473732, -0.00283, -0.229221, -0.423617, -0.87636, -1.3e-05, 0.0, 0.0, 0.0, 1.0],
                [0.985359, -0.170402, 0.005562, -0.125007, -0.158708, -0.904839, 0.395067, -0.002831, -0.062288, -0.390166, -0.918635, -1.2e-05, 0.0, 0.0, 0.0, 1.0],
                [0.987245, -0.157757, -0.021438, -0.125007, -0.144874, -0.94602, 0.289927, -0.002831, -0.066018, -0.283123, -0.956809, -1.1e-05, 0.0, 0.0, 0.0, 1.0],
                [0.975815, -0.187417, -0.112514, -0.125007, -0.154457, -0.955373, 0.251807, -0.002831, -0.154685, -0.228338, -0.961214, -1.2e-05, 0.0, 0.0, 0.0, 1.0],
                [0.962026, -0.199832, -0.185939, -0.125007, -0.147091, -0.953361, 0.263565, -0.002831, -0.229936, -0.226206, -0.946552, -1.2e-05, 0.0, 0.0, 0.0, 1.0]
            ]
        },
        {
            "name": "Leg_L",
            "time": [0.0, 0.3333, 0.6667, 0.8333, 1.0, 1.1667, 1.3333, 1.5, 1.7333, 2.0, 2.1667, 2.3333, 2.5, 2.6667, 2.8333, 3.0, 3.1, 3.1667, 3.3333, 3.5, 3.5333, 3.5667, 3.6, 3.6333, 3.6667, 3.8333, 4.0, 4.3333, 4.6667, 4.8333, 4.8667, 4.9, 4.9333, 4.9667, 5.0, 5.3333, 5.6667, 6.0, 6.3333, 6.6667, 7.0, 7.3333, 7.6667, 7.7667],
            "transform": [
                [1.000001, 0.0, 0.0, -0.0, -0.0, 0.314438, 0.949276, 0.37472, 0.0, -0.949279, 0.314437, 0.0, 0.0, 0.0, 0.0, 1.0],
                [1.000001, 0.0, -0.0, 0.0, -0.0, 0.633332, 0.773879, 0.37472, 0.0, -0.773881, 0.633331, 0.0, 0.0, 0.0, 0.0, 1.0],
                [1.000001, 0.0, -0.0, 0.0, -0.0, 0.643371, 0.765554, 0.37472, 0.0, -0.765556, 0.643369, -0.0, 0.0, 0.0, 0.0, 1.0],
                [1.000001, 0.0, 0.0, 0.0, -0.0, 0.432608, 0.901581, 0.37472, 0.0, -0.901584, 0.432606, -0.0, 0.0, 0.0, 0.0, 1.0],
                [1.000001, 0.0, 0.0, 0.0, -0.0, 0.386404, 0.922328, 0.37472, 0.0, -0.922331, 0.386403, -0.0, 0.0, 0.0, 0.0, 1.0],
                [1.000001, 0.0, -0.0, 0.0, -0.0, 0.418712, 0.908118, 0.37472, 0.0, -0.90812, 0.418711, -0.0, 0.0, 0.0, 0.0, 1.0],
                [1.0, 0.0, 0.0, -0.0, -0.0, 0.451316, 0.892363, 0.37472, 0.0, -0.892366, 0.451315, 0.0, 0.0, 0.0, 0.0, 1.0],
                [1.000001, 0.0, 0.0, 0.0, -0.0, 0.433555, 0.901126, 0.37472, 0.0, -0.901128, 0.433554, 0.0, 0.0, 0.0, 0.0, 1.0],
                [1.000001, 0.0, 0.0, 0.0, -0.0, 0.440622, 0.897691, 0.37472, 0.0, -0.897694, 0.440621, 0.0, 0.0, 0.0, 0.0, 1.0],
                [1.0, 0.0, 0.0, -0.0, -0.0, 0.588826, 0.808259, 0.37472, 0.0, -0.808261, 0.588825, -0.0, 0.0, 0.0, 0.0, 1.0],
                [1.0, 0.0, -0.0, 0.0, -0.0, 0.746921, 0.664912, 0.37472, 0.0, -0.664914, 0.74692, 0.0, 0.0, 0.0, 0.0, 1.0],
                [1.000001, 0.0, -0.0, -0.0, -0.0, 0.92474, 0.380599, 0.37472, 0.0, -0.3806, 0.92474, 0.0, 0.0, 0.0, 0.0, 1.0],
                [1.0, 0.0, 0.0, 0.0, -1e-06, 0.427028, 0.904238, 0.37472, 0.0, -0.904239, 0.427027, 0.0, 0.0, 0.0, 0.0, 1.0],
                [1.000001, 0.0, 0.0, 0.0, -0.0, 0.724532, 0.689241, 0.37472, 0.0, -0.689242, 0.724531, -0.0, 0.0, 0.0, 0.0, 1.0],
                [1.0, 0.0, 0.0, -0.0, -1e-06, 0.754258, 0.656579, 0.37472, 0.0, -0.65658, 0.754257, 0.0, 0.0, 0.0, 0.0, 1.0],
                [1.0, 1e-06, 0.0, -0.0, -1e-06, 0.33409, 0.94254, 0.37472, 0.0, -0.942542, 0.334089, 0.0, 0.0, 0.0, 0.0, 1.0],
                [1.000001, 0.0, 1e-06, -0.0, -1e-06, 0.195634, 0.980675, 0.37472, 0.0, -0.980678, 0.195634, 0.0, 0.0, 0.0, 0.0, 1.0],
                [1.000001, 0.0, 1e-06, -0.0, -1e-06, 0.100954, 0.99489, 0.37472, 0.0, -0.994892, 0.100953, -0.0, 0.0, 0.0, 0.0, 1.0],
                [1.0, 1e-06, 0.0, -0.0, -1e-06, 0.422631, 0.906301, 0.37472, 0.0, -0.906303, 0.422631, -0.0, 0.0, 0.0, 0.0, 1.0],
                [1.0, 1e-06, 0.0, 0.0, -0.0, 0.528291, 0.849063, 0.37472, 0.0, -0.849065, 0.528289, -0.0, 0.0, 0.0, 0.0, 1.0],
                [1.0, 0.0, 0.0, 0.0, -0.0, 0.382011, 0.924157, 0.37472, 0.0, -0.924159, 0.38201, 0.0, 0.0, 0.0, 0.0, 1.0],
                [1.0, 0.0, 0.0, 0.0, -1e-06, 0.221984, 0.975049, 0.37472, 0.0, -0.975051, 0.221983, -0.0, 0.0, 0.0, 0.0, 1.0],
                [1.000001, 0.0, 1e-06, 0.0, -1e-06, 0.054495, 0.998513, 0.37472, 0.0, -0.998515, 0.054495, 0.0, 0.0, 0.0, 0.0, 1.0],
                [1.0, 0.0, 1e-06, -0.0, -1e-06, -0.113357, 0.993553, 0.37472, 0.0, -0.993555, -0.113356, -0.0, 0.0, 0.0, 0.0, 1.0],
                [1.000001, 0.0, 1e-06, 0.0, -1e-06, -0.27464, 0.961546, 0.37472, 0.0, -0.961548, -0.27464, 0.0, 0.0, 0.0, 0.0, 1.0],
                [1.000001, 0.0, 1e-06, 0.0, -1e-06, -0.453896, 0.891054, 0.37472, 1e-06, -0.891056, -0.453895, -0.0, 0.0, 0.0, 0.0, 1.0],
                [1.000001, 0.0, 1e-06, 0.0, -1e-06, -0.243918, 0.969795, 0.37472, 1e-06, -0.969797, -0.243917, 0.0, 0.0, 0.0, 0.0, 1.0],
                [1.0, 0.0, 1e-06, 0.0, -1e-06, 0.369326, 0.929299, 0.374721, 0.0, -0.929301, 0.369325, 0.0, 0.0, 0.0, 0.0, 1.0],
                [1.000001, 0.0, 1e-06, 0.0, -1e-06, 0.837191, 0.54691, 0.37472, -0.0, -0.546911, 0.83719, 0.0, 0.0, 0.0, 0.0, 1.0],
                [1.000001, 0.0, 0.0, -0.0, -1e-06, 0.625564, 0.780172, 0.37472, 0.0, -0.780174, 0.625563, -0.0, 0.0, 0.0, 0.0, 1.0],
                [1.000001, 1e-06, 1e-06, -0.0, -1e-06, 0.469217, 0.883082, 0.37472, 0.0, -0.883084, 0.469216, 0.0, 0.0, 0.0, 0.0, 1.0],
                [1.0, 0.0, 1e-06, -0.0, -1e-06, 0.291404, 0.956599, 0.37472, 0.0, -0.956601, 0.291404, -0.0, 0.0, 0.0, 0.0, 1.0],
                [1.000001, 0.0, 1e-06, 0.0, -1e-06, 0.100994, 0.994886, 0.37472, 0.0, -0.994888, 0.100994, 0.0, 0.0, 0.0, 0.0, 1.0],
                [1.000001, 0.0, 1e-06, 0.0, -1e-06, -0.091415, 0.995811, 0.37472, 1e-06, -0.995814, -0.091415, 0.0, 0.0, 0.0, 0.0, 1.0],
                [1.000001, 0.0, 1e-06, -0.0, -1e-06, -0.275388, 0.961332, 0.37472, 1e-06, -0.961334, -0.275388, -0.0, 0.0, 0.0, 0.0, 1.0],
                [1.000001, 0.0, 0.0, -0.0, -0.0, 0.099072, 0.995079, 0.37472, 0.0, -0.995081, 0.099071, 0.0, 0.0, 0.0, 0.0, 1.0],
                [1.000001, 1e-06, 0.0, -0.0, -0.0, -0.07568, 0.997131, 0.37472, 0.0, -0.997133, -0.07568, 0.0, 0.0, 0.0, 0.0, 1.0],
                [1.0, 0.0, 0.0, 0.0, -0.0, 0.185879, 0.982572, 0.37472, 0.0, -0.982573, 0.185879, -0.0, 0.0, 0.0, 0.0, 1.0],
                [1.0, 0.0, 0.0, 0.0, -0.0, 0.558528, 0.829486, 0.37472, 0.0, -0.829487, 0.558527, 1e-06, 0.0, 0.0, 0.0, 1.0],
                [1.000001, 0.0, 0.0, -0.0, -0.0, 0.537102, 0.843517, 0.37472, 0.0, -0.843518, 0.537101, 0.0, 0.0, 0.0, 0.0, 1.0],
                [1.0, 0.0, -0.0, 0.0, -0.0, 0.825448, 0.564478, 0.37472, 0.0, -0.564478, 0.825448, -0.0, 0.0, 0.0, 0.0, 1.0],
                [1.0, 0.0, -0.0, 0.0, -0.0, 0.893104, 0.44985, 0.37472, 0.0, -0.44985, 0.893104, -0.0, 0.0, 0.0, 0.0, 1.0],
                [1.000001, 0.0, -0.0, -0.0, -0.0, 0.930645, 0.365924, 0.37472, 0.0, -0.365924, 0.930644, 1e-06, 0.0, 0.0, 0.0, 1.0],
                [1.0, 0.0, -0.0, -0.0, -0.0, 0.940233, 0.340532, 0.37472, 0.0, -0.340533, 0.940232, 1e-06, 0.0, 0.0, 0.0, 1.0]
            ]
        },
        {
            "name": "Knee_L",
            "time": [0.0, 0.3333, 0.6667, 0.8333, 1.0, 1.1667, 1.3333, 1.5, 1.7333, 2.0, 2.1667, 2.3333, 2.5, 2.6667, 2.8333, 3.0, 3.1, 3.1667, 3.3333, 3.5, 3.5333, 3.5667, 3.6, 3.6333, 3.6667, 3.8333, 4.0, 4.3333, 4.6667, 4.8333, 4.8667, 4.9, 4.9333, 4.9667, 5.0, 5.3333, 5.6667, 6.0, 6.3333, 6.6667, 7.0, 7.3333, 7.6667, 7.7667],
            "transform": [
                [1.0, -0.0, -0.0, -0.0, -0.0, 0.0, -1.0, 0.37472, 0.0, 1.0, 0.0, 0.0, 0.0, 0.0, 0.0, 1.0],
                [1.0, -0.0, -0.0, 0.0, -0.0, 0.0, -1.0, 0.37472, 0.0, 1.0, 0.0, 0.0, 0.0, 0.0, 0.0, 1.0],
                [1.0, -0.0, -0.0, 0.0, -0.0, 0.0, -1.0, 0.37472, 0.0, 1.0, 0.0, -0.0, 0.0, 0.0, 0.0, 1.0],
                [1.0, -0.0, -0.0, 0.0, -0.0, 0.0, -1.0, 0.37472, 0.0, 1.0, 0.0, -0.0, 0.0, 0.0, 0.0, 1.0],
                [1.0, -0.0, -1e-06, 0.0, -0.0, 0.0, -1.0, 0.37472, 0.0, 1.0, 0.0, -0.0, 0.0, 0.0, 0.0, 1.0],
                [1.0, -0.0, -0.0, 0.0, -0.0, 0.0, -1.0, 0.37472, 0.0, 1.0, 0.0, -0.0, 0.0, 0.0, 0.0, 1.0],
                [1.0, -0.0, -1e-06, -0.0, -0.0, 0.0, -1.0, 0.37472, 0.0, 1.0, 0.0, 0.0, 0.0, 0.0, 0.0, 1.0],
                [1.0, -0.0, -0.0, 0.0, -0.0, 0.0, -1.0, 0.37472, 0.0, 1.0, 0.0, 0.0, 0.0, 0.0, 0.0, 1.0],
                [1.0, -0.0, -0.0, 0.0, -0.0, 0.0, -1.0, 0.37472, 0.0, 1.0, 0.0, 0.0, 0.0, 0.0, 0.0, 1.0],
                [1.0, -0.0, -1e-06, -0.0, -0.0, 0.0, -1.0, 0.37472, 0.0, 1.0, 0.0, -0.0, 0.0, 0.0, 0.0, 1.0],
                [1.0, -0.0, -0.0, 0.0, -1e-06, 0.0, -1.0, 0.37472, 0.0, 1.0, 0.0, 0.0, 0.0, 0.0, 0.0, 1.0],
                [1.0, -0.0, -0.0, -0.0, -0.0, 0.0, -1.0, 0.37472, 0.0, 1.0, 0.0, 0.0, 0.0, 0.0, 0.0, 1.0],
