{
    "animation": [
        {
            "name": "Root",
            "time": [0.0, 0.0333, 0.0667, 0.1, 0.1333, 0.1667, 0.2, 0.2333, 0.2667, 0.3, 0.3333, 0.3667, 0.4, 0.4333, 0.4667, 0.5, 0.5333, 0.5667, 0.6, 0.6333, 0.6667, 0.7, 0.7333, 0.7667, 0.8, 0.8333, 0.8667, 0.9, 0.9333, 0.9667, 1.0, 1.0333, 1.0667, 1.1, 1.1333, 1.1667, 1.2, 1.2333, 1.2667, 1.3, 1.3333, 1.3667, 1.4, 1.4333, 1.4667, 1.5, 1.5333, 1.5667, 1.6, 1.6333, 1.6667, 1.7, 1.7333, 1.7667, 1.8, 1.8333, 1.8667, 1.9, 1.9333, 1.9667, 2.0, 2.0333, 2.0667, 2.1, 2.1333, 2.1667, 2.2, 2.2333, 2.2667, 2.3, 2.3333, 2.3667, 2.4, 2.4333, 2.4667, 2.5, 2.5333, 2.5667, 2.6, 2.6333, 2.6667, 2.7, 2.7333, 2.7667, 2.8, 2.8333, 2.8667, 2.9, 2.9333, 2.9667, 3.0, 3.0333, 3.0667, 3.1, 3.1333, 3.1667, 3.2, 3.2333, 3.2667, 3.3, 3.3333, 3.3667, 3.4, 3.4333, 3.4667, 3.5, 3.5333, 3.5667, 3.6, 3.6333, 3.6667, 3.7, 3.7333, 3.7667, 3.8, 3.8333, 3.8667, 3.9, 3.9333, 3.9667, 4.0, 4.0333, 4.0667, 4.1, 4.1333, 4.1667, 4.2, 4.2333, 4.2667, 4.3, 4.3333, 4.5, 4.6667, 4.8333, 5.0, 5.1667, 5.3333, 5.5, 5.6667, 5.8333, 6.0, 6.1667, 6.3333, 6.5, 6.6667, 6.7, 6.7333, 6.7667, 6.8, 6.8333, 6.8667, 6.9, 6.9333, 6.9667, 7.0, 7.0333, 7.0667, 7.1, 7.1333, 7.1667, 7.2, 7.2333, 7.2667, 7.3, 7.3333, 7.3667, 7.4, 7.4667, 8.6333],
            "transform": [
                [1.0, -0.0, 0.0, 0.0, 0.0, -0.0, -1.0, 0.0, 0.0, 1.0, 0.0, 0.324391, 0.0, 0.0, 0.0, 1.0],
                [1.0, -0.0, 0.0, -0.004865, 0.0, -0.0, -1.0, 0.116285, 0.0, 1.0, 0.0, 0.470282, 0.0, 0.0, 0.0, 1.0],
                [1.0, -0.0, 0.0, -0.009731, 0.0, -0.0, -1.0, 0.23257, 0.0, 1.0, 0.0, 0.632857, 0.0, 0.0, 0.0, 1.0],
                [1.0, -0.0, 0.0, -0.014596, 0.0, -0.0, -1.0, 0.348855, 0.0, 1.0, 0.0, 0.795431, 0.0, 0.0, 0.0, 1.0],
                [1.0, -0.0, 0.0, -0.019462, 0.0, -0.0, -1.0, 0.46514, 0.0, 1.0, 0.0, 0.958005, 0.0, 0.0, 0.0, 1.0],
                [1.0, -0.0, 0.0, -0.024327, 0.0, -0.0, -1.0, 0.581425, 0.0, 1.0, 0.0, 1.120579, 0.0, 0.0, 0.0, 1.0],
                [1.0, -0.0, 0.0, -0.01408, 0.0, -0.0, -1.0, 0.673824, 0.0, 1.0, 0.0, 1.258521, 0.0, 0.0, 0.0, 1.0],
                [1.0, -0.0, 0.0, -0.003833, 0.0, -0.0, -1.0, 0.766222, 0.0, 1.0, 0.0, 1.396462, 0.0, 0.0, 0.0, 1.0],
                [1.0, -0.0, 0.0, 0.006415, 0.0, -0.0, -1.0, 0.858621, 0.0, 1.0, 0.0, 1.534404, 0.0, 0.0, 0.0, 1.0],
                [1.0, -0.0, 0.0, 0.016662, 0.0, -0.0, -1.0, 0.951019, 0.0, 1.0, 0.0, 1.672346, 0.0, 0.0, 0.0, 1.0],
                [1.0, -0.0, 0.0, 0.026909, 0.0, -0.0, -1.0, 1.043418, 0.0, 1.0, 0.0, 1.810287, 0.0, 0.0, 0.0, 1.0],
                [1.0, -0.0, 0.0, 0.041875, 0.0, -0.0, -1.0, 0.797597, 0.0, 1.0, 0.0, 1.859552, 0.0, 0.0, 0.0, 1.0],
                [1.0, -0.0, 0.0, 0.056841, 0.0, -0.0, -1.0, 0.551776, 0.0, 1.0, 0.0, 1.908817, 0.0, 0.0, 0.0, 1.0],
                [1.0, -0.0, 0.0, 0.071806, 0.0, -0.0, -1.0, 0.305955, 0.0, 1.0, 0.0, 1.958082, 0.0, 0.0, 0.0, 1.0],
                [1.0, -0.0, 0.0, 0.086772, 0.0, -0.0, -1.0, 0.060133, 0.0, 1.0, 0.0, 2.007347, 0.0, 0.0, 0.0, 1.0],
                [1.0, -0.0, 0.0, 0.075206, 0.0, -0.0, -1.0, 0.049887, 0.0, 1.0, 0.0, 1.987641, 0.0, 0.0, 0.0, 1.0],
                [1.0, -0.0, 0.0, 0.06364, 0.0, -0.0, -1.0, 0.03964, 0.0, 1.0, 0.0, 1.967935, 0.0, 0.0, 0.0, 1.0],
                [1.0, -0.0, 0.0, 0.052074, 0.0, -0.0, -1.0, 0.029393, 0.0, 1.0, 0.0, 1.948229, 0.0, 0.0, 0.0, 1.0],
                [1.0, -0.0, 0.0, 0.040508, 0.0, -0.0, -1.0, 0.019146, 0.0, 1.0, 0.0, 1.928523, 0.0, 0.0, 0.0, 1.0],
                [1.0, -0.0, 0.0, 0.028941, 0.0, -0.0, -1.0, 0.0089, 0.0, 1.0, 0.0, 1.908817, 0.0, 0.0, 0.0, 1.0],
                [1.0, -0.0, 0.0, 0.036359, 0.0, -0.0, -1.0, -0.180963, 0.0, 1.0, 0.0, 1.847236, 0.0, 0.0, 0.0, 1.0],
                [1.0, -0.0, 0.0, 0.043777, 0.0, -0.0, -1.0, -0.370827, 0.0, 1.0, 0.0, 1.785655, 0.0, 0.0, 0.0, 1.0],
                [1.0, -0.0, 0.0, 0.051194, 0.0, -0.0, -1.0, -0.56069, 0.0, 1.0, 0.0, 1.724074, 0.0, 0.0, 0.0, 1.0],
                [1.0, -0.0, 0.0, 0.058612, 0.0, -0.0, -1.0, -0.750553, 0.0, 1.0, 0.0, 1.662493, 0.0, 0.0, 0.0, 1.0],
                [1.0, -0.0, 0.0, 0.066029, 0.0, -0.0, -1.0, -0.940416, 0.0, 1.0, 0.0, 1.600912, 0.0, 0.0, 0.0, 1.0],
                [1.0, -0.0, 0.0, 0.085885, 0.0, -0.0, -1.0, -1.045358, 0.0, 1.0, 0.0, 1.536867, 0.0, 0.0, 0.0, 1.0],
                [1.0, -0.0, 0.0, 0.105741, 0.0, -0.0, -1.0, -1.150301, 0.0, 1.0, 0.0, 1.472823, 0.0, 0.0, 0.0, 1.0],
                [1.0, -0.0, 0.0, 0.125597, 0.0, -0.0, -1.0, -1.255244, 0.0, 1.0, 0.0, 1.408778, 0.0, 0.0, 0.0, 1.0],
                [1.0, -0.0, 0.0, 0.145453, 0.0, -0.0, -1.0, -1.360186, 0.0, 1.0, 0.0, 1.344734, 0.0, 0.0, 0.0, 1.0],
                [1.0, -0.0, 0.0, 0.165309, 0.0, -0.0, -1.0, -1.465129, 0.0, 1.0, 0.0, 1.28069, 0.0, 0.0, 0.0, 1.0],
                [1.0, -0.0, 0.0, 0.182861, 0.0, -0.0, -1.0, -1.440316, 0.0, 1.0, 0.0, 1.194476, 0.0, 0.0, 0.0, 1.0],
                [1.0, -0.0, 0.0, 0.200412, 0.0, -0.0, -1.0, -1.415504, 0.0, 1.0, 0.0, 1.108263, 0.0, 0.0, 0.0, 1.0],
                [1.0, -0.0, 0.0, 0.217964, 0.0, -0.0, -1.0, -1.390691, 0.0, 1.0, 0.0, 1.022049, 0.0, 0.0, 0.0, 1.0],
                [1.0, -0.0, 0.0, 0.235516, 0.0, -0.0, -1.0, -1.365879, 0.0, 1.0, 0.0, 0.935835, 0.0, 0.0, 0.0, 1.0],
                [1.0, -0.0, 0.0, 0.253067, 0.0, -0.0, -1.0, -1.341066, 0.0, 1.0, 0.0, 0.849622, 0.0, 0.0, 0.0, 1.0],
                [1.0, -0.0, 0.0, 0.265403, 0.0, -0.0, -1.0, -1.316163, 0.0, 1.0, 0.0, 0.785578, 0.0, 0.0, 0.0, 1.0],
                [1.0, -0.0, 0.0, 0.277738, 0.0, -0.0, -1.0, -1.291259, 0.0, 1.0, 0.0, 0.721533, 0.0, 0.0, 0.0, 1.0],
                [1.0, -0.0, 0.0, 0.290073, 0.0, -0.0, -1.0, -1.266356, 0.0, 1.0, 0.0, 0.657489, 0.0, 0.0, 0.0, 1.0],
                [1.0, -0.0, 0.0, 0.302409, 0.0, -0.0, -1.0, -1.241452, 0.0, 1.0, 0.0, 0.593445, 0.0, 0.0, 0.0, 1.0],
                [1.0, -0.0, 0.0, 0.314744, 0.0, -0.0, -1.0, -1.216549, 0.0, 1.0, 0.0, 0.5294, 0.0, 0.0, 0.0, 1.0],
                [1.0, -0.0, 0.0, 0.308777, 0.0, -0.0, -1.0, -1.282051, 0.0, 1.0, 0.0, 0.482599, 0.0, 0.0, 0.0, 1.0],
                [1.0, -0.0, 0.0, 0.302811, 0.0, -0.0, -1.0, -1.347554, 0.0, 1.0, 0.0, 0.435797, 0.0, 0.0, 0.0, 1.0],
                [1.0, -0.0, 0.0, 0.296844, 0.0, -0.0, -1.0, -1.413057, 0.0, 1.0, 0.0, 0.388995, 0.0, 0.0, 0.0, 1.0],
                [1.0, -0.0, 0.0, 0.290878, 0.0, -0.0, -1.0, -1.478559, 0.0, 1.0, 0.0, 0.342194, 0.0, 0.0, 0.0, 1.0],
                [1.0, -0.0, 0.0, 0.284911, 0.0, -0.0, -1.0, -1.544062, 0.0, 1.0, 0.0, 0.295392, 0.0, 0.0, 0.0, 1.0],
                [1.0, -0.0, 0.0, 0.274859, 0.0, -0.0, -1.0, -1.561714, 0.0, 1.0, 0.0, 0.324391, 0.0, 0.0, 0.0, 1.0],
                [1.0, -0.0, 0.0, 0.264807, 0.0, -0.0, -1.0, -1.579367, 0.0, 1.0, 0.0, 0.300318, 0.0, 0.0, 0.0, 1.0],
                [1.0, -0.0, 0.0, 0.254755, 0.0, -0.0, -1.0, -1.597019, 0.0, 1.0, 0.0, 0.302782, 0.0, 0.0, 0.0, 1.0],
                [1.0, -0.0, 0.0, 0.244702, 0.0, -0.0, -1.0, -1.614671, 0.0, 1.0, 0.0, 0.305245, 0.0, 0.0, 0.0, 1.0],
                [1.0, -0.0, 0.0, 0.23465, 0.0, -0.0, -1.0, -1.632324, 0.0, 1.0, 0.0, 0.307708, 0.0, 0.0, 0.0, 1.0],
                [1.0, -0.0, 0.0, 0.234985, 0.0, -0.0, -1.0, -1.639493, 0.0, 1.0, 0.0, 0.31605, 0.0, 0.0, 0.0, 1.0],
                [1.0, -0.0, 0.0, 0.23532, 0.0, -0.0, -1.0, -1.646663, 0.0, 1.0, 0.0, 0.324391, 0.0, 0.0, 0.0, 1.0],
                [1.0, -0.0, 0.0, 0.235656, 0.0, -0.0, -1.0, -1.653832, 0.0, 1.0, 0.0, 0.323108, 0.0, 0.0, 0.0, 1.0],
                [1.0, -0.0, 0.0, 0.235991, 0.0, -0.0, -1.0, -1.661002, 0.0, 1.0, 0.0, 0.321824, 0.0, 0.0, 0.0, 1.0],
                [1.0, -0.0, 0.0, 0.236326, 0.0, -0.0, -1.0, -1.668171, 0.0, 1.0, 0.0, 0.320541, 0.0, 0.0, 0.0, 1.0],
                [1.0, -0.0, 0.0, 0.231223, 0.0, -0.0, -1.0, -1.676225, 0.0, 1.0, 0.0, 0.319258, 0.0, 0.0, 0.0, 1.0],
                [1.0, -0.0, 0.0, 0.226121, 0.0, -0.0, -1.0, -1.684278, 0.0, 1.0, 0.0, 0.317975, 0.0, 0.0, 0.0, 1.0],
                [1.0, -0.0, 0.0, 0.221018, 0.0, -0.0, -1.0, -1.692332, 0.0, 1.0, 0.0, 0.316691, 0.0, 0.0, 0.0, 1.0],
                [1.0, -0.0, 0.0, 0.215916, 0.0, -0.0, -1.0, -1.700386, 0.0, 1.0, 0.0, 0.315408, 0.0, 0.0, 0.0, 1.0],
                [1.0, -0.0, 0.0, 0.210813, 0.0, -0.0, -1.0, -1.708439, 0.0, 1.0, 0.0, 0.314125, 0.0, 0.0, 0.0, 1.0],
                [1.0, -0.0, 0.0, 0.203004, 0.0, -0.0, -1.0, -1.704105, 0.0, 1.0, 0.0, 0.312841, 0.0, 0.0, 0.0, 1.0],
                [1.0, -0.0, 0.0, 0.195196, 0.0, -0.0, -1.0, -1.69977, 0.0, 1.0, 0.0, 0.311558, 0.0, 0.0, 0.0, 1.0],
                [1.0, -0.0, 0.0, 0.187387, 0.0, -0.0, -1.0, -1.695436, 0.0, 1.0, 0.0, 0.310275, 0.0, 0.0, 0.0, 1.0],
                [1.0, -0.0, 0.0, 0.179579, 0.0, -0.0, -1.0, -1.691102, 0.0, 1.0, 0.0, 0.308991, 0.0, 0.0, 0.0, 1.0],
                [1.0, -0.0, 0.0, 0.17177, 0.0, -0.0, -1.0, -1.686767, 0.0, 1.0, 0.0, 0.307708, 0.0, 0.0, 0.0, 1.0],
                [1.0, -0.0, 0.0, 0.179767, 0.0, -0.0, -1.0, -1.662738, 0.0, 1.0, 0.0, 0.30155, 0.0, 0.0, 0.0, 1.0],
                [1.0, -0.0, 0.0, 0.187763, 0.0, -0.0, -1.0, -1.63871, 0.0, 1.0, 0.0, 0.295392, 0.0, 0.0, 0.0, 1.0],
                [1.0, -0.0, 0.0, 0.195759, 0.0, -0.0, -1.0, -1.614681, 0.0, 1.0, 0.0, 0.289234, 0.0, 0.0, 0.0, 1.0],
                [1.0, -0.0, 0.0, 0.203755, 0.0, -0.0, -1.0, -1.590652, 0.0, 1.0, 0.0, 0.283076, 0.0, 0.0, 0.0, 1.0],
                [1.0, -0.0, 0.0, 0.211751, 0.0, -0.0, -1.0, -1.566623, 0.0, 1.0, 0.0, 0.276918, 0.0, 0.0, 0.0, 1.0],
                [1.0, -0.0, 0.0, 0.219748, 0.0, -0.0, -1.0, -1.542594, 0.0, 1.0, 0.0, 0.270759, 0.0, 0.0, 0.0, 1.0],
                [1.0, -0.0, 0.0, 0.227744, 0.0, -0.0, -1.0, -1.518566, 0.0, 1.0, 0.0, 0.264601, 0.0, 0.0, 0.0, 1.0],
                [1.0, -0.0, 0.0, 0.23574, 0.0, -0.0, -1.0, -1.494537, 0.0, 1.0, 0.0, 0.258443, 0.0, 0.0, 0.0, 1.0],
                [1.0, -0.0, 0.0, 0.243736, 0.0, -0.0, -1.0, -1.470508, 0.0, 1.0, 0.0, 0.252285, 0.0, 0.0, 0.0, 1.0],
                [1.0, -0.0, 0.0, 0.251732, 0.0, -0.0, -1.0, -1.446479, 0.0, 1.0, 0.0, 0.246127, 0.0, 0.0, 0.0, 1.0],
                [1.0, -0.0, 0.0, 0.243627, 0.0, -0.0, -1.0, -1.396203, 0.0, 1.0, 0.0, 0.24818, 0.0, 0.0, 0.0, 1.0],
                [1.0, -0.0, 0.0, 0.235523, 0.0, -0.0, -1.0, -1.345927, 0.0, 1.0, 0.0, 0.250232, 0.0, 0.0, 0.0, 1.0],
                [1.0, -0.0, 0.0, 0.227418, 0.0, -0.0, -1.0, -1.295651, 0.0, 1.0, 0.0, 0.252285, 0.0, 0.0, 0.0, 1.0],
                [1.0, -0.0, 0.0, 0.219313, 0.0, -0.0, -1.0, -1.245375, 0.0, 1.0, 0.0, 0.254338, 0.0, 0.0, 0.0, 1.0],
                [1.0, -0.0, 0.0, 0.211208, 0.0, -0.0, -1.0, -1.195099, 0.0, 1.0, 0.0, 0.256391, 0.0, 0.0, 0.0, 1.0],
                [1.0, -0.0, 0.0, 0.191583, 0.0, -0.0, -1.0, -1.164934, 0.0, 1.0, 0.0, 0.257622, 0.0, 0.0, 0.0, 1.0],
                [1.0, -0.0, 0.0, 0.171958, 0.0, -0.0, -1.0, -1.134768, 0.0, 1.0, 0.0, 0.258854, 0.0, 0.0, 0.0, 1.0],
                [1.0, -0.0, 0.0, 0.152333, 0.0, -0.0, -1.0, -1.104603, 0.0, 1.0, 0.0, 0.260085, 0.0, 0.0, 0.0, 1.0],
                [1.0, -0.0, 0.0, 0.132708, 0.0, -0.0, -1.0, -1.074437, 0.0, 1.0, 0.0, 0.261317, 0.0, 0.0, 0.0, 1.0],
                [1.0, -0.0, 0.0, 0.113083, 0.0, -0.0, -1.0, -1.044272, 0.0, 1.0, 0.0, 0.262549, 0.0, 0.0, 0.0, 1.0],
                [1.0, -0.0, 0.0, 0.112805, 0.0, -0.0, -1.0, -0.640851, 0.0, 1.0, 0.0, 0.279256, 0.0, 0.0, 0.0, 1.0],
                [1.0, -0.0, 0.0, 0.112527, 0.0, -0.0, -1.0, -0.237431, 0.0, 1.0, 0.0, 0.295963, 0.0, 0.0, 0.0, 1.0],
                [1.0, -0.0, 0.0, 0.112249, 0.0, -0.0, -1.0, 0.16599, 0.0, 1.0, 0.0, 0.31267, 0.0, 0.0, 0.0, 1.0],
                [1.0, -0.0, 0.0, 0.111971, 0.0, -0.0, -1.0, 0.56941, 0.0, 1.0, 0.0, 0.329378, 0.0, 0.0, 0.0, 1.0],
                [1.0, -0.0, 0.0, 0.10008, 0.0, -0.0, -1.0, 1.508056, 0.0, 1.0, 0.0, 0.574943, 0.0, 0.0, 0.0, 1.0],
                [1.0, -0.0, 0.0, 0.088189, 0.0, -0.0, -1.0, 2.446702, 0.0, 1.0, 0.0, 0.820507, 0.0, 0.0, 0.0, 1.0],
                [1.0, -0.0, 0.0, 0.076299, 0.0, -0.0, -1.0, 3.385347, 0.0, 1.0, 0.0, 1.066072, 0.0, 0.0, 0.0, 1.0],
                [1.0, -0.0, 0.0, 0.008362, 0.0, -0.0, -1.0, 6.207126, 0.0, 1.0, 0.0, 2.09745, 0.0, 0.0, 0.0, 1.0],
                [1.0, -0.0, 0.0, -0.059575, 0.0, -0.0, -1.0, 9.028903, 0.0, 1.0, 0.0, 3.128827, 0.0, 0.0, 0.0, 1.0],
                [1.0, -0.0, 0.0, -0.127512, 0.0, -0.0, -1.0, 11.850682, 0.0, 1.0, 0.0, 4.160205, 0.0, 0.0, 0.0, 1.0],
                [1.0, -0.0, 0.0, -0.106269, 0.0, -0.0, -1.0, 12.603345, 0.0, 1.0, 0.0, 4.450449, 0.0, 0.0, 0.0, 1.0],
                [1.0, -0.0, 0.0, -0.085027, 0.0, -0.0, -1.0, 13.356009, 0.0, 1.0, 0.0, 4.740695, 0.0, 0.0, 0.0, 1.0],
                [1.0, -0.0, 0.0, -0.063784, 0.0, -0.0, -1.0, 14.108671, 0.0, 1.0, 0.0, 5.030939, 0.0, 0.0, 0.0, 1.0],
                [1.0, -0.0, 0.0, -0.042542, 0.0, -0.0, -1.0, 14.861335, 0.0, 1.0, 0.0, 5.321184, 0.0, 0.0, 0.0, 1.0],
                [1.0, -0.0, 0.0, -0.021299, 0.0, -0.0, -1.0, 15.613997, 0.0, 1.0, 0.0, 5.611429, 0.0, 0.0, 0.0, 1.0],
                [1.0, -0.0, 0.0, -0.002296, 0.0, -0.0, -1.0, 15.949277, 0.0, 1.0, 0.0, 5.449198, 0.0, 0.0, 0.0, 1.0],
                [1.0, -0.0, 0.0, 0.016707, 0.0, -0.0, -1.0, 16.284554, 0.0, 1.0, 0.0, 5.286966, 0.0, 0.0, 0.0, 1.0],
                [1.0, -0.0, 0.0, 0.035709, 0.0, -0.0, -1.0, 16.619831, 0.0, 1.0, 0.0, 5.124735, 0.0, 0.0, 0.0, 1.0],
                [1.0, -0.0, 0.0, 0.054712, 0.0, -0.0, -1.0, 16.955111, 0.0, 1.0, 0.0, 4.962504, 0.0, 0.0, 0.0, 1.0],
                [1.0, -0.0, 0.0, 0.073715, 0.0, -0.0, -1.0, 17.29039, 0.0, 1.0, 0.0, 4.800273, 0.0, 0.0, 0.0, 1.0],
                [1.0, -0.0, 0.0, 0.105964, 0.0, -0.0, -1.0, 17.684402, 0.0, 1.0, 0.0, 4.397443, 0.0, 0.0, 0.0, 1.0],
                [1.0, -0.0, 0.0, 0.138213, 0.0, -0.0, -1.0, 18.078417, 0.0, 1.0, 0.0, 3.994612, 0.0, 0.0, 0.0, 1.0],
                [1.0, -0.0, 0.0, 0.170461, 0.0, -0.0, -1.0, 18.472429, 0.0, 1.0, 0.0, 3.591782, 0.0, 0.0, 0.0, 1.0],
                [1.0, -0.0, 0.0, 0.20271, 0.0, -0.0, -1.0, 18.866444, 0.0, 1.0, 0.0, 3.188951, 0.0, 0.0, 0.0, 1.0],
                [1.0, -0.0, 0.0, 0.234959, 0.0, -0.0, -1.0, 19.260456, 0.0, 1.0, 0.0, 2.78612, 0.0, 0.0, 0.0, 1.0],
                [1.0, -0.0, 0.0, 0.270086, 0.0, -0.0, -1.0, 19.40275, 0.0, 1.0, 0.0, 2.77341, 0.0, 0.0, 0.0, 1.0],
                [1.0, -0.0, 0.0, 0.305213, 0.0, -0.0, -1.0, 19.545046, 0.0, 1.0, 0.0, 2.760701, 0.0, 0.0, 0.0, 1.0],
                [1.0, -0.0, 0.0, 0.340339, 0.0, -0.0, -1.0, 19.68734, 0.0, 1.0, 0.0, 2.747991, 0.0, 0.0, 0.0, 1.0],
                [1.0, -0.0, 0.0, 0.375466, 0.0, -0.0, -1.0, 19.829636, 0.0, 1.0, 0.0, 2.735281, 0.0, 0.0, 0.0, 1.0],
                [1.0, -0.0, 0.0, 0.410593, 0.0, -0.0, -1.0, 19.97193, 0.0, 1.0, 0.0, 2.722572, 0.0, 0.0, 0.0, 1.0],
                [1.0, -0.0, 0.0, 0.410005, 0.0, -0.0, -1.0, 20.09923, 0.0, 1.0, 0.0, 2.726772, 0.0, 0.0, 0.0, 1.0],
                [1.0, -0.0, 0.0, 0.409417, 0.0, -0.0, -1.0, 20.226532, 0.0, 1.0, 0.0, 2.730973, 0.0, 0.0, 0.0, 1.0],
                [1.0, -0.0, 0.0, 0.40883, 0.0, -0.0, -1.0, 20.353832, 0.0, 1.0, 0.0, 2.735173, 0.0, 0.0, 0.0, 1.0],
                [1.0, -0.0, 0.0, 0.382092, 0.0, -0.0, -1.0, 20.403866, 0.0, 1.0, 0.0, 2.765943, 0.0, 0.0, 0.0, 1.0],
                [1.0, -0.0, 0.0, 0.355355, 0.0, -0.0, -1.0, 20.453899, 0.0, 1.0, 0.0, 2.796712, 0.0, 0.0, 0.0, 1.0],
                [1.0, -0.0, 0.0, 0.329994, 0.0, -0.0, -1.0, 20.520615, 0.0, 1.0, 0.0, 2.758612, 0.0, 0.0, 0.0, 1.0],
                [1.0, -0.0, 0.0, 0.304632, 0.0, -0.0, -1.0, 20.587328, 0.0, 1.0, 0.0, 2.720512, 0.0, 0.0, 0.0, 1.0],
                [1.0, -0.0, 0.0, 0.279271, 0.0, -0.0, -1.0, 20.654043, 0.0, 1.0, 0.0, 2.682412, 0.0, 0.0, 0.0, 1.0],
                [1.0, -0.0, 0.0, 0.253909, 0.0, -0.0, -1.0, 20.720757, 0.0, 1.0, 0.0, 2.644312, 0.0, 0.0, 0.0, 1.0],
                [1.0, -0.0, 0.0, 0.228548, 0.0, -0.0, -1.0, 20.787472, 0.0, 1.0, 0.0, 2.606213, 0.0, 0.0, 0.0, 1.0],
                [1.0, -0.0, 0.0, 0.219171, 0.0, -0.0, -1.0, 20.835585, 0.0, 1.0, 0.0, 2.765575, 0.0, 0.0, 0.0, 1.0],
                [1.0, -0.0, 0.0, 0.209793, 0.0, -0.0, -1.0, 20.883698, 0.0, 1.0, 0.0, 2.924938, 0.0, 0.0, 0.0, 1.0],
                [1.0, -0.0, 0.0, 0.200416, 0.0, -0.0, -1.0, 20.931808, 0.0, 1.0, 0.0, 3.084301, 0.0, 0.0, 0.0, 1.0],
                [1.0, -0.0, 0.0, 0.191039, 0.0, -0.0, -1.0, 20.979921, 0.0, 1.0, 0.0, 3.243664, 0.0, 0.0, 0.0, 1.0],
                [1.0, -0.0, 0.0, 0.181662, 0.0, -0.0, -1.0, 21.028034, 0.0, 1.0, 0.0, 3.403027, 0.0, 0.0, 0.0, 1.0],
                [1.0, -0.0, 0.0, 0.186555, 0.0, -0.0, -1.0, 21.06654, 0.0, 1.0, 0.0, 3.46432, 0.0, 0.0, 0.0, 1.0],
                [1.0, -0.0, 0.0, 0.209878, 0.0, -0.0, -1.0, 21.404095, 0.0, 1.0, 0.0, 4.12629, 0.0, 0.0, 0.0, 1.0],
                [1.0, -0.0, 0.0, 0.092932, 0.0, -0.0, -1.0, 21.512415, 0.0, 1.0, 0.0, 4.893138, 0.0, 0.0, 0.0, 1.0],
                [1.0, -0.0, 0.0, -0.076909, 0.0, -0.0, -1.0, 22.275206, 0.0, 1.0, 0.0, 6.332438, 0.0, 0.0, 0.0, 1.0],
                [1.0, -0.0, 0.0, -0.183302, 0.0, -0.0, -1.0, 23.170511, 0.0, 1.0, 0.0, 7.039007, 0.0, 0.0, 0.0, 1.0],
                [1.0, -0.0, 0.0, -0.03256, 0.0, -0.0, -1.0, 24.107378, 0.0, 1.0, 0.0, 7.761072, 0.0, 0.0, 0.0, 1.0],
                [1.0, -0.0, 0.0, 0.137104, 0.0, -0.0, -1.0, 25.460163, 0.0, 1.0, 0.0, 8.000104, 0.0, 0.0, 0.0, 1.0],
                [1.0, -0.0, 0.0, 0.176344, 0.0, -0.0, -1.0, 25.957754, 0.0, 1.0, 0.0, 7.492254, 0.0, 0.0, 0.0, 1.0],
                [1.0, -0.0, 0.0, 0.200305, 0.0, -0.0, -1.0, 26.999044, 0.0, 1.0, 0.0, 7.205639, 0.0, 0.0, 0.0, 1.0],
                [1.0, -0.0, 0.0, 0.252266, 0.0, -0.0, -1.0, 27.499382, 0.0, 1.0, 0.0, 6.265602, 0.0, 0.0, 0.0, 1.0],
                [1.0, -0.0, 0.0, 0.340583, 0.0, -0.0, -1.0, 28.332163, 0.0, 1.0, 0.0, 5.589281, 0.0, 0.0, 0.0, 1.0],
                [1.0, -0.0, 0.0, 0.41117, 0.0, -0.0, -1.0, 28.690561, 0.0, 1.0, 0.0, 4.50832, 0.0, 0.0, 0.0, 1.0],
                [1.0, -0.0, 0.0, 0.259861, 0.0, -0.0, -1.0, 29.336916, 0.0, 1.0, 0.0, 3.788098, 0.0, 0.0, 0.0, 1.0],
                [1.0, -0.0, 0.0, 0.249376, 0.0, -0.0, -1.0, 29.678816, 0.0, 1.0, 0.0, 3.071759, 0.0, 0.0, 0.0, 1.0],
                [1.0, -0.0, 0.0, 0.247994, 0.0, -0.0, -1.0, 29.912933, 0.0, 1.0, 0.0, 2.025004, 0.0, 0.0, 0.0, 1.0],
                [1.0, -0.0, 0.0, 0.250181, 0.0, -0.0, -1.0, 30.080702, 0.0, 1.0, 0.0, 1.688344, 0.0, 0.0, 0.0, 1.0],
                [1.0, -0.0, 0.0, 0.252368, 0.0, -0.0, -1.0, 30.248468, 0.0, 1.0, 0.0, 1.351684, 0.0, 0.0, 0.0, 1.0],
                [1.0, -0.0, 0.0, 0.254555, 0.0, -0.0, -1.0, 30.416237, 0.0, 1.0, 0.0, 1.015023, 0.0, 0.0, 0.0, 1.0],
                [1.0, -0.0, 0.0, 0.256742, 0.0, -0.0, -1.0, 30.584005, 0.0, 1.0, 0.0, 0.678363, 0.0, 0.0, 0.0, 1.0],
                [1.0, -0.0, 0.0, 0.265852, 0.0, -0.0, -1.0, 30.571878, 0.0, 1.0, 0.0, 0.657086, 0.0, 0.0, 0.0, 1.0],
                [1.0, -0.0, 0.0, 0.274961, 0.0, -0.0, -1.0, 30.559752, 0.0, 1.0, 0.0, 0.635808, 0.0, 0.0, 0.0, 1.0],
                [1.0, -0.0, 0.0, 0.284071, 0.0, -0.0, -1.0, 30.547625, 0.0, 1.0, 0.0, 0.61453, 0.0, 0.0, 0.0, 1.0],
                [1.0, -0.0, 0.0, 0.293181, 0.0, -0.0, -1.0, 30.535498, 0.0, 1.0, 0.0, 0.593252, 0.0, 0.0, 0.0, 1.0],
                [1.0, -0.0, 0.0, 0.30229, 0.0, -0.0, -1.0, 30.523371, 0.0, 1.0, 0.0, 0.571975, 0.0, 0.0, 0.0, 1.0],
                [1.0, -0.0, 0.0, 0.3114, 0.0, -0.0, -1.0, 30.535513, 0.0, 1.0, 0.0, 0.555551, 0.0, 0.0, 0.0, 1.0],
                [1.0, -0.0, 0.0, 0.317807, 0.0, -0.0, -1.0, 30.533113, 0.0, 1.0, 0.0, 0.553487, 0.0, 0.0, 0.0, 1.0],
                [1.0, -0.0, 0.0, 0.324213, 0.0, -0.0, -1.0, 30.530716, 0.0, 1.0, 0.0, 0.551423, 0.0, 0.0, 0.0, 1.0],
                [1.0, -0.0, 0.0, 0.33062, 0.0, -0.0, -1.0, 30.528316, 0.0, 1.0, 0.0, 0.549359, 0.0, 0.0, 0.0, 1.0],
                [1.0, -0.0, 0.0, 0.337027, 0.0, -0.0, -1.0, 30.525917, 0.0, 1.0, 0.0, 0.547295, 0.0, 0.0, 0.0, 1.0],
                [1.0, -0.0, 0.0, 0.343433, 0.0, -0.0, -1.0, 30.523518, 0.0, 1.0, 0.0, 0.545231, 0.0, 0.0, 0.0, 1.0],
                [1.0, -0.0, 0.0, 0.34984, 0.0, -0.0, -1.0, 30.52112, 0.0, 1.0, 0.0, 0.543167, 0.0, 0.0, 0.0, 1.0],
                [1.0, -0.0, 0.0, 0.356247, 0.0, -0.0, -1.0, 30.518721, 0.0, 1.0, 0.0, 0.541103, 0.0, 0.0, 0.0, 1.0],
                [1.0, -0.0, 0.0, 0.369316, 0.0, -0.0, -1.0, 30.513948, 0.0, 1.0, 0.0, 0.526692, 0.0, 0.0, 0.0, 1.0],
                [1.0, -0.0, 0.0, 0.382385, 0.0, -0.0, -1.0, 30.509174, 0.0, 1.0, 0.0, 0.512281, 0.0, 0.0, 0.0, 1.0],
                [1.0, -0.0, 0.0, 0.395454, 0.0, -0.0, -1.0, 30.5044, 0.0, 1.0, 0.0, 0.497869, 0.0, 0.0, 0.0, 1.0],
                [1.0, -0.0, 0.0, 0.408523, 0.0, -0.0, -1.0, 30.499628, 0.0, 1.0, 0.0, 0.483458, 0.0, 0.0, 0.0, 1.0],
                [1.0, -0.0, 0.0, 0.421592, 0.0, -0.0, -1.0, 30.494856, 0.0, 1.0, 0.0, 0.469046, 0.0, 0.0, 0.0, 1.0],
                [1.0, -0.0, 0.0, 0.434661, 0.0, -0.0, -1.0, 30.490082, 0.0, 1.0, 0.0, 0.454635, 0.0, 0.0, 0.0, 1.0],
                [1.0, -0.0, 0.0, 0.434661, 0.0, -0.0, -1.0, 30.490082, 0.0, 1.0, 0.0, 0.454635, 0.0, 0.0, 0.0, 1.0]
            ]
        },
        {
            "name": "Thigh_R",
            "time": [0.0, 0.0333, 0.0667, 0.1, 0.1333, 0.1667, 0.2, 0.2333, 0.2667, 0.3, 0.3333, 0.3667, 0.4, 0.4333, 0.4667, 0.5, 0.5333, 0.5667, 0.6, 0.6333, 0.6667, 0.7, 0.7333, 0.7667, 0.8, 0.8333, 0.8667, 0.9, 0.9333, 0.9667, 1.0, 1.0333, 1.0667, 1.1, 1.1333, 1.1667, 1.2, 1.2333, 1.2667, 1.3, 1.3333, 1.3667, 1.4, 1.4333, 1.4667, 1.5, 1.5333, 1.5667, 1.6, 1.6333, 1.6667, 1.7, 1.7333, 1.7667, 1.8, 1.8333, 1.8667, 1.9, 1.9333, 1.9667, 2.0, 2.0333, 2.0667, 2.1, 2.1333, 2.1667, 2.2, 2.2333, 2.2667, 2.3, 2.3333, 2.3667, 2.4, 2.4333, 2.4667, 2.5, 2.5333, 2.5667, 2.6, 2.6333, 2.6667, 2.7, 2.7333, 2.7667, 2.8, 2.8333, 2.8667, 2.9, 2.9333, 2.9667, 3.0, 3.0333, 3.0667, 3.1, 3.1333, 3.1667, 3.2, 3.2333, 3.2667, 3.3, 3.3333, 3.3667, 3.4, 3.4333, 3.4667, 3.5, 3.5333, 3.5667, 3.6, 3.6333, 3.6667, 3.7, 3.7333, 3.7667, 3.8, 3.8333, 3.8667, 3.9, 3.9333, 3.9667, 4.0, 4.0333, 4.0667, 4.1, 4.1333, 4.1667, 4.2, 4.2333, 4.2667, 4.3, 4.3333, 4.5, 4.6667, 4.8333, 5.0, 5.1667, 5.3333, 5.5, 5.6667, 5.8333, 6.0, 6.1667, 6.3333, 6.5, 6.6667, 6.7, 6.7333, 6.7667, 6.8, 6.8333, 6.8667, 6.9, 6.9333, 6.9667, 7.0, 7.0333, 7.0667, 7.1, 7.1333, 7.1667, 7.2, 7.2333, 7.2667, 7.3, 7.3333, 7.3667, 7.4, 7.4667, 8.6333],
            "transform": [
                [0.985239, 0.169959, 0.020439, 0.124994, 0.170385, -0.962119, -0.212828, -0.002831, -0.016508, 0.213169, -0.976875, -1.2e-05, 0.0, 0.0, 0.0, 1.0],
                [0.927189, 0.373213, -0.032134, 0.124994, 0.364324, -0.918394, -0.154336, -0.002831, -0.087112, 0.131392, -0.987495, -1.2e-05, 0.0, 0.0, 0.0, 1.0],
                [0.820939, 0.562417, -0.098728, 0.124994, 0.55338, -0.82624, -0.105345, -0.002831, -0.140821, 0.031847, -0.989522, -1.2e-05, 0.0, 0.0, 0.0, 1.0],
                [0.671475, 0.720109, -0.174827, 0.124994, 0.720893, -0.689413, -0.070879, -0.002831, -0.171568, -0.078438, -0.982044, -1.2e-05, 0.0, 0.0, 0.0, 1.0],
                [0.49128, 0.83312, -0.254075, 0.124994, 0.852872, -0.519339, -0.053816, -0.002831, -0.176787, -0.190255, -0.965685, -1.2e-05, 0.0, 0.0, 0.0, 1.0],
                [0.29704, 0.896045, -0.329955, 0.124994, 0.941689, -0.332104, -0.054131, -0.002831, -0.158083, -0.294636, -0.942443, -1.2e-05, 0.0, 0.0, 0.0, 1.0],
                [0.18164, 0.85779, -0.480835, 0.124994, 0.969988, -0.236668, -0.055784, -0.002831, -0.161649, -0.456272, -0.875034, -1.2e-05, 0.0, 0.0, 0.0, 1.0],
                [0.061677, 0.781249, -0.621165, 0.124994, 0.987718, -0.137291, -0.0746, -0.002831, -0.143562, -0.608935, -0.78012, -1.2e-05, 0.0, 0.0, 0.0, 1.0],
                [-0.055484, 0.668863, -0.741312, 0.124994, 0.993071, -0.040064, -0.110475, -0.002831, -0.103593, -0.742305, -0.662005, -1.2e-05, 0.0, 0.0, 0.0, 1.0],
                [-0.162517, 0.527659, -0.833765, 0.124994, 0.985714, 0.048934, -0.161166, -0.002831, -0.044241, -0.848046, -0.528073, -1.2e-05, 0.0, 0.0, 0.0, 1.0],
                [-0.253607, 0.367839, -0.894638, 0.124994, 0.96685, 0.124856, -0.222741, -0.002831, 0.029768, -0.921469, -0.387309, -1.2e-05, 0.0, 0.0, 0.0, 1.0],
                [-0.296275, -0.205756, -0.932676, 0.124994, 0.951127, 0.025451, -0.30775, -0.002831, 0.087059, -0.978272, 0.188159, -1.2e-05, 0.0, 0.0, 0.0, 1.0],
                [-0.291549, -0.813924, -0.50252, 0.124994, 0.939329, -0.144352, -0.311166, -0.002831, 0.180726, -0.562752, 0.806628, -1.2e-05, 0.0, 0.0, 0.0, 1.0],
                [-0.223094, -0.947986, 0.227046, 0.124994, 0.943301, -0.268677, -0.194926, -0.002831, 0.245789, 0.170686, 0.954177, -1.2e-05, 0.0, 0.0, 0.0, 1.0],
                [-0.151288, -0.669926, 0.72685, 0.124994, 0.955908, -0.286385, -0.064993, -0.002831, 0.2517, 0.684969, 0.683714, -1.2e-05, 0.0, 0.0, 0.0, 1.0],
                [-0.129836, -0.449167, 0.883963, 0.124994, 0.936832, -0.347597, -0.039023, -0.002831, 0.324792, 0.823058, 0.465925, -1.2e-05, 0.0, 0.0, 0.0, 1.0],
                [-0.085565, -0.179653, 0.980002, 0.124994, 0.915741, -0.40172, 0.006311, -0.002831, 0.392553, 0.897967, 0.198889, -1.2e-05, 0.0, 0.0, 0.0, 1.0],
                [-0.02136, 0.108908, 0.993822, 0.124994, 0.895203, -0.440515, 0.067514, -0.002831, 0.445148, 0.891114, -0.088085, -1.2e-05, 0.0, 0.0, 0.0, 1.0],
                [0.054509, 0.379352, 0.923645, 0.124994, 0.877863, -0.458987, 0.136705, -0.002831, 0.475801, 0.803381, -0.358038, -1.2e-05, 0.0, 0.0, 0.0, 1.0],
                [0.131659, 0.601751, 0.787757, 0.124994, 0.865398, -0.457354, 0.204729, -0.002831, 0.483481, 0.654768, -0.580969, -1.2e-05, 0.0, 0.0, 0.0, 1.0],
                [0.134618, 0.585687, 0.799279, 0.090782, 0.769142, -0.570318, 0.28837, -0.004257, 0.624739, 0.575939, -0.527252, -1.2e-05, 0.0, 0.0, 0.0, 1.0],
                [0.134116, 0.569112, 0.811248, 0.05657, 0.647364, -0.670135, 0.363095, -0.005682, 0.750289, 0.476476, -0.458298, -1.2e-05, 0.0, 0.0, 0.0, 1.0],
                [0.130014, 0.552776, 0.823125, 0.022359, 0.504559, -0.751529, 0.424999, -0.007107, 0.853532, 0.360059, -0.376617, -1.2e-05, 0.0, 0.0, 0.0, 1.0],
                [0.122501, 0.537429, 0.834364, -0.011853, 0.347295, -0.810755, 0.471233, -0.008533, 0.929721, 0.232044, -0.285965, -1.2e-05, 0.0, 0.0, 0.0, 1.0],
                [0.112063, 0.523714, 0.844491, -0.046065, 0.183236, -0.846161, 0.500434, -0.009958, 0.976661, 0.098661, -0.190787, -1.2e-05, 0.0, 0.0, 0.0, 1.0],
                [0.214092, 0.531839, 0.819336, -0.011853, 0.091855, -0.846029, 0.525163, -0.008533, 0.972485, -0.037173, -0.22998, -1.2e-05, 0.0, 0.0, 0.0, 1.0],
                [0.316742, 0.525412, 0.789693, 0.022359, 0.000999, -0.832745, 0.553655, -0.007107, 0.948512, -0.174577, -0.26429, -1.2e-05, 0.0, 0.0, 0.0, 1.0],
                [0.416813, 0.504179, 0.756353, 0.056571, -0.086467, -0.806314, 0.585133, -0.005682, 0.904871, -0.309291, -0.292488, -1.2e-05, 0.0, 0.0, 0.0, 1.0],
                [0.511201, 0.468799, 0.720348, 0.090782, -0.167827, -0.767556, 0.61862, -0.004256, 0.842917, -0.437133, -0.313698, -1.2e-05, 0.0, 0.0, 0.0, 1.0],
                [0.597206, 0.420777, 0.682856, 0.124994, -0.240793, -0.718024, 0.653038, -0.002831, 0.765092, -0.554425, -0.327488, -1.2e-05, 0.0, 0.0, 0.0, 1.0],
                [0.754757, 0.330418, 0.566715, 0.124994, -0.265362, -0.636277, 0.724385, -0.002831, 0.599939, -0.697119, -0.392554, -1.2e-05, 0.0, 0.0, 0.0, 1.0],
                [0.879948, 0.202085, 0.429947, 0.124994, -0.26389, -0.54463, 0.796077, -0.002831, 0.395038, -0.813965, -0.425918, -1.2e-05, 0.0, 0.0, 0.0, 1.0],
                [0.957957, 0.04428, 0.283475, 0.124994, -0.234067, -0.450775, 0.861402, -0.002831, 0.165926, -0.891538, -0.421459, -1.2e-05, 0.0, 0.0, 0.0, 1.0],
                [0.98167, -0.128606, 0.14066, 0.124994, -0.178613, -0.363271, 0.914402, -0.002831, -0.066499, -0.922764, -0.379583, -1.2e-05, 0.0, 0.0, 0.0, 1.0],
                [0.953716, -0.300408, 0.013467, 0.124994, -0.104499, -0.289098, 0.951578, -0.002831, -0.281969, -0.908942, -0.307109, -1.2e-05, 0.0, 0.0, 0.0, 1.0],
                [0.92602, -0.37397, -0.051329, 0.124994, -0.043343, -0.240422, 0.969699, -0.002831, -0.37498, -0.895736, -0.238845, -1.2e-05, 0.0, 0.0, 0.0, 1.0],
                [0.886864, -0.448584, -0.110659, 0.124994, 0.023431, -0.195531, 0.980417, -0.002831, -0.461437, -0.872089, -0.162898, -1.2e-05, 0.0, 0.0, 0.0, 1.0],
                [0.836898, -0.522525, -0.163001, 0.124994, 0.094388, -0.155566, 0.983305, -0.002831, -0.53916, -0.838311, -0.080873, -1.2e-05, 0.0, 0.0, 0.0, 1.0],
                [0.777286, -0.594071, -0.207137, 0.124994, 0.167875, -0.121459, 0.978297, -0.002831, -0.606337, -0.795189, 0.005322, -1.2e-05, 0.0, 0.0, 0.0, 1.0],
                [0.709616, -0.661637, -0.242244, 0.124994, 0.242151, -0.093856, 0.965688, -0.002831, -0.661672, -0.743926, 0.093614, -1.2e-05, 0.0, 0.0, 0.0, 1.0],
                [0.615599, -0.706937, -0.348249, 0.109314, 0.356447, -0.14434, 0.923098, -0.002831, -0.70284, -0.692391, 0.16313, -1.2e-05, 0.0, 0.0, 0.0, 1.0],
                [0.503017, -0.741743, -0.443612, 0.093633, 0.461594, -0.203376, 0.863463, -0.002831, -0.730689, -0.639104, 0.240083, -1.2e-05, 0.0, 0.0, 0.0, 1.0],
                [0.375487, -0.764311, -0.524249, 0.077953, 0.553189, -0.269019, 0.788422, -0.002831, -0.743634, -0.586051, 0.321796, -1.2e-05, 0.0, 0.0, 0.0, 1.0],
                [0.237861, -0.773783, -0.587096, 0.062272, 0.627751, -0.338773, 0.70083, -0.002831, -0.741183, -0.535249, 0.405162, -1.2e-05, 0.0, 0.0, 0.0, 1.0],
                [0.095615, -0.770293, -0.630481, 0.046592, 0.683144, -0.409899, 0.604398, -0.002831, -0.723998, -0.488498, 0.487029, -1.2e-05, 0.0, 0.0, 0.0, 1.0],
                [0.057478, -0.744963, -0.664625, 0.047904, 0.702665, -0.442724, 0.557007, -0.004883, -0.709196, -0.499024, 0.498013, -1.2e-05, 0.0, 0.0, 0.0, 1.0],
                [0.018158, -0.717707, -0.696107, 0.049215, 0.719705, -0.473905, 0.507383, -0.006936, -0.694043, -0.510205, 0.507933, -1.2e-05, 0.0, 0.0, 0.0, 1.0],
                [-0.022133, -0.688668, -0.724738, 0.050527, 0.734156, -0.503259, 0.455791, -0.008989, -0.678621, -0.521982, 0.516729, -1.2e-05, 0.0, 0.0, 0.0, 1.0],
                [-0.063168, -0.658009, -0.750356, 0.051838, 0.745935, -0.53062, 0.402521, -0.011041, -0.663017, -0.53429, 0.52435, -1.2e-05, 0.0, 0.0, 0.0, 1.0],
                [-0.104715, -0.625908, -0.772834, 0.05315, 0.754993, -0.555848, 0.347877, -0.013094, -0.647319, -0.547056, 0.530762, -1.2e-05, 0.0, 0.0, 0.0, 1.0],
                [-0.125473, -0.601372, -0.789055, 0.051097, 0.748982, -0.578992, 0.322174, -0.011041, -0.650603, -0.550563, 0.523064, -1.2e-05, 0.0, 0.0, 0.0, 1.0],
                [-0.145998, -0.575987, -0.804315, 0.049044, 0.742231, -0.601293, 0.295871, -0.008989, -0.654049, -0.553791, 0.515303, -1.2e-05, 0.0, 0.0, 0.0, 1.0],
                [-0.166251, -0.549802, -0.818583, 0.046991, 0.734753, -0.622709, 0.269019, -0.006936, -0.657648, -0.556732, 0.507494, -1.2e-05, 0.0, 0.0, 0.0, 1.0],
                [-0.186191, -0.522868, -0.83183, 0.044938, 0.726563, -0.643197, 0.24167, -0.004883, -0.661393, -0.55938, 0.499654, -1.2e-05, 0.0, 0.0, 0.0, 1.0],
                [-0.205781, -0.49524, -0.844033, 0.042886, 0.717678, -0.662718, 0.213878, -0.002831, -0.665277, -0.561731, 0.491797, -1.2e-05, 0.0, 0.0, 0.0, 1.0],
                [-0.214519, -0.473504, -0.854269, 0.046991, 0.709009, -0.677055, 0.197236, -0.002831, -0.671781, -0.563373, 0.48096, -1.2e-05, 0.0, 0.0, 0.0, 1.0],
                [-0.222985, -0.451417, -0.864002, 0.051096, 0.700101, -0.690907, 0.180295, -0.002831, -0.678334, -0.564685, 0.470099, -1.2e-05, 0.0, 0.0, 0.0, 1.0],
                [-0.231172, -0.429002, -0.873222, 0.055202, 0.690963, -0.704258, 0.16307, -0.002831, -0.684931, -0.565667, 0.459228, -1.2e-05, 0.0, 0.0, 0.0, 1.0],
                [-0.23907, -0.406281, -0.881919, 0.059307, 0.681603, -0.717094, 0.145581, -0.002831, -0.691566, -0.566315, 0.448358, -1.2e-05, 0.0, 0.0, 0.0, 1.0],
                [-0.246672, -0.383278, -0.890084, 0.063413, 0.672033, -0.729402, 0.127845, -0.002831, -0.69823, -0.56663, 0.437498, -1.2e-05, 0.0, 0.0, 0.0, 1.0],
                [-0.254942, -0.365391, -0.895262, 0.06136, 0.67411, -0.730933, 0.106357, -0.004883, -0.693239, -0.57639, 0.432659, -1.2e-05, 0.0, 0.0, 0.0, 1.0],
                [-0.263287, -0.347406, -0.899993, 0.059307, 0.675979, -0.732024, 0.084815, -0.006936, -0.688283, -0.586046, 0.427572, -1.2e-05, 0.0, 0.0, 0.0, 1.0],
                [-0.2717, -0.329337, -0.904276, 0.057255, 0.677638, -0.732672, 0.063235, -0.008989, -0.683364, -0.595591, 0.422238, -1.2e-05, 0.0, 0.0, 0.0, 1.0],
                [-0.280175, -0.311199, -0.908106, 0.055202, 0.679085, -0.732878, 0.041634, -0.011041, -0.678488, -0.605017, 0.416665, -1.2e-05, 0.0, 0.0, 0.0, 1.0],
                [-0.288705, -0.293005, -0.91148, 0.053149, 0.680321, -0.732641, 0.020029, -0.013094, -0.673657, -0.614317, 0.410855, -1.2e-05, 0.0, 0.0, 0.0, 1.0],
                [-0.222048, -0.345816, -0.91165, 0.060334, 0.71665, -0.691872, 0.087895, -0.012068, -0.661141, -0.633817, 0.401458, -1.2e-05, 0.0, 0.0, 0.0, 1.0],
                [-0.151583, -0.395532, -0.905856, 0.067518, 0.747397, -0.645602, 0.156828, -0.011041, -0.646854, -0.653263, 0.393482, -1.2e-05, 0.0, 0.0, 0.0, 1.0],
                [-0.078022, -0.441398, -0.893913, 0.074703, 0.771933, -0.594168, 0.226014, -0.010015, -0.630898, -0.672407, 0.387088, -1.2e-05, 0.0, 0.0, 0.0, 1.0],
                [-0.002195, -0.482714, -0.875775, 0.081887, 0.789754, -0.538057, 0.294589, -0.008989, -0.61342, -0.691, 0.382406, -1.2e-05, 0.0, 0.0, 0.0, 1.0],
                [0.074986, -0.518874, -0.851555, 0.089072, 0.800508, -0.477885, 0.361679, -0.007962, -0.594613, -0.708797, 0.379528, -1.2e-05, 0.0, 0.0, 0.0, 1.0],
                [0.15256, -0.549392, -0.821519, 0.096256, 0.804016, -0.414385, 0.426431, -0.006936, -0.574704, -0.72557, 0.378501, -1.2e-05, 0.0, 0.0, 0.0, 1.0],
                [0.229554, -0.573921, -0.786078, 0.103441, 0.800279, -0.348371, 0.488048, -0.00591, -0.553949, -0.741115, 0.379327, -1.2e-05, 0.0, 0.0, 0.0, 1.0],
                [0.305027, -0.592269, -0.745772, 0.110625, 0.789478, -0.280704, 0.545829, -0.004883, -0.53262, -0.755263, 0.381961, -1.2e-05, 0.0, 0.0, 0.0, 1.0],
                [0.378105, -0.6044, -0.70124, 0.11781, 0.77196, -0.212262, 0.599186, -0.003857, -0.510996, -0.767883, 0.386315, -1.2e-05, 0.0, 0.0, 0.0, 1.0],
                [0.448013, -0.61043, -0.653192, 0.124994, 0.748215, -0.143896, 0.647664, -0.002831, -0.489346, -0.778889, 0.392265, -1.2e-05, 0.0, 0.0, 0.0, 1.0],
                [0.531159, -0.551699, -0.643038, 0.124994, 0.700903, -0.140295, 0.699323, -0.002831, -0.476032, -0.822158, 0.312169, -1.2e-05, 0.0, 0.0, 0.0, 1.0],
                [0.611911, -0.487824, -0.62257, 0.124994, 0.648102, -0.141924, 0.748212, -0.002831, -0.453354, -0.861327, 0.229315, -1.2e-05, 0.0, 0.0, 0.0, 1.0],
                [0.688468, -0.419729, -0.591472, 0.124994, 0.590492, -0.14912, 0.793147, -0.002831, -0.421108, -0.895315, 0.145182, -1.2e-05, 0.0, 0.0, 0.0, 1.0],
                [0.759056, -0.34859, -0.549836, 0.124994, 0.529001, -0.16202, 0.833011, -0.002831, -0.379464, -0.923165, 0.061422, -1.2e-05, 0.0, 0.0, 0.0, 1.0],
                [0.822045, -0.275768, -0.498191, 0.124994, 0.46477, -0.180536, 0.86683, -0.002831, -0.328986, -0.944117, -0.02024, -1.2e-05, 0.0, 0.0, 0.0, 1.0],
                [0.85562, -0.231938, -0.462731, 0.124994, 0.425389, -0.194223, 0.883923, -0.00283, -0.294889, -0.953142, -0.067517, -1.2e-05, 0.0, 0.0, 0.0, 1.0],
                [0.885707, -0.188232, -0.424373, 0.124994, 0.385888, -0.2097, 0.898396, -0.00283, -0.258099, -0.959475, -0.113096, -1.2e-05, 0.0, 0.0, 0.0, 1.0],
                [0.912155, -0.145148, -0.383283, 0.124994, 0.346384, -0.226854, 0.91025, -0.00283, -0.21907, -0.963051, -0.156649, -1.2e-05, 0.0, 0.0, 0.0, 1.0],
                [0.934829, -0.102925, -0.339855, 0.124994, 0.30722, -0.245524, 0.91942, -0.00283, -0.178074, -0.96391, -0.197903, -1.2e-05, 0.0, 0.0, 0.0, 1.0],
                [0.953661, -0.061845, -0.294458, 0.124994, 0.268668, -0.265539, 0.925908, -0.002831, -0.135453, -0.962114, -0.236619, -1.2e-05, 0.0, 0.0, 0.0, 1.0],
                [0.966411, -0.028668, -0.255399, 0.124994, 0.237192, -0.283113, 0.929294, -0.002831, -0.098948, -0.958658, -0.266804, -1.2e-05, 0.0, 0.0, 0.0, 1.0],
                [0.976506, 0.003408, -0.215464, 0.124994, 0.20645, -0.301383, 0.930885, -0.002831, -0.061765, -0.953497, -0.295006, -1.2e-05, 0.0, 0.0, 0.0, 1.0],
                [0.983994, 0.03427, -0.174874, 0.124994, 0.176563, -0.320236, 0.930738, -0.002831, -0.024105, -0.946718, -0.321161, -1.2e-05, 0.0, 0.0, 0.0, 1.0],
                [0.988945, 0.06382, -0.133848, 0.124994, 0.147638, -0.339558, 0.928925, -0.002831, 0.013835, -0.938417, -0.345226, -1.2e-05, 0.0, 0.0, 0.0, 1.0],
                [0.98443, 0.146139, -0.097682, 0.124994, 0.174284, -0.883806, 0.434178, -0.002831, -0.022882, -0.444442, -0.895515, -1.2e-05, 0.0, 0.0, 0.0, 1.0],
                [0.983653, 0.180037, 0.003573, 0.124994, 0.163327, -0.883651, -0.43873, -0.002831, -0.075831, 0.432142, -0.898611, -1.2e-05, 0.0, 0.0, 0.0, 1.0],
                [0.98729, 0.136105, 0.082068, 0.124994, 0.124275, -0.339226, -0.93246, -0.002831, -0.099073, 0.930807, -0.351829, -1.2e-05, 0.0, 0.0, 0.0, 1.0],
                [0.974341, 0.189996, 0.12067, 0.124994, 0.181316, -0.34491, -0.920956, -0.002831, -0.133358, 0.919205, -0.37051, -1.1e-05, 0.0, 0.0, 0.0, 1.0],
                [0.956913, 0.243708, 0.157878, 0.124994, 0.23811, -0.347368, -0.906994, -0.002832, -0.1662, 0.905507, -0.39043, -1.1e-05, 0.0, 0.0, 0.0, 1.0],
                [0.93513, 0.29685, 0.193422, 0.124994, 0.294247, -0.34658, -0.890674, -0.00283, -0.197361, 0.88981, -0.411445, -1.1e-05, 0.0, 0.0, 0.0, 1.0],
                [0.935578, 0.321265, 0.146571, 0.124994, 0.252412, -0.318153, -0.91382, -0.002831, -0.246946, 0.891946, -0.378748, -1.1e-05, 0.0, 0.0, 0.0, 1.0],
                [0.932583, 0.346774, 0.100187, 0.124994, 0.208331, -0.290439, -0.933939, -0.00283, -0.294768, 0.891848, -0.343103, -1e-05, 0.0, 0.0, 0.0, 1.0],
                [0.926141, 0.373204, 0.054604, 0.124994, 0.162301, -0.263642, -0.950868, -0.00283, -0.340472, 0.8895, -0.304742, -1e-05, 0.0, 0.0, 0.0, 1.0],
                [0.916299, 0.400367, 0.010145, 0.124994, 0.11465, -0.237952, -0.964486, -0.00283, -0.383734, 0.88492, -0.263938, -1.1e-05, 0.0, 0.0, 0.0, 1.0],
                [0.90315, 0.428064, -0.03288, 0.124994, 0.065727, -0.213543, -0.97472, -0.00283, -0.424265, 0.878157, -0.220997, -1.1e-05, 0.0, 0.0, 0.0, 1.0],
                [0.889748, 0.455825, -0.023922, 0.124994, -0.120326, 0.18367, -0.975596, -0.002831, -0.440308, 0.870912, 0.218267, -1.2e-05, 0.0, 0.0, 0.0, 1.0],
                [0.876734, 0.480958, 0.004081, 0.124994, -0.332706, 0.61257, -0.716983, -0.002831, -0.347339, 0.627245, 0.697079, -1.4e-05, 0.0, 0.0, 0.0, 1.0],
                [0.871322, 0.488522, 0.046308, 0.124994, -0.47128, 0.859376, -0.19841, -0.002831, -0.136724, 0.151056, 0.979024, -1.4e-05, 0.0, 0.0, 0.0, 1.0],
                [0.875982, 0.475064, 0.083488, 0.124994, -0.472811, 0.811463, 0.343478, -0.002831, 0.095427, -0.340355, 0.935443, -1.4e-05, 0.0, 0.0, 0.0, 1.0],
                [0.885558, 0.45265, 0.104379, 0.124994, -0.384714, 0.588713, 0.710923, -0.00283, 0.26035, -0.66972, 0.695481, -8e-06, 0.0, 0.0, 0.0, 1.0],
                [0.920428, 0.356149, 0.161152, 0.124994, -0.347732, 0.557615, 0.753755, -0.002831, 0.178589, -0.749815, 0.63709, -1e-05, 0.0, 0.0, 0.0, 1.0],
                [0.944949, 0.250746, 0.210231, 0.124993, -0.314541, 0.518971, 0.794816, -0.002831, 0.090193, -0.817187, 0.569272, -1.4e-05, 0.0, 0.0, 0.0, 1.0],
                [0.958187, 0.139026, 0.250098, 0.124993, -0.28613, 0.473615, 0.832957, -0.002831, -0.002647, -0.869689, 0.493592, -1.4e-05, 0.0, 0.0, 0.0, 1.0],
