{
    "animation": [
        {
            "name": "Root",
            "time": [0.0, 0.1667, 0.3333, 0.5, 0.6667, 0.8333, 1.0, 1.3333, 1.6667, 1.8333, 2.0, 2.1667, 2.3333, 2.6667, 3.0, 3.3333],
            "transform": [
                [1.0, 0.0, 0.0, 0.0, 0.0, 0.0, -1.0, 0.43013, -0.0, 1.0, 0.0, 0.276104, 0.0, 0.0, 0.0, 1.0],
                [1.0, 0.0, 0.0, 0.308881, 0.0, 0.0, -1.0, 0.463219, -0.0, 1.0, 0.0, 0.396395, 0.0, 0.0, 0.0, 1.0],
                [1.0, 0.0, 0.0, 0.523309, 0.0, 0.0, -1.0, 0.785686, -0.0, 1.0, 0.0, 0.500635, 0.0, 0.0, 0.0, 1.0],
                [1.0, 0.0, 0.0, 0.612841, 0.0, 0.0, -1.0, 0.99099, -0.0, 1.0, 0.0, 0.523875, 0.0, 0.0, 0.0, 1.0],
                [1.0, 0.0, 0.0, 0.740957, 0.0, 0.0, -1.0, 1.196294, -0.0, 1.0, 0.0, 0.539398, 0.0, 0.0, 0.0, 1.0],
                [1.0, 0.0, 0.0, 0.710105, 0.0, 0.0, -1.0, 1.423192, -0.0, 1.0, 0.0, 0.462077, 0.0, 0.0, 0.0, 1.0],
                [1.0, 0.0, 0.0, 0.825871, 0.0, 0.0, -1.0, 1.65009, -0.0, 1.0, 0.0, 0.353888, 0.0, 0.0, 0.0, 1.0],
                [1.0, 0.0, 0.0, 0.936735, 0.0, 0.0, -1.0, 4.817445, -0.0, 1.0, 0.0, 0.248385, 0.0, 0.0, 0.0, 1.0],
                [1.0, 0.0, 0.0, 0.90201, 0.0, 0.0, -1.0, 4.965606, -0.0, 1.0, 0.0, 0.242211, 0.0, 0.0, 0.0, 1.0],
                [1.0, 0.0, 0.0, 0.911683, 0.0, 0.0, -1.0, 4.936968, -0.0, 1.0, 0.0, 0.268093, 0.0, 0.0, 0.0, 1.0],
                [1.0, 0.0, 0.0, 0.94014, 0.0, 0.0, -1.0, 4.918573, -0.0, 1.0, 0.0, 0.36557, 0.0, 0.0, 0.0, 1.0],
                [1.0, 0.0, 0.0, 0.928052, 0.0, 0.0, -1.0, 5.059345, -0.0, 1.0, 0.0, 0.534056, 0.0, 0.0, 0.0, 1.0],
                [1.0, 0.0, 0.0, 0.957334, 0.0, 0.0, -1.0, 5.204747, -0.0, 1.0, 0.0, 0.640658, 0.0, 0.0, 0.0, 1.0],
                [1.0, 0.0, 0.0, 0.981085, 0.0, 0.0, -1.0, 5.456663, -0.0, 1.0, 0.0, 0.69219, 0.0, 0.0, 0.0, 1.0],
                [1.0, 0.0, 0.0, 0.96185, 0.0, 0.0, -1.0, 5.355216, -0.0, 1.0, 0.0, 0.699005, 0.0, 0.0, 0.0, 1.0],
                [1.0, 0.0, 0.0, 0.95734, 0.0, 0.0, -1.0, 5.412671, -0.0, 1.0, 0.0, 0.73373, 0.0, 0.0, 0.0, 1.0]
            ]
        },
        {
            "name": "Thigh_R",
            "time": [0.0, 0.1667, 0.3333, 0.5, 0.6667, 0.8333, 1.0, 1.3333, 1.6667, 1.8333, 2.0, 2.1667, 2.3333, 2.6667, 3.0, 3.3333],
            "transform": [
                [0.922293, 0.280059, 0.266351, 0.124994, 0.309601, -0.947872, -0.0754, -0.002831, 0.231351, 0.152004, -0.960923, -1.2e-05, 0.0, 0.0, 0.0, 1.0],
                [0.297561, 0.251618, 0.920948, 0.003574, 0.601299, -0.798665, 0.023927, 0.003204, 0.74155, 0.546646, -0.38895, 0.039268, 0.0, 0.0, 0.0, 1.0],
                [-0.531276, -0.104537, 0.840724, -0.117846, 0.662461, -0.669847, 0.335336, 0.00924, 0.528102, 0.735103, 0.425126, 0.078548, 0.0, 0.0, 0.0, 1.0],
                [-0.686742, -0.669215, -0.283791, -0.091277, 0.603476, -0.742529, 0.290632, 0.043074, -0.405218, 0.028328, 0.913781, -0.027288, 0.0, 0.0, 0.0, 1.0],
                [0.198523, -0.083787, -0.976508, -0.064709, 0.641238, -0.742397, 0.194063, 0.076909, -0.741217, -0.6647, -0.093655, -0.133125, 0.0, 0.0, 0.0, 1.0],
                [0.628086, -0.214776, -0.747917, 0.030143, 0.66322, -0.354964, 0.658893, 0.037039, -0.406998, -0.909874, -0.080504, -0.066569, 0.0, 0.0, 0.0, 1.0],
                [0.927849, -0.105535, -0.357714, 0.124994, 0.367956, 0.102486, 0.924178, -0.002831, -0.060873, -0.98912, 0.133923, -1.2e-05, 0.0, 0.0, 0.0, 1.0],
                [0.824618, 0.452529, -0.339445, 0.124994, 0.507676, -0.32731, 0.796952, -0.002831, 0.249541, -0.829509, -0.499644, -1.2e-05, 0.0, 0.0, 0.0, 1.0],
                [0.790962, 0.2415, -0.56219, 0.124994, 0.510335, 0.246497, 0.823892, -0.002831, 0.337549, -0.938571, 0.071723, -1.1e-05, 0.0, 0.0, 0.0, 1.0],
                [0.836115, 0.229024, -0.498458, 0.124994, 0.460591, 0.200429, 0.864687, -0.002831, 0.29794, -0.952562, 0.062095, -1.1e-05, 0.0, 0.0, 0.0, 1.0],
                [0.888023, 0.106147, -0.447381, 0.124994, 0.456167, -0.081304, 0.886172, -0.002831, 0.057691, -0.99102, -0.12062, -1.2e-05, 0.0, 0.0, 0.0, 1.0],
                [0.924217, 0.302239, -0.233399, 0.124994, 0.361495, -0.495496, 0.789813, -0.002831, 0.123064, -0.814331, -0.567204, -1.1e-05, 0.0, 0.0, 0.0, 1.0],
                [0.926602, 0.372639, 0.050482, 0.124994, 0.29997, -0.813419, 0.498364, -0.002831, 0.226773, -0.446642, -0.865497, -1.1e-05, 0.0, 0.0, 0.0, 1.0],
                [0.598682, 0.49831, 0.62711, 0.124993, 0.44226, -0.858408, 0.259889, -0.002831, 0.667822, 0.121755, -0.734295, -1.2e-05, 0.0, 0.0, 0.0, 1.0],
                [0.732533, 0.387976, 0.559348, 0.124994, 0.241381, -0.916336, 0.319472, -0.002831, 0.636499, -0.099008, -0.764896, -1.1e-05, 0.0, 0.0, 0.0, 1.0],
                [0.926714, 0.20237, 0.31662, 0.124994, 0.204058, -0.978553, 0.028194, -0.002831, 0.315535, 0.038481, -0.948133, -1.2e-05, 0.0, 0.0, 0.0, 1.0]
            ]
        },
        {
            "name": "Leg_R",
            "time": [0.0, 0.1667, 0.3333, 0.5, 0.6667, 0.8333, 1.0, 1.3333, 1.6667, 1.8333, 2.0, 2.1667, 2.3333, 2.6667, 3.0, 3.3333],
            "transform": [
                [1.0, -0.0, -1e-06, 0.0, 1e-06, -0.039899, 0.999204, 0.37472, -0.0, -0.999203, -0.039899, -0.0, 0.0, 0.0, 0.0, 1.0],
                [1.0, -0.0, -0.0, -0.0, 1e-06, 0.3757, 0.926741, 0.37472, -0.0, -0.926741, 0.3757, -0.0, 0.0, 0.0, 0.0, 1.0],
                [1.0, -1e-06, 0.0, -0.0, 0.0, 0.724436, 0.689342, 0.37472, -0.0, -0.689342, 0.724436, -0.0, 0.0, 0.0, 0.0, 1.0],
                [1.0, -1e-06, 0.0, 0.0, 0.0, 0.859159, 0.511709, 0.37472, -0.0, -0.511709, 0.859159, -0.0, 0.0, 0.0, 0.0, 1.0],
                [1.0, -0.0, 0.0, 0.0, 0.0, 0.951178, 0.308644, 0.37472, -0.0, -0.308644, 0.951177, -0.0, 0.0, 0.0, 0.0, 1.0],
                [1.0, -0.0, -0.0, 0.0, 0.0, 0.540152, 0.841567, 0.37472, -0.0, -0.841567, 0.540152, 0.0, 0.0, 0.0, 0.0, 1.0],
                [1.0, -0.0, -0.0, -0.0, 0.0, -0.116078, 0.993241, 0.37472, -0.0, -0.99324, -0.116078, 0.0, 0.0, 0.0, 0.0, 1.0],
                [1.000001, 0.0, -0.0, -0.0, 1e-06, -0.764895, 0.644155, 0.374719, -0.0, -0.644155, -0.764895, -0.0, 0.0, 0.0, 0.0, 1.0],
                [1.0, 0.0, -0.0, -0.0, 0.0, -0.480429, 0.877033, 0.374721, -0.0, -0.877033, -0.480429, -0.0, 0.0, 0.0, 0.0, 1.0],
                [1.0, -0.0, -1e-06, -0.0, 1e-06, -0.345538, 0.938405, 0.37472, -0.0, -0.938404, -0.345538, 0.0, 0.0, 0.0, 0.0, 1.0],
                [1.0, -0.0, -1e-06, -0.0, 1e-06, -0.063013, 0.998013, 0.37472, -0.0, -0.998012, -0.063013, 0.0, 0.0, 0.0, 0.0, 1.0],
                [1.0, -0.0, -0.0, -0.0, 0.0, 0.310054, 0.950719, 0.37472, -0.0, -0.950719, 0.310054, 0.0, 0.0, 0.0, 0.0, 1.0],
                [1.0, -0.0, -0.0, 0.0, 0.0, 0.639275, 0.768978, 0.37472, -0.0, -0.768979, 0.639275, 0.0, 0.0, 0.0, 0.0, 1.0],
                [1.0, -0.0, 0.0, -0.0, 0.0, 0.876379, 0.481623, 0.37472, -0.0, -0.481624, 0.876378, 0.0, 0.0, 0.0, 0.0, 1.0],
                [1.0, -0.0, -0.0, -0.0, 0.0, 0.843163, 0.537658, 0.37472, -0.0, -0.537658, 0.843162, -1e-06, 0.0, 0.0, 0.0, 1.0],
                [1.0, -0.0, 0.0, 0.0, 0.0, 0.979514, 0.201379, 0.37472, -0.0, -0.201379, 0.979513, 1e-06, 0.0, 0.0, 0.0, 1.0]
            ]
        },
        {
            "name": "Knee_R",
            "time": [0.0, 0.1667, 0.3333, 0.5, 0.6667, 0.8333, 1.0, 1.3333, 1.6667, 1.8333, 2.0, 2.1667, 2.3333, 2.6667, 3.0, 3.3333],
            "transform": [
                [1.0, 0.0, -1e-06, 0.0, -0.0, 0.0, -1.0, 0.37472, -0.0, 1.0, 0.0, -0.0, 0.0, 0.0, 0.0, 1.0],
                [1.0, 0.0, -0.0, -0.0, -0.0, 0.0, -1.0, 0.37472, -0.0, 1.0, 0.0, -0.0, 0.0, 0.0, 0.0, 1.0],
                [1.0, 0.0, -0.0, -0.0, -0.0, 0.0, -1.0, 0.37472, -0.0, 1.0, 0.0, -0.0, 0.0, 0.0, 0.0, 1.0],
                [1.0, 0.0, -0.0, 0.0, -0.0, 0.0, -1.0, 0.37472, -0.0, 1.0, 0.0, -0.0, 0.0, 0.0, 0.0, 1.0],
                [1.0, 0.0, -0.0, 0.0, -0.0, 0.0, -1.0, 0.37472, -0.0, 1.0, 0.0, -0.0, 0.0, 0.0, 0.0, 1.0],
                [1.0, 0.0, -0.0, 0.0, -0.0, 0.0, -1.0, 0.37472, -0.0, 1.0, 0.0, 0.0, 0.0, 0.0, 0.0, 1.0],
                [1.0, 0.0, -0.0, -0.0, -0.0, 0.0, -1.0, 0.37472, -0.0, 1.0, 0.0, 0.0, 0.0, 0.0, 0.0, 1.0],
                [1.0, 0.0, -0.0, -0.0, -0.0, 0.0, -1.0, 0.374719, -0.0, 1.0, 0.0, -0.0, 0.0, 0.0, 0.0, 1.0],
                [1.0, 0.0, -0.0, -0.0, -0.0, 0.0, -1.0, 0.374721, -0.0, 1.0, 0.0, -0.0, 0.0, 0.0, 0.0, 1.0],
                [1.0, 0.0, -0.0, -0.0, -0.0, 0.0, -1.0, 0.37472, -0.0, 1.0, 0.0, 0.0, 0.0, 0.0, 0.0, 1.0],
                [1.0, 0.0, -0.0, -0.0, -0.0, 0.0, -1.0, 0.37472, -0.0, 1.0, 0.0, 0.0, 0.0, 0.0, 0.0, 1.0],
                [1.0, 0.0, -0.0, -0.0, -0.0, 0.0, -1.0, 0.37472, -0.0, 1.0, 0.0, 0.0, 0.0, 0.0, 0.0, 1.0],
                [1.0, 0.0, -0.0, 0.0, -0.0, 0.0, -1.0, 0.37472, -0.0, 1.0, 0.0, 0.0, 0.0, 0.0, 0.0, 1.0],
                [1.0, 0.0, -0.0, -0.0, -0.0, 0.0, -1.0, 0.37472, -0.0, 1.0, 0.0, 0.0, 0.0, 0.0, 0.0, 1.0],
                [1.0, 0.0, -0.0, -0.0, -0.0, 0.0, -1.0, 0.37472, -0.0, 1.0, 0.0, -1e-06, 0.0, 0.0, 0.0, 1.0],
                [1.0, 0.0, -0.0, 0.0, -1e-06, 0.0, -1.0, 0.37472, -0.0, 1.0, 0.0, 1e-06, 0.0, 0.0, 0.0, 1.0]
            ]
        },
        {
            "name": "Thigh_L",
            "time": [0.0, 0.1667, 0.3333, 0.5, 0.6667, 0.8333, 1.0, 1.3333, 1.6667, 1.8333, 2.0, 2.1667, 2.3333, 2.6667, 3.0, 3.3333],
            "transform": [
                [0.864668, -0.463087, 0.194678, -0.125006, -0.097347, 0.225728, 0.969315, -0.002831, -0.492822, -0.857086, 0.1501, -1.2e-05, 0.0, 0.0, 0.0, 1.0],
                [0.426639, 0.588396, 0.686855, -0.008699, -0.538187, -0.445181, 0.715659, 0.006516, 0.726866, -0.674984, 0.126735, -0.034992, 0.0, 0.0, 0.0, 1.0],
                [-0.754552, 0.209696, 0.621835, 0.107608, 0.150774, -0.866827, 0.475266, 0.015862, 0.638685, 0.45237, 0.622449, -0.069973, 0.0, 0.0, 0.0, 1.0],
                [-0.979805, -0.041069, 0.195693, 0.082937, 0.180534, -0.602446, 0.777474, -0.027245, 0.085964, 0.797102, 0.597694, -0.031134, 0.0, 0.0, 0.0, 1.0],
                [-0.883819, -0.439578, -0.160114, 0.058266, -0.022148, -0.302549, 0.952877, -0.070352, -0.467306, 0.845716, 0.257663, 0.007705, 0.0, 0.0, 0.0, 1.0],
                [-0.336057, -0.433252, -0.836276, -0.03337, -0.703806, -0.474523, 0.528662, -0.031035, -0.625877, 0.766237, -0.145459, 0.053851, 0.0, 0.0, 0.0, 1.0],
                [0.520896, -0.282225, -0.805616, -0.125006, -0.756981, -0.588904, -0.283144, 0.008281, -0.394521, 0.757325, -0.520397, 0.099997, 0.0, 0.0, 0.0, 1.0],
                [0.61493, -0.757298, -0.219911, -0.125006, -0.760771, -0.643115, 0.087346, -0.002831, -0.207575, 0.11359, -0.971602, -1.1e-05, 0.0, 0.0, 0.0, 1.0],
                [0.749575, -0.599547, -0.2805, -0.125006, -0.539805, -0.798938, 0.265156, -0.002831, -0.383076, -0.04734, -0.922503, -1.2e-05, 0.0, 0.0, 0.0, 1.0],
                [0.789725, -0.569565, -0.22788, -0.125006, -0.465836, -0.798478, 0.381353, -0.002831, -0.399162, -0.195009, -0.895903, -1.2e-05, 0.0, 0.0, 0.0, 1.0],
                [0.855288, -0.50407, -0.11998, -0.125006, -0.346921, -0.729075, 0.589997, -0.002831, -0.384874, -0.462993, -0.798442, -1.1e-05, 0.0, 0.0, 0.0, 1.0],
                [0.948334, -0.310406, 0.065656, -0.125006, -0.280482, -0.723492, 0.630784, -0.002831, -0.148298, -0.616609, -0.773176, -1.1e-05, 0.0, 0.0, 0.0, 1.0],
                [0.96863, -0.082861, 0.234284, -0.125006, -0.224041, -0.699086, 0.679031, -0.002831, 0.10752, -0.71022, -0.695721, -1.2e-05, 0.0, 0.0, 0.0, 1.0],
                [0.906797, -0.071792, 0.415409, -0.125006, -0.152683, -0.974422, 0.164891, -0.002831, 0.392946, -0.212948, -0.894565, -1.2e-05, 0.0, 0.0, 0.0, 1.0],
                [0.978129, -0.138068, 0.155568, -0.125006, -0.180149, -0.936198, 0.301794, -0.002831, 0.103974, -0.323219, -0.940595, -1.2e-05, 0.0, 0.0, 0.0, 1.0],
                [0.962029, -0.199825, -0.185932, -0.125006, -0.147084, -0.953361, 0.263569, -0.002831, -0.229928, -0.226213, -0.946552, -1.2e-05, 0.0, 0.0, 0.0, 1.0]
            ]
        },
        {
            "name": "Leg_L",
            "time": [0.0, 0.1667, 0.3333, 0.5, 0.6667, 0.8333, 1.0, 1.3333, 1.6667, 1.8333, 2.0, 2.1667, 2.3333, 2.6667, 3.0, 3.3333],
            "transform": [
                [1.0, 0.0, -0.0, 0.0, 0.0, -0.016356, 0.999867, 0.37472, 0.0, -0.999866, -0.016356, 0.0, 0.0, 0.0, 0.0, 1.0],
                [1.0, 0.0, -0.0, -0.0, 0.0, 0.073766, 0.997276, 0.37472, 0.0, -0.997275, 0.073766, 0.0, 0.0, 0.0, 0.0, 1.0],
                [1.0, 0.0, -0.0, -0.0, 0.0, 0.163292, 0.986578, 0.37472, 0.0, -0.986578, 0.163292, 0.0, 0.0, 0.0, 0.0, 1.0],
                [1.0, 0.0, -0.0, -0.0, 0.0, 0.120004, 0.992774, 0.37472, 0.0, -0.992773, 0.120004, 0.0, 0.0, 0.0, 0.0, 1.0],
                [1.0, 0.0, -0.0, 0.0, 0.0, 0.076489, 0.997071, 0.37472, 0.0, -0.99707, 0.076489, -0.0, 0.0, 0.0, 0.0, 1.0],
                [0.999999, -0.0, -0.0, -0.0, 0.0, 0.566963, 0.823743, 0.37472, 0.0, -0.823743, 0.566964, -0.0, 0.0, 0.0, 0.0, 1.0],
                [0.999999, -0.0, -0.0, -0.0, 0.0, 0.904038, 0.427453, 0.37472, 0.0, -0.427453, 0.904038, 0.0, 0.0, 0.0, 0.0, 1.0],
                [1.0, 0.0, -0.0, -0.0, 0.0, -0.139436, 0.990232, 0.37472, 0.0, -0.99023, -0.139437, 0.0, 0.0, 0.0, 0.0, 1.0],
                [1.0, 0.0, 0.0, 0.0, -0.0, -0.539134, 0.842221, 0.37472, 0.0, -0.84222, -0.539135, 0.0, 0.0, 0.0, 0.0, 1.0],
                [1.0, 0.0, 0.0, 0.0, 0.0, -0.55022, 0.83502, 0.37472, 0.0, -0.83502, -0.550221, -1e-06, 0.0, 0.0, 0.0, 1.0],
                [1.0, 0.0, 0.0, 0.0, 0.0, -0.47331, 0.880897, 0.37472, 0.0, -0.880896, -0.47331, 0.0, 0.0, 0.0, 0.0, 1.0],
                [0.999999, 0.0, -0.0, -0.0, 0.0, 0.057332, 0.998356, 0.37472, 0.0, -0.998355, 0.057332, 0.0, 0.0, 0.0, 0.0, 1.0],
                [1.0, 0.0, -0.0, 0.0, 0.0, 0.571039, 0.820923, 0.37472, 0.0, -0.820922, 0.57104, 1e-06, 0.0, 0.0, 0.0, 1.0],
                [1.0, -0.0, 0.0, 0.0, 0.0, 0.744601, 0.667509, 0.37472, -0.0, -0.667509, 0.744602, -0.0, 0.0, 0.0, 0.0, 1.0],
                [1.0, 0.0, 0.0, 0.0, -0.0, 0.75348, 0.657471, 0.37472, 0.0, -0.657471, 0.75348, -0.0, 0.0, 0.0, 0.0, 1.0],
                [0.999999, -0.0, 0.0, 0.0, 0.0, 0.940238, 0.340519, 0.37472, -0.0, -0.340519, 0.940238, -0.0, 0.0, 0.0, 0.0, 1.0]
            ]
        },
        {
            "name": "Knee_L",
            "time": [0.0, 0.1667, 0.3333, 0.5, 0.6667, 0.8333, 1.0, 1.3333, 1.6667, 1.8333, 2.0, 2.1667, 2.3333, 2.6667, 3.0, 3.3333],
            "transform": [
                [1.0, 0.0, -1e-06, 0.0, -1e-06, 0.0, -1.0, 0.37472, -0.0, 1.0, 0.0, 0.0, 0.0, 0.0, 0.0, 1.0],
                [1.0, 0.0, -0.0, -0.0, -0.0, 0.0, -1.0, 0.37472, -0.0, 1.0, 0.0, 0.0, 0.0, 0.0, 0.0, 1.0],
                [1.0, 0.0, -0.0, -0.0, -0.0, 0.0, -1.0, 0.37472, -0.0, 1.0, 0.0, 0.0, 0.0, 0.0, 0.0, 1.0],
                [1.0, 0.0, -0.0, -0.0, -0.0, 0.0, -1.0, 0.37472, -0.0, 1.0, 0.0, 0.0, 0.0, 0.0, 0.0, 1.0],
                [1.0, 0.0, -0.0, 0.0, -0.0, 0.0, -1.0, 0.37472, -0.0, 1.0, 0.0, -0.0, 0.0, 0.0, 0.0, 1.0],
                [1.0, 0.0, -0.0, -0.0, -1e-06, 0.0, -1.0, 0.37472, -0.0, 1.0, 0.0, -0.0, 0.0, 0.0, 0.0, 1.0],
                [1.0, 0.0, -0.0, -0.0, -1e-06, 0.0, -1.0, 0.37472, -0.0, 1.0, 0.0, 0.0, 0.0, 0.0, 0.0, 1.0],
                [1.0, 0.0, -1e-06, -0.0, -1e-06, 0.0, -1.0, 0.37472, -0.0, 1.0, 0.0, 0.0, 0.0, 0.0, 0.0, 1.0],
                [1.0, 0.0, -0.0, 0.0, -0.0, 0.0, -1.0, 0.37472, -0.0, 1.0, 0.0, 0.0, 0.0, 0.0, 0.0, 1.0],
                [1.0, 0.0, -0.0, 0.0, -1e-06, 0.0, -1.0, 0.37472, -0.0, 1.0, 0.0, -1e-06, 0.0, 0.0, 0.0, 1.0],
                [1.0, 0.0, -1e-06, 0.0, -0.0, 0.0, -1.0, 0.37472, -0.0, 1.0, 0.0, 0.0, 0.0, 0.0, 0.0, 1.0],
                [1.0, 0.0, -0.0, -0.0, -0.0, 0.0, -1.0, 0.37472, -0.0, 1.0, 0.0, 0.0, 0.0, 0.0, 0.0, 1.0],
                [1.0, 0.0, -0.0, 0.0, -0.0, 0.0, -1.0, 0.37472, -0.0, 1.0, 0.0, 1e-06, 0.0, 0.0, 0.0, 1.0],
                [1.0, 0.0, -0.0, 0.0, -0.0, 0.0, -1.0, 0.37472, -0.0, 1.0, 0.0, -0.0, 0.0, 0.0, 0.0, 1.0],
                [1.0, 0.0, -0.0, 0.0, -0.0, 0.0, -1.0, 0.37472, -0.0, 1.0, 0.0, -0.0, 0.0, 0.0, 0.0, 1.0],
                [1.0, 0.0, -0.0, 0.0, -0.0, 0.0, -1.0, 0.37472, -0.0, 1.0, 0.0, -0.0, 0.0, 0.0, 0.0, 1.0]
            ]
        },
        {
            "name": "Torso",
            "time": [0.0, 0.1667, 0.3333, 0.5, 0.6667, 0.8333, 1.0, 1.3333, 1.6667, 1.8333, 2.0, 2.1667, 2.3333, 2.6667, 3.0, 3.3333],
            "transform": [
                [0.852173, 0.110527, 0.511454, 0.0, -0.130753, 0.991408, 0.003611, 0.05, -0.50666, -0.069951, 0.859303, 0.0, 0.0, 0.0, 0.0, 1.0],
                [0.52992, 0.029522, -0.847534, -0.0, 0.039936, 0.997416, 0.059712, 0.05, 0.847107, -0.06549, 0.527372, -0.0, 0.0, 0.0, 0.0, 1.0],
                [-0.837615, 0.02315, -0.545771, -0.0, 0.099041, 0.988979, -0.110051, 0.05, 0.537208, -0.146234, -0.830676, 0.0, 0.0, 0.0, 0.0, 1.0],
                [-0.908056, 0.234836, 0.346824, -0.0, 0.265684, 0.963078, 0.04351, 0.05, -0.323801, 0.131655, -0.936921, 0.0, 0.0, 0.0, 0.0, 1.0],
                [-0.234672, 0.129353, 0.96343, -0.0, 0.473081, 0.881014, -0.003054, 0.05, -0.84919, 0.455063, -0.267944, -0.0, 0.0, 0.0, 0.0, 1.0],
                [0.358924, 0.015304, 0.933241, -0.0, 0.080367, 0.995645, -0.047237, 0.05, -0.9299, 0.091956, 0.356131, -0.0, 0.0, 0.0, 0.0, 1.0],
                [0.817389, 0.14194, 0.558326, 0.0, -0.273137, 0.9488, 0.158664, 0.05, -0.507219, -0.28219, 0.814308, -0.0, 0.0, 0.0, 0.0, 1.0],
                [0.968139, -0.123308, -0.21795, -0.0, 0.195875, 0.915152, 0.352322, 0.05, 0.156013, -0.383788, 0.910147, 0.0, 0.0, 0.0, 0.0, 1.0],
                [0.974791, -0.118385, -0.189121, 0.0, 0.182603, 0.910369, 0.37133, 0.05, 0.12821, -0.396503, 0.909037, 0.0, 0.0, 0.0, 0.0, 1.0],
                [0.982008, -0.062882, -0.178061, 0.0, 0.120763, 0.934032, 0.336154, 0.05, 0.145177, -0.351609, 0.924821, 0.0, 0.0, 0.0, 0.0, 1.0],
                [0.996094, 0.033689, -0.081618, -0.0, -0.010053, 0.961613, 0.274226, 0.05, 0.087723, -0.272334, 0.958196, 0.0, 0.0, 0.0, 0.0, 1.0],
                [0.987337, 0.009269, -0.158366, -0.0, 0.006093, 0.995339, 0.096246, 0.05, 0.15852, -0.095992, 0.982678, 0.0, 0.0, 0.0, 0.0, 1.0],
                [0.973101, -0.0285, -0.228609, 0.0, 0.009071, 0.996289, -0.085593, 0.05, 0.2302, 0.081217, 0.969748, 0.0, 0.0, 0.0, 0.0, 1.0],
                [0.720889, -0.169949, -0.67189, -0.0, 0.05117, 0.979874, -0.19295, 0.05, 0.691159, 0.104715, 0.715076, 0.0, 0.0, 0.0, 0.0, 1.0],
                [0.869985, -0.09697, -0.483449, -0.0, 0.078634, 0.995208, -0.058115, 0.05, 0.486768, 0.012544, 0.873441, 0.0, 0.0, 0.0, 0.0, 1.0],
                [0.991589, -0.010832, -0.128974, -0.0, 0.007348, 0.999596, -0.027462, 0.05, 0.129219, 0.026283, 0.991268, 0.0, 0.0, 0.0, 0.0, 1.0]
            ]
        },
        {
            "name": "Chest",
            "time": [0.0, 0.1667, 0.3333, 0.5, 0.6667, 0.8333, 1.0, 1.3333, 1.6667, 1.8333, 2.0, 2.1667, 2.3333, 2.6667, 3.0, 3.3333],
            "transform": [
                [0.883185, -0.170333, 0.437002, 0.0, -0.056956, 0.885881, 0.460403, 0.3, -0.465554, -0.431511, 0.772695, 0.0, 0.0, 0.0, 0.0, 1.0],
                [0.962842, -0.005311, 0.270013, 0.0, -0.106389, 0.9115, 0.397302, 0.3, -0.248226, -0.411266, 0.877065, 0.0, 0.0, 0.0, 0.0, 1.0],
                [0.985272, 0.151496, 0.079297, -0.0, -0.169667, 0.923808, 0.343209, 0.3, -0.02126, -0.351608, 0.935906, -0.0, 0.0, 0.0, 0.0, 1.0],
                [0.96517, 0.077811, 0.249785, -0.0, -0.131942, 0.969209, 0.207904, 0.3, -0.225917, -0.23362, 0.945718, 0.0, 0.0, 0.0, 0.0, 1.0],
                [0.907142, 0.027066, 0.419954, 0.0, -0.065951, 0.994742, 0.078349, 0.3, -0.415625, -0.09877, 0.904157, -0.0, 0.0, 0.0, 0.0, 1.0],
                [0.946224, 0.074841, 0.314735, -0.0, -0.077256, 0.997, -0.004815, 0.3, -0.314151, -0.019759, 0.949167, -0.0, 0.0, 0.0, 0.0, 1.0],
                [0.972823, 0.113174, 0.20201, -0.0, -0.097463, 0.991505, -0.086129, 0.3, -0.210041, 0.0641, 0.975589, 0.0, 0.0, 0.0, 0.0, 1.0],
                [0.976029, 0.027242, -0.215931, 0.0, 0.156823, 0.59992, 0.78454, 0.3, 0.150914, -0.799596, 0.581266, 0.0, 0.0, 0.0, 0.0, 1.0],
                [0.930488, 0.126267, -0.343872, 0.0, 0.164316, 0.695117, 0.699866, 0.3, 0.327402, -0.707721, 0.626051, 0.0, 0.0, 0.0, 0.0, 1.0],
                [0.912489, 0.161519, -0.375866, -0.0, 0.156056, 0.711861, 0.684763, 0.3, 0.378167, -0.683495, 0.624359, 0.0, 0.0, 0.0, 0.0, 1.0],
                [0.965998, 0.161592, -0.201831, -0.0, 0.024803, 0.71911, 0.694453, 0.3, 0.257357, -0.675846, 0.690651, 1e-06, 0.0, 0.0, 0.0, 1.0],
                [0.993999, 0.078415, -0.076266, 0.0, -0.029596, 0.864002, 0.502618, 0.3, 0.105307, -0.497345, 0.861138, 0.0, 0.0, 0.0, 0.0, 1.0],
                [0.997315, 0.027083, 0.068036, 0.0, -0.04491, 0.960066, 0.276144, 0.3, -0.05784, -0.278458, 0.958706, 0.0, 0.0, 0.0, 0.0, 1.0],
                [0.999178, 0.040457, -0.002645, -0.0, -0.039411, 0.984501, 0.17089, 0.3, 0.009517, -0.170646, 0.985287, 0.0, 0.0, 0.0, 0.0, 1.0],
                [0.960123, -0.070434, -0.27056, -0.0, 0.105205, 0.987636, 0.116228, 0.3, 0.259028, -0.140057, 0.955661, 0.0, 0.0, 0.0, 0.0, 1.0],
                [0.948853, -0.025949, -0.31465, 0.0, 0.047088, 0.997101, 0.059768, 0.3, 0.312187, -0.071527, 0.947325, 1e-06, 0.0, 0.0, 0.0, 1.0]
            ]
        },
        {
            "name": "Head",
            "time": [0.0, 0.1667, 0.3333, 0.5, 0.6667, 0.8333, 1.0, 1.3333, 1.6667, 1.8333, 2.0, 2.1667, 2.3333, 2.6667, 3.0, 3.3333],
            "transform": [
                [0.61755, 0.237814, -0.749717, -0.0, -0.475083, 0.872449, -0.114585, 0.4, 0.62684, 0.42694, 0.651762, 0.0, 0.0, 0.0, 0.0, 1.0],
                [0.886391, 0.33353, -0.321044, -0.0, -0.338965, 0.939923, 0.040607, 0.4, 0.3153, 0.072829, 0.946193, 0.0, 0.0, 0.0, 0.0, 1.0],
                [0.954581, 0.237077, 0.180467, -0.0, -0.277484, 0.92799, 0.248671, 0.4, -0.108517, -0.287454, 0.951627, -0.0, 0.0, 0.0, 0.0, 1.0],
                [0.761981, 0.420897, -0.492169, 0.0, -0.339042, 0.90679, 0.250566, 0.4, 0.551756, -0.02406, 0.833659, -0.0, 0.0, 0.0, 0.0, 1.0],
                [0.172923, 0.378488, -0.90931, -0.0, -0.378615, 0.877826, 0.293382, 0.4, 0.909257, 0.293546, 0.295097, 0.0, 0.0, 0.0, 0.0, 1.0],
                [0.415718, 0.216166, -0.883431, 0.0, -0.411686, 0.91086, 0.02915, 0.4, 0.810983, 0.351578, 0.467653, 0.0, 0.0, 0.0, 0.0, 1.0],
                [0.638058, 0.063648, -0.767353, 0.0, -0.373831, 0.89685, -0.236454, 0.4, 0.673151, 0.437732, 0.596036, -0.0, 0.0, 0.0, 0.0, 1.0],
                [0.951553, 0.28693, 0.110538, 0.0, -0.174475, 0.799854, -0.574275, 0.4, -0.253191, 0.527167, 0.811165, -0.0, 0.0, 0.0, 0.0, 1.0],
                [0.925154, -0.005541, 0.379551, 0.0, 0.174845, 0.893727, -0.413137, 0.399999, -0.336926, 0.448578, 0.827804, -0.0, 0.0, 0.0, 0.0, 1.0],
                [0.886, 0.066963, 0.458825, -0.0, 0.197029, 0.841373, -0.503261, 0.4, -0.419742, 0.536291, 0.732263, 0.0, 0.0, 0.0, 0.0, 1.0],
                [0.89961, 0.178341, 0.398617, 0.0, 0.074816, 0.836369, -0.543037, 0.4, -0.430236, 0.518345, 0.739064, -0.0, 0.0, 0.0, 0.0, 1.0],
                [0.947612, 0.107111, 0.300928, 0.0, -0.032467, 0.969521, -0.242849, 0.4, -0.317767, 0.220357, 0.922208, -0.0, 0.0, 0.0, 0.0, 1.0],
                [0.980928, 0.074764, 0.179417, 0.0, -0.093191, 0.990954, 0.09657, 0.4, -0.170574, -0.111448, 0.979022, 0.0, 0.0, 0.0, 0.0, 1.0],
                [0.813797, -0.170919, 0.555447, 0.0, 0.076705, 0.979002, 0.188871, 0.4, -0.576064, -0.111097, 0.809819, 0.0, 0.0, 0.0, 0.0, 1.0],
                [0.783349, 0.167836, 0.598494, 0.0, -0.121182, 0.985617, -0.117786, 0.4, -0.609655, 0.01974, 0.792421, -0.0, 0.0, 0.0, 0.0, 1.0],
                [0.887448, 0.220814, 0.40457, -0.0, -0.144234, 0.966731, -0.211254, 0.4, -0.437758, 0.129124, 0.889773, 0.0, 0.0, 0.0, 0.0, 1.0]
            ]
        },
        {
            "name": "Shoulder_R",
            "time": [0.0, 0.1667, 0.3333, 0.5, 0.6667, 0.8333, 1.0, 1.3333, 1.6667, 1.8333, 2.0, 2.1667, 2.3333, 2.6667, 3.0, 3.3333],
            "transform": [
                [-0.396188, 0.241347, -0.885879, -0.0, 0.675681, -0.576647, -0.459277, 0.4, -0.621689, -0.780532, 0.065386, 0.0, 0.0, 0.0, 0.0, 1.0],
                [-0.347715, 0.346122, -0.871372, -0.0, 0.787984, -0.395774, -0.471642, 0.4, -0.508116, -0.850625, -0.135121, 0.0, 0.0, 0.0, 0.0, 1.0],
                [-0.316028, 0.451759, -0.834288, -0.0, 0.87417, -0.203104, -0.44111, 0.4, -0.368725, -0.868713, -0.330726, -0.0, 0.0, 0.0, 0.0, 1.0],
                [-0.345959, 0.223215, -0.911309, 0.0, 0.903685, -0.181942, -0.387626, 0.4, -0.252331, -0.957639, -0.138771, -0.0, 0.0, 0.0, 0.0, 1.0],
                [-0.346047, -0.018327, -0.938035, -0.0, 0.929001, -0.146505, -0.339848, 0.4, -0.131199, -0.98904, 0.067723, 0.0, 0.0, 0.0, 0.0, 1.0],
                [-0.42838, 0.088575, -0.899244, 0.0, 0.876486, -0.201233, -0.437356, 0.4, -0.219698, -0.97553, 0.008569, 0.0, 0.0, 0.0, 0.0, 1.0],
                [-0.496206, 0.198949, -0.845101, 0.0, 0.810443, -0.242982, -0.533052, 0.4, -0.311397, -0.94941, -0.040667, -0.0, 0.0, 0.0, 0.0, 1.0],
                [0.54874, 0.833009, -0.070582, 0.0, 0.688393, -0.498146, -0.527225, 0.4, -0.474346, 0.240722, -0.846785, -0.0, 0.0, 0.0, 0.0, 1.0],
                [0.349337, 0.905271, -0.241761, 0.0, 0.811345, -0.421313, -0.405239, 0.399999, -0.468711, -0.054587, -0.881661, -0.0, 0.0, 0.0, 0.0, 1.0],
                [0.209372, 0.940183, -0.268735, -0.0, 0.839378, -0.313784, -0.443832, 0.4, -0.501611, -0.132644, -0.854862, 0.0, 0.0, 0.0, 0.0, 1.0],
                [0.079491, 0.885244, -0.458282, 0.0, 0.80594, -0.327631, -0.493074, 0.4, -0.586642, -0.330153, -0.739493, -0.0, 0.0, 0.0, 0.0, 1.0],
                [-0.107448, 0.789169, -0.604702, 0.0, 0.840618, -0.252655, -0.479093, 0.4, -0.53087, -0.559801, -0.636239, -0.0, 0.0, 0.0, 0.0, 1.0],
                [-0.275959, 0.635388, -0.721197, 0.0, 0.860358, -0.171238, -0.480068, 0.4, -0.428529, -0.752966, -0.499404, 0.0, 0.0, 0.0, 0.0, 1.0],
                [-0.201702, 0.616166, -0.761349, 0.0, 0.923241, -0.139936, -0.35784, 0.4, -0.327031, -0.775085, -0.540641, 0.0, 0.0, 0.0, 0.0, 1.0],
                [0.150671, 0.927438, -0.342282, 0.0, 0.875034, -0.28623, -0.390373, 0.4, -0.46002, -0.240691, -0.854661, -0.0, 0.0, 0.0, 0.0, 1.0],
                [0.33262, 0.86292, -0.380437, -0.0, 0.838047, -0.455464, -0.30039, 0.4, -0.432492, -0.218908, -0.874657, 0.0, 0.0, 0.0, 0.0, 1.0]
            ]
        },
        {
            "name": "Arm_R",
            "time": [0.0, 0.1667, 0.3333, 0.5, 0.6667, 0.8333, 1.0, 1.3333, 1.6667, 1.8333, 2.0, 2.1667, 2.3333, 2.6667, 3.0, 3.3333],
            "transform": [
                [0.335864, -0.018972, 0.941723, 0.0, 0.775835, 0.572507, -0.265169, 0.39386, -0.534112, 0.819676, 0.207005, 0.0, 0.0, 0.0, 0.0, 1.0],
                [0.344475, 0.206276, 0.915856, -0.0, 0.546164, 0.74944, -0.374222, 0.39386, -0.763574, 0.629113, 0.145504, -0.0, 0.0, 0.0, 0.0, 1.0],
                [0.280028, 0.417703, 0.864354, -0.0, 0.269608, 0.829916, -0.488411, 0.39386, -0.921358, 0.369803, 0.119784, 0.0, 0.0, 0.0, 0.0, 1.0],
                [0.415837, 0.603871, 0.680014, 0.0, -0.149863, 0.783003, -0.603692, 0.393861, -0.897008, 0.149127, 0.416101, -0.0, 0.0, 0.0, 0.0, 1.0],
                [0.425903, 0.78599, 0.448134, 0.0, -0.552574, 0.618162, -0.55905, 0.393861, -0.716428, -0.009526, 0.697598, 0.0, 0.0, 0.0, 0.0, 1.0],
                [0.598319, 0.582131, 0.550579, -0.0, -0.438771, 0.812995, -0.382775, 0.393861, -0.670444, -0.012557, 0.741855, 0.0, 0.0, 0.0, 0.0, 1.0],
                [0.729688, 0.332464, 0.597515, 0.0, -0.279418, 0.942526, -0.18321, 0.39386, -0.624086, -0.03327, 0.780649, -0.0, 0.0, 0.0, 0.0, 1.0],
                [0.630648, -0.706804, 0.320481, -0.0, 0.43328, 0.663268, 0.610199, 0.393861, -0.643855, -0.245962, 0.724539, -0.0, 0.0, 0.0, 0.0, 1.0],
                [0.412378, -0.835852, 0.362341, 0.0, 0.261533, 0.489607, 0.831798, 0.39386, -0.872665, -0.24825, 0.42051, 0.0, 0.0, 0.0, 0.0, 1.0],
                [0.437473, -0.763075, 0.475745, -1e-06, 0.287359, 0.619944, 0.730134, 0.39386, -0.852082, -0.182702, 0.490488, -0.0, 0.0, 0.0, 0.0, 1.0],
                [0.235966, -0.546817, 0.803313, -0.0, -0.047454, 0.819182, 0.571564, 0.393861, -0.970604, -0.172989, 0.167351, -0.0, 0.0, 0.0, 0.0, 1.0],
                [0.051959, -0.34547, 0.936992, -1e-06, -0.087374, 0.933082, 0.348878, 0.39386, -0.994822, -0.099996, 0.018297, 0.0, 0.0, 0.0, 0.0, 1.0],
                [-0.137566, -0.112801, 0.984051, -0.0, -0.079462, 0.991544, 0.102553, 0.393861, -0.987303, -0.064086, -0.145367, -0.0, 0.0, 0.0, 0.0, 1.0],
                [-0.561613, -0.134181, 0.816451, -0.0, 0.203943, 0.933863, 0.293767, 0.393861, -0.801873, 0.33149, -0.497108, -0.0, 0.0, 0.0, 0.0, 1.0],
                [0.671982, -0.717421, 0.183693, 0.0, 0.598195, 0.672058, 0.436462, 0.393861, -0.436577, -0.183409, 0.880777, 0.0, 0.0, 0.0, 0.0, 1.0],
                [0.573281, -0.752198, 0.324872, -0.0, 0.642878, 0.658756, 0.390827, 0.39386, -0.507988, -0.015201, 0.861235, -0.0, 0.0, 0.0, 0.0, 1.0]
            ]
        },
        {
            "name": "Hand_R",
            "time": [0.0, 0.1667, 0.3333, 0.5, 0.6667, 0.8333, 1.0, 1.3333, 1.6667, 1.8333, 2.0, 2.1667, 2.3333, 2.6667, 3.0, 3.3333],
            "transform": [
                [0.999999, -1e-06, -0.0, -0.0, 1e-06, 0.670598, -0.741823, 0.3, 1e-06, 0.741811, 0.670608, 0.0, 0.0, 0.0, 0.0, 1.0],
                [1.0, -1e-06, 0.0, 0.0, 1e-06, 0.649564, -0.760309, 0.3, 1e-06, 0.7603, 0.649572, -0.0, 0.0, 0.0, 0.0, 1.0],
                [1.0, -1e-06, 0.0, -0.0, 1e-06, 0.628021, -0.778198, 0.3, 1e-06, 0.778191, 0.628026, 0.0, 0.0, 0.0, 0.0, 1.0],
                [1.000001, -2e-06, 0.0, 0.0, 1e-06, 0.529752, -0.848153, 0.3, 1e-06, 0.848149, 0.529755, -0.0, 0.0, 0.0, 0.0, 1.0],
                [1.000003, -2e-06, 1e-06, -0.0, 1e-06, 0.423776, -0.905766, 0.3, 1e-06, 0.905765, 0.423777, 0.0, 0.0, 0.0, 0.0, 1.0],
                [1.000003, -2e-06, 1e-06, 0.0, 1e-06, 0.358061, -0.933697, 0.3, 1e-06, 0.933696, 0.358061, 0.0, 0.0, 0.0, 0.0, 1.0],
                [1.000004, -2e-06, 1e-06, -0.0, 1e-06, 0.290519, -0.956867, 0.3, 1e-06, 0.956867, 0.290519, 0.0, 0.0, 0.0, 0.0, 1.0],
                [0.999998, -0.0, -1e-06, 0.0, 0.0, 0.972009, -0.234953, 0.3, 1e-06, 0.234954, 0.972006, -0.0, 0.0, 0.0, 0.0, 1.0],
                [0.999999, -1e-06, -0.0, -0.0, 1e-06, 0.809209, -0.587521, 0.300001, 1e-06, 0.58752, 0.809211, -0.0, 0.0, 0.0, 0.0, 1.0],
                [1.0, -1e-06, -0.0, -0.0, 1e-06, 0.721155, -0.692774, 0.300001, 1e-06, 0.692772, 0.721157, 0.0, 0.0, 0.0, 0.0, 1.0],
                [1.000002, -1e-06, 0.0, -0.0, 1e-06, 0.662446, -0.749109, 0.3, 1e-06, 0.749104, 0.662451, 0.0, 0.0, 0.0, 0.0, 1.0],
                [1.000001, -1e-06, -0.0, 0.0, 1e-06, 0.711129, -0.703061, 0.3, 1e-06, 0.703055, 0.711135, -0.0, 0.0, 0.0, 0.0, 1.0],
                [1.0, -1e-06, -0.0, 0.0, 1e-06, 0.756618, -0.653856, 0.3, 1e-06, 0.653849, 0.756627, 0.0, 0.0, 0.0, 0.0, 1.0],
                [0.999998, -2e-06, 1e-06, -0.0, 1e-06, 0.426107, -0.90468, 0.3, 1e-06, 0.904663, 0.426115, 0.0, 0.0, 0.0, 0.0, 1.0],
                [1.0, -2e-06, 1e-06, -0.0, 1e-06, 0.274277, -0.961654, 0.3, 1e-06, 0.961646, 0.274279, 0.0, 0.0, 0.0, 0.0, 1.0],
                [0.999997, -1e-06, -1e-06, 0.0, 1e-06, 0.881893, -0.471453, 0.3, 1e-06, 0.471453, 0.881893, -0.0, 0.0, 0.0, 0.0, 1.0]
            ]
        },
        {
            "name": "Tool_R",
            "time": [0.0, 0.1667, 0.3333, 0.5, 0.6667, 0.8333, 1.0, 1.3333, 1.6667, 1.8333, 2.0, 2.1667, 2.3333, 2.6667, 3.0, 3.3333],
            "transform": [
                [-0.326418, -0.651249, -0.685078, -0.0, 0.041577, 0.71417, -0.698742, 0.272858, 0.944303, -0.256562, -0.206046, -0.0, 0.0, 0.0, 0.0, 1.0],
                [0.658795, -0.386578, -0.645406, 0.0, -0.149647, 0.773396, -0.616007, 0.272858, 0.737283, 0.502401, 0.451667, -0.0, 0.0, 0.0, 0.0, 1.0],
                [0.914647, 0.40152, -0.046908, 0.0, -0.324788, 0.660801, -0.67665, 0.272858, -0.240691, 0.634128, 0.734814, 0.0, 0.0, 0.0, 0.0, 1.0],
                [0.500825, -0.397639, -0.768804, 0.0, -0.570398, 0.516445, -0.638695, 0.272858, 0.651017, 0.758394, 0.031836, 0.0, 0.0, 0.0, 0.0, 1.0],
                [-0.495858, -0.79527, -0.348807, -0.0, -0.692264, 0.604498, -0.394148, 0.272858, 0.524312, 0.046024, -0.850283, 0.0, 0.0, 0.0, 0.0, 1.0],
                [-0.712691, -0.671021, -0.204456, -0.0, -0.5926, 0.731886, -0.336401, 0.272858, 0.375374, -0.118588, -0.919257, 0.0, 0.0, 0.0, 0.0, 1.0],
                [-0.869409, -0.492444, -0.040412, -1e-06, -0.458637, 0.834718, -0.304784, 0.272858, 0.183824, -0.246445, -0.951564, 0.0, 0.0, 0.0, 0.0, 1.0],
                [-0.846798, -0.518577, 0.118365, 0.0, -0.157656, 0.032166, -0.986969, 0.272859, 0.508012, -0.854428, -0.108994, -0.0, 0.0, 0.0, 0.0, 1.0],
                [-0.623624, -0.777189, 0.084078, 0.0, -0.154821, 0.01737, -0.987792, 0.272858, 0.766234, -0.62903, -0.131159, -1e-06, 0.0, 0.0, 0.0, 1.0],
                [-0.45889, -0.883683, 0.092319, 0.0, -0.306193, 0.059748, -0.950096, 0.272858, 0.834062, -0.464256, -0.297997, -1e-06, 0.0, 0.0, 0.0, 1.0],
                [-0.554107, -0.818521, 0.151595, -1e-06, -0.433454, 0.128227, -0.892012, 0.272858, 0.71069, -0.559974, -0.425849, -0.0, 0.0, 0.0, 0.0, 1.0],
                [-0.652559, -0.530976, 0.540584, 0.0, -0.743686, 0.585535, -0.322606, 0.272858, -0.145234, -0.612538, -0.776987, 0.0, 0.0, 0.0, 0.0, 1.0],
                [-0.31656, -0.379916, 0.869175, 1e-06, -0.329386, 0.903295, 0.274873, 0.272857, -0.889543, -0.199279, -0.411093, 0.0, 0.0, 0.0, 0.0, 1.0],
                [-0.517177, 0.572625, -0.636106, -1e-06, -0.571138, 0.322617, 0.754804, 0.272858, 0.637433, 0.75366, 0.160202, 0.0, 0.0, 0.0, 0.0, 1.0],
                [0.92784, -0.246897, -0.279562, 1e-06, -0.364008, -0.436021, -0.823036, 0.272858, 0.08131, 0.865401, -0.494435, -1e-06, 0.0, 0.0, 0.0, 1.0],
                [0.899569, -0.400549, -0.174165, -0.0, -0.296151, -0.266265, -0.91728, 0.272858, 0.32104, 0.876733, -0.358149, 1e-06, 0.0, 0.0, 0.0, 1.0]
            ]
        },
        {
            "name": "Elbow_R",
            "time": [0.0, 0.1667, 0.3333, 0.5, 0.6667, 0.8333, 1.0, 1.3333, 1.6667, 1.8333, 2.0, 2.1667, 2.3333, 2.6667, 3.0, 3.3333],
            "transform": [
                [-1.0, 0.0, -0.0, -0.0, 0.0, -0.0, -1.0, 0.3, -0.0, -1.0, -0.0, 0.0, 0.0, 0.0, 0.0, 1.0],
                [-1.0, 0.0, -0.0, 0.0, 0.0, 0.0, -1.0, 0.3, -0.0, -1.0, -0.0, -0.0, 0.0, 0.0, 0.0, 1.0],
                [-1.0, 0.0, 0.0, -0.0, 0.0, 0.0, -1.0, 0.3, -0.0, -1.0, -0.0, 0.0, 0.0, 0.0, 0.0, 1.0],
                [-1.0, 0.0, -0.0, 0.0, 0.0, 0.0, -1.0, 0.3, -0.0, -1.0, -0.0, -0.0, 0.0, 0.0, 0.0, 1.0],
                [-1.0, 0.0, -0.0, -0.0, 0.0, -0.0, -1.0, 0.3, -0.0, -1.0, -0.0, 0.0, 0.0, 0.0, 0.0, 1.0],
                [-1.0, 0.0, 0.0, 0.0, 0.0, -0.0, -1.0, 0.3, -0.0, -1.0, -0.0, 0.0, 0.0, 0.0, 0.0, 1.0],
                [-1.0, 0.0, -0.0, -0.0, 0.0, 0.0, -1.0, 0.3, -0.0, -1.0, -0.0, 0.0, 0.0, 0.0, 0.0, 1.0],
                [-1.0, 0.0, -0.0, 0.0, 0.0, -0.0, -1.0, 0.3, -0.0, -1.0, -0.0, -0.0, 0.0, 0.0, 0.0, 1.0],
                [-1.0, 0.0, -0.0, -0.0, 0.0, 0.0, -1.0, 0.300001, -0.0, -1.0, -0.0, -0.0, 0.0, 0.0, 0.0, 1.0],
                [-1.0, 0.0, -0.0, -0.0, 0.0, 0.0, -1.0, 0.300001, -0.0, -1.0, -0.0, 0.0, 0.0, 0.0, 0.0, 1.0],
                [-1.0, 0.0, -0.0, -0.0, 0.0, 0.0, -1.0, 0.3, -0.0, -1.0, 0.0, 0.0, 0.0, 0.0, 0.0, 1.0],
                [-1.0, 0.0, -0.0, 0.0, 0.0, 0.0, -1.0, 0.3, -0.0, -1.0, -0.0, -0.0, 0.0, 0.0, 0.0, 1.0],
                [-1.0, 0.0, 0.0, 0.0, 0.0, 0.0, -1.0, 0.3, -0.0, -1.0, -0.0, 0.0, 0.0, 0.0, 0.0, 1.0],
                [-1.0, 0.0, -0.0, -0.0, -0.0, 0.0, -1.0, 0.3, -0.0, -1.0, -0.0, 0.0, 0.0, 0.0, 0.0, 1.0],
                [-1.0, 0.0, -0.0, -0.0, -0.0, 0.0, -1.0, 0.3, -0.0, -1.0, -0.0, 0.0, 0.0, 0.0, 0.0, 1.0],
                [-1.0, 0.0, -0.0, 0.0, 0.0, 0.0, -1.0, 0.3, -0.0, -1.0, -0.0, -0.0, 0.0, 0.0, 0.0, 1.0]
            ]
        },
        {
            "name": "Shoulder_L",
            "time": [0.0, 0.1667, 0.3333, 0.5, 0.6667, 0.8333, 1.0, 1.3333, 1.6667, 1.8333, 2.0, 2.1667, 2.3333, 2.6667, 3.0, 3.3333],
            "transform": [
                [-0.156279, -0.952944, 0.259764, -0.0, -0.919263, 0.044115, -0.391186, 0.4, 0.361328, -0.299927, -0.882873, 0.0, 0.0, 0.0, 0.0, 1.0],
                [-0.310708, -0.879481, 0.360522, -0.0, -0.932693, 0.208981, -0.293992, 0.4, 0.183222, -0.427604, -0.88519, 0.0, 0.0, 0.0, 0.0, 1.0],
                [-0.433811, -0.768728, 0.469965, -0.0, -0.90088, 0.379173, -0.211334, 0.4, -0.01574, -0.515065, -0.856994, -0.0, 0.0, 0.0, 0.0, 1.0],
                [-0.37861, -0.925412, 0.016612, 0.0, -0.921643, 0.375287, -0.098769, 0.4, 0.08517, -0.052706, -0.994955, -0.0, 0.0, 0.0, 0.0, 1.0],
                [-0.282308, -0.847234, -0.449996, -0.0, -0.948187, 0.317734, -0.003378, 0.4, 0.145845, 0.425729, -0.893006, 0.0, 0.0, 0.0, 0.0, 1.0],
                [-0.039474, -0.897694, -0.438842, 0.0, -0.990319, 0.093693, -0.102576, 0.4, 0.133203, 0.430546, -0.89267, 0.0, 0.0, 0.0, 0.0, 1.0],
                [0.206239, -0.89139, -0.403589, 0.0, -0.971156, -0.13595, -0.195978, 0.4, 0.11983, 0.432367, -0.893683, -0.0, 0.0, 0.0, 0.0, 1.0],
                [-0.21897, -0.938632, 0.266504, 0.0, -0.869495, 0.063753, -0.489828, 0.4, 0.442793, -0.338982, -0.830065, -0.0, 0.0, 0.0, 0.0, 1.0],
                [0.106502, -0.934837, 0.33872, 0.0, -0.946925, -0.19929, -0.252289, 0.399999, 0.303365, -0.293873, -0.90641, -0.0, 0.0, 0.0, 0.0, 1.0],
                [0.127699, -0.939536, 0.317744, -0.0, -0.962662, -0.194535, -0.188342, 0.4, 0.238776, -0.281829, -0.929262, 0.0, 0.0, 0.0, 0.0, 1.0],
                [-0.043497, -0.966358, 0.25349, 0.0, -0.972991, -0.016624, -0.230318, 0.4, 0.226792, -0.256661, -0.939499, -0.0, 0.0, 0.0, 0.0, 1.0],
                [-0.134342, -0.970731, 0.199083, 0.0, -0.978528, 0.098236, -0.181288, 0.4, 0.15643, -0.219163, -0.963049, -0.0, 0.0, 0.0, 0.0, 1.0],
                [-0.227462, -0.962293, 0.149188, 0.0, -0.969686, 0.209747, -0.125483, 0.4, 0.089462, -0.173208, -0.980796, 0.0, 0.0, 0.0, 0.0, 1.0],
                [-0.296709, -0.920639, 0.253751, 0.0, -0.953167, 0.301877, -0.019255, 0.4, -0.058877, -0.247581, -0.96706, 0.0, 0.0, 0.0, 0.0, 1.0],
                [0.010204, -0.996444, 0.083647, 0.0, -0.990685, -0.021445, -0.134605, 0.4, 0.135925, -0.081494, -0.987343, -0.0, 0.0, 0.0, 0.0, 1.0],
                [0.116771, -0.993155, -0.002677, -0.0, -0.977056, -0.114389, -0.17976, 0.4, 0.17823, 0.023607, -0.983687, 0.0, 0.0, 0.0, 0.0, 1.0]
            ]
        },
        {
            "name": "Arm_L",
            "time": [0.0, 0.1667, 0.3333, 0.5, 0.6667, 0.8333, 1.0, 1.3333, 1.6667, 1.8333, 2.0, 2.1667, 2.3333, 2.6667, 3.0, 3.3333],
            "transform": [
                [0.311326, 0.926358, -0.211938, 0.0, -0.882771, 0.364484, 0.296404, 0.39386, 0.351819, 0.094812, 0.93127, -0.0, 0.0, 0.0, 0.0, 1.0],
                [0.512154, 0.805752, -0.297398, 0.0, -0.690898, 0.592189, 0.41469, 0.39386, 0.510253, -0.006913, 0.860008, -0.0, 0.0, 0.0, 0.0, 1.0],
                [0.656212, 0.634807, -0.407924, 0.0, -0.427954, 0.758325, 0.491719, 0.39386, 0.621495, -0.148094, 0.769303, 0.0, 0.0, 0.0, 0.0, 1.0],
                [0.663007, 0.449944, -0.598313, 0.0, -0.480688, 0.868557, 0.120538, 0.39386, 0.573912, 0.207678, 0.792154, 0.0, 0.0, 0.0, 0.0, 1.0],
                [0.687507, 0.204659, -0.69675, 0.0, -0.512201, 0.816798, -0.265477, 0.39386, 0.514778, 0.539378, 0.666391, -0.0, 0.0, 0.0, 0.0, 1.0],
                [0.789302, 0.397496, -0.467976, -0.0, -0.423567, 0.904258, 0.053697, 0.39386, 0.444516, 0.155832, 0.882125, 0.0, 0.0, 0.0, 0.0, 1.0],
                [0.868286, 0.466139, -0.16965, -0.0, -0.376205, 0.841694, 0.387302, 0.39386, 0.323327, -0.272456, 0.906233, -0.0, 0.0, 0.0, 0.0, 1.0],
