{
    "animation": [
        {
            "name": "Root",
            "time": [0.0, 0.1667, 0.3333, 0.6667, 1.0, 1.3333, 1.6667, 2.0, 2.3333, 2.6667, 3.0, 3.3333, 3.6667, 4.0, 4.3333, 4.6667, 5.0, 6.0, 6.6667],
            "transform": [
                [1.0, 0.0, 0.0, -0.0, 0.0, 0.0, -1.0, -0.111121, -0.0, 1.0, 0.0, 0.377636, 0.0, 0.0, 0.0, 1.0],
                [1.0, 0.0, 0.0, 0.034987, 0.0, 0.0, -1.0, -0.185457, -0.0, 1.0, 0.0, 0.469644, 0.0, 0.0, 0.0, 1.0],
                [1.0, 0.0, 0.0, 0.090224, 0.0, 0.0, -1.0, -0.281758, -0.0, 1.0, 0.0, 0.495628, 0.0, 0.0, 0.0, 1.0],
                [1.0, 0.0, 0.0, 0.166837, 0.0, 0.0, -1.0, -0.111729, -0.0, 1.0, 0.0, 0.525204, 0.0, 0.0, 0.0, 1.0],
                [1.0, 0.0, 0.0, -0.092726, 0.0, 0.0, -1.0, 0.601945, -0.0, 1.0, 0.0, 0.516166, 0.0, 0.0, 0.0, 1.0],
                [1.0, 0.0, 0.0, -0.351837, 0.0, 0.0, -1.0, 0.576649, -0.0, 1.0, 0.0, 0.383636, 0.0, 0.0, 0.0, 1.0],
                [1.0, 0.0, 0.0, -0.253766, 0.0, 0.0, -1.0, 0.501241, -0.0, 1.0, 0.0, 0.339633, 0.0, 0.0, 0.0, 1.0],
                [1.0, 0.0, 0.0, -0.283674, 0.0, 0.0, -1.0, 0.540575, -0.0, 1.0, 0.0, 0.327632, 0.0, 0.0, 0.0, 1.0],
                [1.0, 0.0, 0.0, -0.276911, 0.0, 0.0, -1.0, 0.551666, -0.0, 1.0, 0.0, 0.315631, 0.0, 0.0, 0.0, 1.0],
                [1.0, 0.0, 0.0, -0.343489, 0.0, 0.0, -1.0, 0.619243, -0.0, 1.0, 0.0, 0.286295, 0.0, 0.0, 0.0, 1.0],
                [1.0, 0.0, 0.0, -0.373397, 0.0, 0.0, -1.0, 0.658577, -0.0, 1.0, 0.0, 0.290962, 0.0, 0.0, 0.0, 1.0],
                [1.0, 0.0, 0.0, -0.403304, 0.0, 0.0, -1.0, 0.781252, -0.0, 1.0, 0.0, 0.428974, 0.0, 0.0, 0.0, 1.0],
                [1.0, 0.0, 0.0, -0.46023, 0.0, 0.0, -1.0, 0.881382, -0.0, 1.0, 0.0, 0.555522, 0.0, 0.0, 0.0, 1.0],
                [1.0, 0.0, 0.0, -0.471659, 0.0, 0.0, -1.0, 0.966765, -0.0, 1.0, 0.0, 0.551746, 0.0, 0.0, 0.0, 1.0],
                [1.0, 0.0, 0.0, -0.468246, 0.0, 0.0, -1.0, 1.057086, -0.0, 1.0, 0.0, 0.540791, 0.0, 0.0, 0.0, 1.0],
                [1.0, 0.0, 0.0, -0.460658, 0.0, 0.0, -1.0, 1.0819, -0.0, 1.0, 0.0, 0.70998, 0.0, 0.0, 0.0, 1.0],
                [1.0, 0.0, 0.0, -0.376702, 0.0, 0.0, -1.0, 1.080712, -0.0, 1.0, 0.0, 0.708869, 0.0, 0.0, 0.0, 1.0],
                [1.0, 0.0, 0.0, -0.161726, 0.0, 0.0, -1.0, 1.188632, -0.0, 1.0, 0.0, 0.707899, 0.0, 0.0, 0.0, 1.0],
                [1.0, 0.0, 0.0, -0.341736, 0.0, 0.0, -1.0, 1.31781, -0.0, 1.0, 0.0, 0.686552, 0.0, 0.0, 0.0, 1.0]
            ]
        },
        {
            "name": "Thigh_R",
            "time": [0.0, 0.1667, 0.3333, 0.6667, 1.0, 1.3333, 1.6667, 2.0, 2.3333, 2.6667, 3.0, 3.3333, 3.6667, 4.0, 4.3333, 4.6667, 5.0, 6.0, 6.6667],
            "transform": [
                [0.195917, -0.980337, 0.023545, 0.124994, 0.281242, 0.079175, 0.956365, -0.040343, -0.939426, -0.180747, 0.291224, -0.093791, 0.0, 0.0, 0.0, 1.0],
                [0.202181, -0.95918, -0.197725, 0.112133, 0.384448, -0.107955, 0.916812, -0.057491, -0.900734, -0.261377, 0.346929, -0.096471, 0.0, 0.0, 0.0, 1.0],
                [0.154542, -0.877799, -0.453416, 0.150716, 0.514654, -0.320222, 0.795354, -0.028553, -0.843355, -0.356268, 0.402275, -0.106117, 0.0, 0.0, 0.0, 1.0],
                [-0.473204, -0.80916, -0.348336, -0.024607, 0.500037, -0.572244, 0.65, 0.004279, -0.725287, 0.133402, 0.675398, -0.111904, 0.0, 0.0, 0.0, 1.0],
                [-0.987665, -0.087388, -0.129927, -0.120398, -0.100113, -0.285583, 0.95311, -0.025981, -0.120396, 0.954361, 0.273311, -1.2e-05, 0.0, 0.0, 0.0, 1.0],
                [0.814479, 0.433199, 0.385958, 0.124994, 0.525392, -0.832906, -0.173869, -0.002831, 0.246147, 0.344392, -0.905983, -1.2e-05, 0.0, 0.0, 0.0, 1.0],
                [0.93636, 0.191854, 0.293975, 0.124994, 0.210663, -0.976988, -0.033395, -0.002831, 0.280803, 0.0932, -0.955229, -1.2e-05, 0.0, 0.0, 0.0, 1.0],
                [0.917784, 0.269851, 0.291297, 0.124994, 0.288371, -0.957271, -0.021769, -0.002831, 0.272976, 0.103981, -0.956385, -1.2e-05, 0.0, 0.0, 0.0, 1.0],
                [0.925078, 0.24098, 0.29353, 0.124994, 0.28822, -0.948777, -0.129423, -0.002831, 0.247306, 0.204327, -0.947148, -1.2e-05, 0.0, 0.0, 0.0, 1.0],
                [0.920033, 0.293268, 0.259873, 0.124994, 0.317685, -0.946507, -0.056565, -0.002831, 0.229383, 0.1346, -0.963985, -1.2e-05, 0.0, 0.0, 0.0, 1.0],
                [0.913414, 0.406452, 0.021742, 0.124994, 0.397399, -0.902072, 0.168344, -0.002831, 0.088036, -0.145127, -0.985488, -1.2e-05, 0.0, 0.0, 0.0, 1.0],
                [0.925385, 0.368367, -0.089273, 0.124994, 0.36872, -0.929448, -0.013108, -0.002831, -0.087803, -0.020786, -0.995921, -1.2e-05, 0.0, 0.0, 0.0, 1.0],
                [0.903095, 0.40688, 0.137362, 0.124994, 0.388806, -0.910503, 0.140764, -0.002831, 0.182343, -0.073716, -0.980468, -1.1e-05, 0.0, 0.0, 0.0, 1.0],
                [0.779262, 0.5322, 0.330929, 0.124994, 0.316439, -0.789935, 0.525231, -0.002831, 0.540941, -0.304574, -0.783975, -1.2e-05, 0.0, 0.0, 0.0, 1.0],
                [0.670727, 0.574378, 0.46927, 0.124993, 0.194058, -0.746551, 0.636398, -0.002831, 0.715868, -0.335784, -0.612195, -1.2e-05, 0.0, 0.0, 0.0, 1.0],
                [0.756032, 0.421546, 0.500714, 0.124993, 0.172092, -0.866099, 0.469316, -0.002831, 0.631506, -0.268649, -0.727343, -1.1e-05, 0.0, 0.0, 0.0, 1.0],
                [0.880943, 0.306799, 0.360297, 0.124994, 0.158752, -0.908846, 0.385742, -0.002831, 0.4458, -0.282619, -0.849346, -1.2e-05, 0.0, 0.0, 0.0, 1.0],
                [0.895205, 0.170275, 0.411842, 0.124994, 0.016965, -0.93648, 0.35031, -0.002831, 0.44533, -0.306612, -0.841231, -1.2e-05, 0.0, 0.0, 0.0, 1.0],
                [0.829693, 0.355625, 0.430277, 0.124994, 0.28277, -0.932346, 0.225328, -0.002831, 0.481299, -0.065284, -0.874122, -1.2e-05, 0.0, 0.0, 0.0, 1.0]
            ]
        },
        {
            "name": "Leg_R",
            "time": [0.0, 0.1667, 0.3333, 0.6667, 1.0, 1.3333, 1.6667, 2.0, 2.3333, 2.6667, 3.0, 3.3333, 3.6667, 4.0, 4.3333, 4.6667, 5.0, 6.0, 6.6667],
            "transform": [
                [1.0, 0.0, 0.0, 0.0, 0.0, -0.375269, 0.926916, 0.37472, 0.0, -0.926916, -0.375269, 0.0, 0.0, 0.0, 0.0, 1.0],
                [1.0, 0.0, 0.0, -0.0, -0.0, -5.9e-05, 1.0, 0.37472, 0.0, -1.0, -5.9e-05, 0.0, 0.0, 0.0, 0.0, 1.0],
                [1.0, 0.0, 0.0, -0.0, -0.0, 0.439429, 0.898277, 0.37472, -0.0, -0.898278, 0.439429, -0.0, 0.0, 0.0, 0.0, 1.0],
                [1.0, 0.0, 1e-06, -0.0, -1e-06, 0.264731, 0.964322, 0.37472, -0.0, -0.964322, 0.264731, 0.0, 0.0, 0.0, 0.0, 1.0],
                [1.0, 0.0, -0.0, 0.0, 0.0, 0.48032, 0.877093, 0.37472, 0.0, -0.877093, 0.480319, -0.0, 0.0, 0.0, 0.0, 1.0],
                [1.0, 0.0, -0.0, -0.0, 0.0, 0.305576, 0.952167, 0.37472, 0.0, -0.952168, 0.305575, -0.0, 0.0, 0.0, 0.0, 1.0],
                [1.0, 0.0, -0.0, -0.0, 0.0, -0.075984, 0.997109, 0.37472, 0.0, -0.997109, -0.075984, -0.0, 0.0, 0.0, 0.0, 1.0],
                [1.0, 0.0, -0.0, -0.0, 0.0, -0.078719, 0.996897, 0.37472, 0.0, -0.996897, -0.078719, 0.0, 0.0, 0.0, 0.0, 1.0],
                [1.0, 0.0, -0.0, -0.0, 0.0, 0.013988, 0.999902, 0.37472, 0.0, -0.999903, 0.013988, -0.0, 0.0, 0.0, 0.0, 1.0],
                [1.0, 0.0, -0.0, 0.0, 0.0, -0.068422, 0.997656, 0.37472, 0.0, -0.997656, -0.068422, 0.0, 0.0, 0.0, 0.0, 1.0],
                [1.0, 0.0, -0.0, 0.0, 0.0, -0.289789, 0.95709, 0.37472, 0.0, -0.957091, -0.289789, -0.0, 0.0, 0.0, 0.0, 1.0],
                [1.0, 0.0, -0.0, 0.0, 0.0, 0.169752, 0.985487, 0.37472, 0.0, -0.985487, 0.169752, 0.0, 0.0, 0.0, 0.0, 1.0],
                [1.0, 0.0, -0.0, -0.0, 0.0, 0.350178, 0.936683, 0.37472, 0.0, -0.936683, 0.350178, -0.0, 0.0, 0.0, 0.0, 1.0],
                [1.0, 0.0, -0.0, 0.0, -0.0, 0.306307, 0.951933, 0.37472, 0.0, -0.951933, 0.306307, -0.0, 0.0, 0.0, 0.0, 1.0],
                [1.0, 0.0, -0.0, -0.0, 0.0, 0.601157, 0.799131, 0.37472, 0.0, -0.799131, 0.601157, 0.0, 0.0, 0.0, 0.0, 1.0],
                [1.0, 0.0, -0.0, 0.0, -0.0, 0.912736, 0.40855, 0.37472, 0.0, -0.40855, 0.912736, -0.0, 0.0, 0.0, 0.0, 1.0],
                [1.0, 0.0, -0.0, 0.0, -0.0, 0.924282, 0.38171, 0.37472, 0.0, -0.38171, 0.924282, 0.0, 0.0, 0.0, 0.0, 1.0],
                [1.0, 0.0, -0.0, 0.0, -0.0, 0.772039, 0.635575, 0.37472, 0.0, -0.635575, 0.772039, -0.0, 0.0, 0.0, 0.0, 1.0],
                [1.0, 0.0, -0.0, 0.0, 0.0, 0.818154, 0.575, 0.37472, 0.0, -0.575, 0.818153, -0.0, 0.0, 0.0, 0.0, 1.0]
            ]
        },
        {
            "name": "Knee_R",
            "time": [0.0, 0.1667, 0.3333, 0.6667, 1.0, 1.3333, 1.6667, 2.0, 2.3333, 2.6667, 3.0, 3.3333, 3.6667, 4.0, 4.3333, 4.6667, 5.0, 6.0, 6.6667],
            "transform": [
                [1.0, 0.0, -1e-06, 0.0, -0.0, 0.0, -1.0, 0.37472, -0.0, 1.0, 0.0, 0.0, 0.0, 0.0, 0.0, 1.0],
                [1.0, 0.0, -0.0, -0.0, -0.0, 0.0, -1.0, 0.37472, -0.0, 1.0, 0.0, 0.0, 0.0, 0.0, 0.0, 1.0],
                [1.0, 0.0, -0.0, -0.0, -1e-06, 0.0, -1.0, 0.37472, -0.0, 1.0, 0.0, -0.0, 0.0, 0.0, 0.0, 1.0],
                [1.0, 0.0, -0.0, -0.0, -0.0, 0.0, -1.0, 0.37472, -0.0, 1.0, 0.0, 0.0, 0.0, 0.0, 0.0, 1.0],
                [1.0, 0.0, -0.0, 0.0, -0.0, 0.0, -1.0, 0.37472, -0.0, 1.0, 0.0, -0.0, 0.0, 0.0, 0.0, 1.0],
                [1.0, 0.0, -0.0, -0.0, -0.0, 0.0, -1.0, 0.37472, -0.0, 1.0, 0.0, -0.0, 0.0, 0.0, 0.0, 1.0],
                [1.0, 0.0, -0.0, -0.0, -0.0, 0.0, -1.0, 0.37472, -0.0, 1.0, 0.0, -0.0, 0.0, 0.0, 0.0, 1.0],
                [1.0, 0.0, -1e-06, -0.0, -0.0, 0.0, -1.0, 0.37472, -0.0, 1.0, 0.0, 0.0, 0.0, 0.0, 0.0, 1.0],
                [1.0, 0.0, -0.0, -0.0, -0.0, 0.0, -1.0, 0.37472, -0.0, 1.0, 0.0, -0.0, 0.0, 0.0, 0.0, 1.0],
                [1.0, 0.0, -0.0, 0.0, -0.0, 0.0, -1.0, 0.37472, -0.0, 1.0, 0.0, 0.0, 0.0, 0.0, 0.0, 1.0],
                [1.0, 0.0, -0.0, 0.0, -0.0, 0.0, -1.0, 0.37472, -0.0, 1.0, 0.0, -0.0, 0.0, 0.0, 0.0, 1.0],
                [1.0, 0.0, -0.0, 0.0, -0.0, 0.0, -1.0, 0.37472, -0.0, 1.0, 0.0, 0.0, 0.0, 0.0, 0.0, 1.0],
                [1.0, 0.0, -0.0, -0.0, -0.0, 0.0, -1.0, 0.37472, -0.0, 1.0, 0.0, -0.0, 0.0, 0.0, 0.0, 1.0],
                [1.0, 0.0, -0.0, 0.0, -0.0, 0.0, -1.0, 0.37472, -0.0, 1.0, 0.0, -0.0, 0.0, 0.0, 0.0, 1.0],
                [1.0, 0.0, -0.0, -0.0, -1e-06, 0.0, -1.0, 0.37472, -0.0, 1.0, 0.0, 0.0, 0.0, 0.0, 0.0, 1.0],
                [1.0, 0.0, -0.0, 0.0, -0.0, 0.0, -1.0, 0.37472, -0.0, 1.0, 0.0, -0.0, 0.0, 0.0, 0.0, 1.0],
                [1.0, 0.0, -1e-06, 0.0, -0.0, 0.0, -1.0, 0.37472, -0.0, 1.0, 0.0, 0.0, 0.0, 0.0, 0.0, 1.0],
                [1.0, 0.0, -0.0, 0.0, -0.0, 0.0, -1.0, 0.37472, -0.0, 1.0, 0.0, -0.0, 0.0, 0.0, 0.0, 1.0],
                [1.0, 0.0, -0.0, 0.0, -0.0, 0.0, -1.0, 0.37472, -0.0, 1.0, 0.0, -0.0, 0.0, 0.0, 0.0, 1.0]
            ]
        },
        {
            "name": "Thigh_L",
            "time": [0.0, 0.1667, 0.3333, 0.6667, 1.0, 1.3333, 1.6667, 2.0, 2.3333, 2.6667, 3.0, 3.3333, 3.6667, 4.0, 4.3333, 4.6667, 5.0, 6.0, 6.6667],
            "transform": [
                [-0.283618, -0.211866, -0.93524, 0.033079, -0.834294, -0.426317, 0.349582, -0.012365, -0.472774, 0.879412, -0.055847, 0.064491, 0.0, 0.0, 0.0, 1.0],
                [-0.431969, -0.314391, -0.845317, 0.058266, -0.725928, -0.434989, 0.532741, -0.057491, -0.535193, 0.843767, -0.040324, 0.054648, 0.0, 0.0, 0.0, 1.0],
                [-0.586806, -0.415908, -0.694751, 0.074342, -0.568277, -0.399679, 0.719247, -0.060706, -0.576819, 0.81687, -0.001817, 0.045002, 0.0, 0.0, 0.0, 1.0],
                [-0.946424, -0.322922, 0.001719, 0.062553, 0.057794, -0.164138, 0.984743, -0.047488, -0.317713, 0.932083, 0.174008, -1.2e-05, 0.0, 0.0, 0.0, 1.0],
                [-0.965189, 0.244357, 0.09328, 0.120385, -0.253212, -0.962317, -0.099143, -0.016721, 0.065539, -0.119311, 0.990692, -1.2e-05, 0.0, 0.0, 0.0, 1.0],
                [0.961209, 0.086803, -0.261807, -0.125006, 0.261654, 0.013338, 0.96507, -0.002831, 0.087263, -0.996136, -0.009892, -1.2e-05, 0.0, 0.0, 0.0, 1.0],
                [0.843539, -0.512423, 0.160826, -0.125006, -0.109819, 0.128554, 0.985604, -0.002831, -0.525721, -0.849056, 0.052167, -1.2e-05, 0.0, 0.0, 0.0, 1.0],
                [0.828907, -0.551164, 0.095559, -0.125006, 0.018505, 0.197753, 0.980077, -0.002831, -0.559081, -0.810624, 0.174118, -1.2e-05, 0.0, 0.0, 0.0, 1.0],
                [0.864427, -0.425139, 0.268369, -0.125006, -0.206413, 0.186623, 0.960503, -0.002831, -0.458432, -0.885679, 0.073568, -1.2e-05, 0.0, 0.0, 0.0, 1.0],
                [0.89617, -0.2965, 0.330102, -0.125006, -0.263483, 0.242984, 0.933561, -0.002831, -0.357011, -0.923604, 0.139632, -1.2e-05, 0.0, 0.0, 0.0, 1.0],
                [0.94622, -0.288749, 0.145914, -0.125006, -0.066745, 0.267084, 0.96136, -0.002831, -0.316563, -0.919396, 0.233448, -1.2e-05, 0.0, 0.0, 0.0, 1.0],
                [0.915496, -0.359686, -0.180258, -0.125006, 0.095402, -0.241181, 0.96578, -0.002831, -0.390852, -0.901364, -0.186486, -1.2e-05, 0.0, 0.0, 0.0, 1.0],
                [0.952437, -0.20062, -0.229382, -0.125006, 0.05625, -0.624046, 0.77936, -0.002831, -0.2995, -0.755194, -0.58308, -1.2e-05, 0.0, 0.0, 0.0, 1.0],
                [0.988754, -0.070051, -0.132132, -0.125006, 0.006116, -0.863836, 0.503734, -0.002831, -0.149427, -0.498878, -0.853693, -1.2e-05, 0.0, 0.0, 0.0, 1.0],
                [0.996421, -0.046473, -0.070609, -0.125006, -0.028281, -0.970451, 0.239636, -0.002831, -0.07966, -0.236781, -0.968291, -1.2e-05, 0.0, 0.0, 0.0, 1.0],
                [0.998671, -0.05093, -0.007792, -0.125006, -0.048534, -0.98068, 0.189505, -0.002831, -0.017293, -0.188875, -0.981849, -1.2e-05, 0.0, 0.0, 0.0, 1.0],
                [0.990948, -0.134181, 0.004101, -0.125006, -0.131747, -0.966201, 0.221583, -0.002831, -0.025769, -0.220118, -0.975133, -1.2e-05, 0.0, 0.0, 0.0, 1.0],
                [0.97614, -0.216726, -0.013449, -0.125006, -0.182966, -0.854277, 0.486552, -0.002831, -0.116938, -0.472483, -0.873548, -1.1e-05, 0.0, 0.0, 0.0, 1.0],
                [0.959967, -0.183121, 0.211964, -0.125006, -0.238873, -0.930391, 0.278049, -0.002831, 0.146293, -0.317551, -0.936888, -1.2e-05, 0.0, 0.0, 0.0, 1.0]
            ]
        },
        {
            "name": "Leg_L",
            "time": [0.0, 0.1667, 0.3333, 0.6667, 1.0, 1.3333, 1.6667, 2.0, 2.3333, 2.6667, 3.0, 3.3333, 3.6667, 4.0, 4.3333, 4.6667, 5.0, 6.0, 6.6667],
            "transform": [
                [1.0, -0.0, -0.0, 0.0, 0.0, 0.592599, 0.805498, 0.37472, -0.0, -0.805498, 0.592598, 0.0, 0.0, 0.0, 0.0, 1.0],
                [1.0, -0.0, 0.0, -0.0, -0.0, 0.540686, 0.841225, 0.37472, -0.0, -0.841225, 0.540686, -0.0, 0.0, 0.0, 0.0, 1.0],
                [1.0, -0.0, 0.0, 0.0, 0.0, 0.444007, 0.896023, 0.37472, -0.0, -0.896024, 0.444006, -0.0, 0.0, 0.0, 0.0, 1.0],
                [1.0, -0.0, 0.0, 0.0, -0.0, -0.219617, 0.975587, 0.37472, -0.0, -0.975586, -0.219617, 0.0, 0.0, 0.0, 0.0, 1.0],
                [1.0, -0.0, 0.0, -0.0, -0.0, 0.193904, 0.981021, 0.37472, -0.0, -0.98102, 0.193904, 0.0, 0.0, 0.0, 0.0, 1.0],
                [1.0, -0.0, 0.0, 0.0, -0.0, -0.187014, 0.982358, 0.37472, -0.0, -0.982357, -0.187014, -0.0, 0.0, 0.0, 0.0, 1.0],
                [1.0, -0.0, 0.0, -0.0, -0.0, 0.219955, 0.975511, 0.37472, -0.0, -0.975509, 0.219955, 0.0, 0.0, 0.0, 0.0, 1.0],
                [1.0, -0.0, -0.0, -0.0, 0.0, 0.13116, 0.991361, 0.37472, -0.0, -0.991361, 0.13116, -0.0, 0.0, 0.0, 0.0, 1.0],
                [1.0, -0.0, -0.0, -0.0, 0.0, 0.033013, 0.999455, 0.37472, -0.0, -0.999455, 0.033013, 0.0, 0.0, 0.0, 0.0, 1.0],
                [1.0, -0.0, -0.0, 0.0, 0.0, -0.225052, 0.974348, 0.37472, -0.0, -0.974346, -0.225053, -0.0, 0.0, 0.0, 0.0, 1.0],
                [0.999999, -0.0, 0.0, 0.0, -0.0, -0.513237, 0.858248, 0.37472, -0.0, -0.858246, -0.513238, -0.0, 0.0, 0.0, 0.0, 1.0],
                [1.0, -0.0, 0.0, 0.0, -0.0, -0.338168, 0.941086, 0.37472, -0.0, -0.941085, -0.338168, -0.0, 0.0, 0.0, 0.0, 1.0],
                [1.0, -0.0, 0.0, -0.0, -0.0, 0.067719, 0.997705, 0.37472, -0.0, -0.997704, 0.06772, -0.0, 0.0, 0.0, 0.0, 1.0],
                [1.0, -0.0, 0.0, -0.0, -0.0, 0.466632, 0.884451, 0.37472, -0.0, -0.884451, 0.466632, -0.0, 0.0, 0.0, 0.0, 1.0],
                [1.0, -0.0, 0.0, -0.0, -0.0, 0.750729, 0.660611, 0.37472, -0.0, -0.660611, 0.750728, -0.0, 0.0, 0.0, 0.0, 1.0],
                [1.0, -0.0, 0.0, -0.0, -0.0, 0.779053, 0.626959, 0.37472, -0.0, -0.626959, 0.779052, -0.0, 0.0, 0.0, 0.0, 1.0],
                [1.0, -0.0, 0.0, 0.0, -0.0, 0.754874, 0.65587, 0.37472, -0.0, -0.65587, 0.754874, 0.0, 0.0, 0.0, 0.0, 1.0],
                [1.0, -0.0, 0.0, 0.0, -0.0, 0.833956, 0.551832, 0.37472, -0.0, -0.551832, 0.833956, -0.0, 0.0, 0.0, 0.0, 1.0],
                [1.0, 0.0, 0.0, -0.0, -0.0, 0.896947, 0.442139, 0.37472, -0.0, -0.442139, 0.896947, 0.0, 0.0, 0.0, 0.0, 1.0]
            ]
        },
        {
            "name": "Knee_L",
            "time": [0.0, 0.1667, 0.3333, 0.6667, 1.0, 1.3333, 1.6667, 2.0, 2.3333, 2.6667, 3.0, 3.3333, 3.6667, 4.0, 4.3333, 4.6667, 5.0, 6.0, 6.6667],
            "transform": [
                [1.0, 0.0, -0.0, 0.0, -0.0, 0.0, -1.0, 0.37472, -0.0, 1.0, 0.0, 0.0, 0.0, 0.0, 0.0, 1.0],
                [1.0, 0.0, -0.0, -0.0, -0.0, 0.0, -1.0, 0.37472, -0.0, 1.0, 0.0, -0.0, 0.0, 0.0, 0.0, 1.0],
                [1.0, 0.0, -1e-06, 0.0, -0.0, 0.0, -1.0, 0.37472, -0.0, 1.0, 0.0, -0.0, 0.0, 0.0, 0.0, 1.0],
                [1.0, 0.0, -1e-06, 0.0, -0.0, 0.0, -1.0, 0.37472, -0.0, 1.0, 0.0, 0.0, 0.0, 0.0, 0.0, 1.0],
                [1.0, 0.0, -0.0, -0.0, -0.0, 0.0, -1.0, 0.37472, -0.0, 1.0, 0.0, 0.0, 0.0, 0.0, 0.0, 1.0],
                [1.0, 0.0, -0.0, 0.0, -0.0, 0.0, -1.0, 0.37472, -0.0, 1.0, 0.0, -0.0, 0.0, 0.0, 0.0, 1.0],
                [1.0, 0.0, -0.0, -0.0, -0.0, 0.0, -1.0, 0.37472, -0.0, 1.0, 0.0, 0.0, 0.0, 0.0, 0.0, 1.0],
                [1.0, 0.0, -0.0, -0.0, -0.0, 0.0, -1.0, 0.37472, -0.0, 1.0, 0.0, -0.0, 0.0, 0.0, 0.0, 1.0],
                [1.0, 0.0, -0.0, -0.0, -0.0, 0.0, -1.0, 0.37472, -0.0, 1.0, 0.0, 0.0, 0.0, 0.0, 0.0, 1.0],
                [1.0, 0.0, -0.0, 0.0, -0.0, 0.0, -1.0, 0.37472, -0.0, 1.0, 0.0, -0.0, 0.0, 0.0, 0.0, 1.0],
                [1.0, 0.0, -0.0, 0.0, -0.0, 0.0, -1.0, 0.37472, -0.0, 1.0, 0.0, -0.0, 0.0, 0.0, 0.0, 1.0],
                [1.0, 0.0, -1e-06, 0.0, -0.0, 0.0, -1.0, 0.37472, -0.0, 1.0, 0.0, -0.0, 0.0, 0.0, 0.0, 1.0],
                [1.0, 0.0, -0.0, -0.0, -0.0, 0.0, -1.0, 0.37472, -0.0, 1.0, 0.0, -0.0, 0.0, 0.0, 0.0, 1.0],
                [1.0, 0.0, -0.0, -0.0, -0.0, 0.0, -1.0, 0.37472, -0.0, 1.0, 0.0, -0.0, 0.0, 0.0, 0.0, 1.0],
                [1.0, 0.0, -0.0, -0.0, -0.0, 0.0, -1.0, 0.37472, -0.0, 1.0, 0.0, -0.0, 0.0, 0.0, 0.0, 1.0],
                [1.0, 0.0, -0.0, -0.0, -0.0, 0.0, -1.0, 0.37472, -0.0, 1.0, 0.0, -0.0, 0.0, 0.0, 0.0, 1.0],
                [1.0, 0.0, -0.0, 0.0, -0.0, 0.0, -1.0, 0.37472, -0.0, 1.0, 0.0, 0.0, 0.0, 0.0, 0.0, 1.0],
                [1.0, 0.0, -0.0, 0.0, -0.0, 0.0, -1.0, 0.37472, -0.0, 1.0, 0.0, -0.0, 0.0, 0.0, 0.0, 1.0],
                [1.0, 0.0, -0.0, -0.0, -0.0, 0.0, -1.0, 0.37472, -0.0, 1.0, 0.0, 0.0, 0.0, 0.0, 0.0, 1.0]
            ]
        },
        {
            "name": "Torso",
            "time": [0.0, 0.1667, 0.3333, 0.6667, 1.0, 1.3333, 1.6667, 2.0, 2.3333, 2.6667, 3.0, 3.3333, 3.6667, 4.0, 4.3333, 4.6667, 5.0, 6.0, 6.6667],
            "transform": [
                [-0.049672, -0.436184, 0.898486, 0.0, -0.13425, 0.894348, 0.426753, 0.05, -0.989702, -0.099424, -0.102981, 0.0, 0.0, 0.0, 0.0, 1.0],
                [-0.124471, -0.298427, 0.946282, 0.0, -0.080362, 0.953597, 0.290163, 0.05, -0.988964, -0.039928, -0.142677, 0.0, 0.0, 0.0, 0.0, 1.0],
                [-0.236108, -0.142816, 0.961175, 0.0, -0.007458, 0.989378, 0.145174, 0.05, -0.971699, 0.027108, -0.234665, 0.0, 0.0, 0.0, 0.0, 1.0],
                [-0.806839, 0.063829, 0.587312, 0.0, 0.119307, 0.991267, 0.056171, 0.05, -0.578598, 0.115391, -0.807409, 0.0, 0.0, 0.0, 0.0, 1.0],
                [-0.961082, 0.010706, 0.276057, -0.0, 0.055849, 0.986146, 0.156192, 0.05, -0.270561, 0.16553, -0.948366, 0.0, 0.0, 0.0, 0.0, 1.0],
                [0.853271, 0.065038, -0.517395, -0.0, 0.019294, 0.987575, 0.155961, 0.05, 0.52111, -0.14306, 0.841414, 0.0, 0.0, 0.0, 0.0, 1.0],
                [0.786256, 0.176094, 0.592278, -0.0, -0.201522, 0.979199, -0.023609, 0.05, -0.584116, -0.100794, 0.805388, 0.0, 0.0, 0.0, 0.0, 1.0],
                [0.793113, 0.118314, 0.597473, 0.0, -0.129966, 0.991233, -0.023765, 0.05, -0.595047, -0.058802, 0.801537, 0.0, 0.0, 0.0, 0.0, 1.0],
                [0.806585, 0.113316, 0.580155, 0.0, -0.183501, 0.980965, 0.063517, 0.05, -0.561914, -0.157691, 0.812026, 0.0, 0.0, 0.0, 0.0, 1.0],
                [0.906677, 0.082194, 0.41374, 0.0, -0.147377, 0.980746, 0.12813, 0.05, -0.395242, -0.177149, 0.901333, 0.0, 0.0, 0.0, 0.0, 1.0],
                [0.995332, 0.035454, 0.089759, -0.0, -0.051039, 0.982744, 0.17779, 0.05, -0.081906, -0.181542, 0.979966, 0.0, 0.0, 0.0, 0.0, 1.0],
                [0.995108, 0.034503, -0.092566, -0.0, -0.0042, 0.950954, 0.309304, 0.05, 0.098698, -0.307403, 0.946447, 0.0, 0.0, 0.0, 0.0, 1.0],
                [0.944874, -0.029675, -0.326088, -0.0, 0.122646, 0.95546, 0.268429, 0.05, 0.303598, -0.293625, 0.906428, 0.0, 0.0, 0.0, 0.0, 1.0],
                [0.815642, -0.043936, -0.576886, -0.0, 0.151091, 0.978686, 0.139084, 0.05, 0.55848, -0.200605, 0.804896, 0.0, 0.0, 0.0, 0.0, 1.0],
                [0.714152, -0.038793, -0.698915, -0.0, 0.10756, 0.992687, 0.054806, 0.05, 0.691678, -0.114315, 0.713102, -0.0, 0.0, 0.0, 0.0, 1.0],
                [0.775854, -0.024059, -0.630453, 0.0, 0.043536, 0.998932, 0.015456, 0.05, 0.629408, -0.039439, 0.776073, -0.0, 0.0, 0.0, 0.0, 1.0],
                [0.897023, -0.033606, -0.440704, 0.0, 0.024956, 0.999365, -0.02541, 0.05, 0.441279, 0.011795, 0.897292, -0.0, 0.0, 0.0, 0.0, 1.0],
                [0.976355, 0.009813, -0.21595, 0.0, -0.015012, 0.999635, -0.022449, 0.05, 0.215651, 0.02516, 0.976146, 0.0, 0.0, 0.0, 0.0, 1.0],
                [0.855446, 0.0181, -0.517575, 0.0, 0.004468, 0.999094, 0.042324, 0.05, 0.517872, -0.038519, 0.85459, -0.0, 0.0, 0.0, 0.0, 1.0]
            ]
        },
        {
            "name": "Chest",
            "time": [0.0, 0.1667, 0.3333, 0.6667, 1.0, 1.3333, 1.6667, 2.0, 2.3333, 2.6667, 3.0, 3.3333, 3.6667, 4.0, 4.3333, 4.6667, 5.0, 6.0, 6.6667],
            "transform": [
                [0.994071, 0.025762, -0.105635, -0.0, -0.011344, 0.990797, 0.13488, 0.3, 0.108138, -0.132882, 0.985215, 0.0, 0.0, 0.0, 0.0, 1.0],
                [0.999418, -0.004847, 0.033737, -0.0, 0.000552, 0.992007, 0.126183, 0.3, -0.034079, -0.126091, 0.991433, 0.0, 0.0, 0.0, 0.0, 1.0],
                [0.991558, -0.033738, 0.125192, -0.0, 0.017639, 0.991676, 0.127545, 0.3, -0.128453, -0.12426, 0.9839, 0.0, 0.0, 0.0, 0.0, 1.0],
                [0.997633, -0.045969, 0.051134, 0.0, 0.035317, 0.980651, 0.192553, 0.3, -0.058996, -0.190291, 0.979953, 0.0, 0.0, 0.0, 0.0, 1.0],
                [0.991487, 0.066767, 0.111782, -0.0, -0.098267, 0.946947, 0.305998, 0.3, -0.085421, -0.314377, 0.945447, 0.0, 0.0, 0.0, 0.0, 1.0],
                [0.966458, -0.199786, 0.161377, 0.0, 0.151834, 0.951273, 0.268378, 0.3, -0.207132, -0.234873, 0.9497, -0.0, 0.0, 0.0, 0.0, 1.0],
                [0.826661, -0.135185, 0.546221, -0.0, -0.16882, 0.866412, 0.469926, 0.3, -0.536779, -0.480683, 0.693406, 0.0, 0.0, 0.0, 0.0, 1.0],
                [0.859469, -0.08551, 0.503985, -0.0, -0.184147, 0.867928, 0.461293, 0.3, -0.476868, -0.489275, 0.73021, 0.0, 0.0, 0.0, 0.0, 1.0],
                [0.894381, -0.089339, 0.438294, -0.0, -0.139776, 0.874964, 0.463574, 0.3, -0.424906, -0.475875, 0.770064, 0.0, 0.0, 0.0, 0.0, 1.0],
                [0.927391, -0.104708, 0.359141, -0.0, -0.060438, 0.905481, 0.420061, 0.3, -0.369179, -0.411267, 0.833407, -0.0, 0.0, 0.0, 0.0, 1.0],
                [0.96327, -0.10533, 0.247014, -0.0, 0.029164, 0.955456, 0.29369, 0.3, -0.266945, -0.275699, 0.923434, -0.0, 0.0, 0.0, 0.0, 1.0],
                [0.995943, -0.019433, 0.087857, 0.0, 0.007802, 0.991372, 0.130843, 0.3, -0.089641, -0.129627, 0.987503, 0.0, 0.0, 0.0, 0.0, 1.0],
                [0.999555, 0.008168, -0.028678, -0.0, -0.005017, 0.994111, 0.108254, 0.3, 0.029393, -0.108062, 0.993709, -0.0, 0.0, 0.0, 0.0, 1.0],
                [0.997575, -0.008092, -0.069126, 0.0, 0.015483, 0.994131, 0.107072, 0.3, 0.067854, -0.107883, 0.991845, -0.0, 0.0, 0.0, 0.0, 1.0],
                [0.996564, -0.023712, -0.07935, 0.0, 0.031369, 0.994821, 0.096677, 0.3, 0.076647, -0.098834, 0.992148, 0.0, 0.0, 0.0, 0.0, 1.0],
                [0.994718, -0.035979, -0.09613, 0.0, 0.043802, 0.995788, 0.080552, 0.3, 0.092827, -0.084337, 0.992104, -0.0, 0.0, 0.0, 0.0, 1.0],
                [0.994311, -0.022663, -0.104077, 0.0, 0.029301, 0.997602, 0.062706, 0.3, 0.102406, -0.065398, 0.99259, 0.0, 0.0, 0.0, 0.0, 1.0],
                [0.985449, 0.004662, -0.169906, -0.0, 0.014709, 0.993535, 0.112571, 0.3, 0.169333, -0.113432, 0.979009, 0.0, 0.0, 0.0, 0.0, 1.0],
                [0.973489, -0.030149, -0.226737, 0.0, 0.054981, 0.993055, 0.104014, 0.3, 0.222026, -0.113722, 0.968386, -0.0, 0.0, 0.0, 0.0, 1.0]
            ]
        },
        {
            "name": "Head",
            "time": [0.0, 0.1667, 0.3333, 0.6667, 1.0, 1.3333, 1.6667, 2.0, 2.3333, 2.6667, 3.0, 3.3333, 3.6667, 4.0, 4.3333, 4.6667, 5.0, 6.0, 6.6667],
            "transform": [
                [0.408692, 0.153308, -0.899704, 0.0, -0.161458, 0.982388, 0.094054, 0.4, 0.898277, 0.106825, 0.426246, -0.0, 0.0, 0.0, 0.0, 1.0],
                [0.495802, 0.095196, -0.863202, -0.0, -0.156993, 0.987422, 0.018722, 0.4, 0.854127, 0.126235, 0.504512, 0.0, 0.0, 0.0, 0.0, 1.0],
                [0.608094, 0.037397, -0.792984, -0.0, -0.145096, 0.9873, -0.064705, 0.4, 0.780492, 0.154406, 0.605797, -0.0, 0.0, 0.0, 0.0, 1.0],
                [0.993246, -0.010616, 0.115535, 0.0, 0.028137, 0.988119, -0.151095, 0.4, -0.112558, 0.153325, 0.981744, -0.0, 0.0, 0.0, 0.0, 1.0],
                [0.896787, -0.094434, 0.432268, 0.0, 0.124642, 0.991311, -0.042021, 0.4, -0.424544, 0.091563, 0.900766, -0.0, 0.0, 0.0, 0.0, 1.0],
                [0.884943, 0.36139, -0.293721, -0.0, -0.380154, 0.924894, -0.00738, 0.4, 0.268993, 0.11819, 0.955863, 0.0, 0.0, 0.0, 0.0, 1.0],
                [0.545937, 0.204107, -0.812584, 0.0, -0.457907, 0.884891, -0.085378, 0.4, 0.701622, 0.418698, 0.576557, -0.0, 0.0, 0.0, 0.0, 1.0],
                [0.743992, 0.251953, -0.618867, 0.0, -0.339565, 0.940239, -0.02543, 0.4, 0.575476, 0.229065, 0.785084, 0.0, 0.0, 0.0, 0.0, 1.0],
                [0.841503, 0.242037, -0.483002, -0.0, -0.321605, 0.942788, -0.087871, 0.4, 0.4341, 0.22928, 0.871199, -0.0, 0.0, 0.0, 0.0, 1.0],
                [0.947694, 0.219741, -0.231495, -0.0, -0.239738, 0.968871, -0.061766, 0.4, 0.210716, 0.114034, 0.970874, -0.0, 0.0, 0.0, 0.0, 1.0],
                [0.983986, 0.113282, 0.137613, 0.0, -0.113307, 0.993531, -0.007681, 0.4, -0.137593, -0.008035, 0.990456, -0.0, 0.0, 0.0, 0.0, 1.0],
                [0.958157, 0.070619, 0.277392, -0.0, -0.014613, 0.979893, -0.198988, 0.4, -0.285867, 0.186608, 0.939925, -0.0, 0.0, 0.0, 0.0, 1.0],
                [0.932946, 0.125747, 0.337341, 0.0, -0.032668, 0.962721, -0.268517, 0.4, -0.35853, 0.239492, 0.902275, -0.0, 0.0, 0.0, 0.0, 1.0],
                [0.860761, 0.130647, 0.491956, 0.0, -0.038863, 0.980547, -0.192402, 0.4, -0.507522, 0.146493, 0.849095, 0.0, 0.0, 0.0, 0.0, 1.0],
                [0.815951, 0.107779, 0.567985, 0.0, -0.034608, 0.989813, -0.138106, 0.4, -0.577084, 0.093031, 0.811369, -0.0, 0.0, 0.0, 0.0, 1.0],
                [0.865817, 0.12876, 0.483509, 0.0, -0.088077, 0.990453, -0.106041, 0.4, -0.492546, 0.049226, 0.868893, -0.0, 0.0, 0.0, 0.0, 1.0],
                [0.934785, 0.151355, 0.321355, -0.0, -0.136966, 0.988303, -0.067061, 0.4, -0.327746, 0.018673, 0.944582, -0.0, 0.0, 0.0, 0.0, 1.0],
                [0.961035, 0.10795, 0.254477, -0.0, -0.100018, 0.994015, -0.043945, 0.4, -0.257698, 0.016781, 0.96608, -0.0, 0.0, 0.0, 0.0, 1.0],
                [0.830054, 0.194682, 0.522598, 0.0, -0.139944, 0.979818, -0.142733, 0.4, -0.539837, 0.045342, 0.840548, 0.0, 0.0, 0.0, 0.0, 1.0]
            ]
        },
        {
            "name": "Shoulder_R",
            "time": [0.0, 0.1667, 0.3333, 0.6667, 1.0, 1.3333, 1.6667, 2.0, 2.3333, 2.6667, 3.0, 3.3333, 3.6667, 4.0, 4.3333, 4.6667, 5.0, 6.0, 6.6667],
            "transform": [
                [0.383445, 0.84774, -0.366478, 0.0, 0.672015, -0.528298, -0.518938, 0.4, -0.633534, -0.047295, -0.772268, -0.0, 0.0, 0.0, 0.0, 1.0],
                [0.047016, 0.651405, -0.757271, -0.0, 0.663469, -0.587091, -0.463825, 0.4, -0.746726, -0.480618, -0.45979, 0.0, 0.0, 0.0, 0.0, 1.0],
                [-0.131402, 0.587429, -0.798536, -0.0, 0.676633, -0.535559, -0.505317, 0.4, -0.724502, -0.606715, -0.3271, -0.0, 0.0, 0.0, 0.0, 1.0],
                [-0.016239, 0.937366, -0.347966, 0.0, 0.619473, -0.263741, -0.739388, 0.4, -0.784851, -0.227562, -0.57639, -0.0, 0.0, 0.0, 0.0, 1.0],
                [-0.383945, 0.795803, -0.468278, 0.0, 0.507641, -0.241701, -0.826971, 0.4, -0.77129, -0.555228, -0.311182, -0.0, 0.0, 0.0, 0.0, 1.0],
                [-0.140931, 0.867691, -0.476708, -0.0, 0.749445, -0.221125, -0.624049, 0.4, -0.646894, -0.445213, -0.619123, 0.0, 0.0, 0.0, 0.0, 1.0],
                [-0.454014, 0.029027, -0.890522, 0.0, 0.665605, -0.653382, -0.360642, 0.4, -0.592319, -0.756471, 0.277324, -0.0, 0.0, 0.0, 0.0, 1.0],
                [-0.426558, 0.051619, -0.902986, 0.0, 0.662078, -0.662358, -0.35062, 0.4, -0.616199, -0.747407, 0.248357, 0.0, 0.0, 0.0, 0.0, 1.0],
                [-0.364441, 0.210239, -0.907184, -0.0, 0.692472, -0.590165, -0.414955, 0.4, -0.622629, -0.779425, 0.069496, -0.0, 0.0, 0.0, 0.0, 1.0],
                [-0.262087, 0.317783, -0.911221, -0.0, 0.742717, -0.536471, -0.400713, 0.4, -0.616184, -0.781801, -0.09542, -0.0, 0.0, 0.0, 0.0, 1.0],
                [-0.056923, 0.377016, -0.924456, 0.0, 0.796252, -0.541448, -0.269845, 0.4, -0.602281, -0.75146, -0.269379, -0.0, 0.0, 0.0, 0.0, 1.0],
                [0.232773, 0.507413, -0.829668, -0.0, 0.842336, -0.53159, -0.088787, 0.4, -0.486094, -0.678191, -0.551152, -0.0, 0.0, 0.0, 0.0, 1.0],
                [0.352537, 0.613206, -0.706891, 0.0, 0.837085, -0.544329, -0.054722, 0.4, -0.418338, -0.572437, -0.705202, -0.0, 0.0, 0.0, 0.0, 1.0],
                [0.348899, 0.634501, -0.689694, 0.0, 0.842817, -0.534245, -0.065132, 0.4, -0.409792, -0.558561, -0.721165, 0.0, 0.0, 0.0, 0.0, 1.0],
                [0.299224, 0.626336, -0.719839, 0.0, 0.854956, -0.510972, -0.089211, 0.4, -0.423694, -0.588736, -0.688384, -0.0, 0.0, 0.0, 0.0, 1.0],
                [0.230784, 0.659217, -0.715662, 0.0, 0.872153, -0.466242, -0.14822, 0.4, -0.431381, -0.589959, -0.682539, -0.0, 0.0, 0.0, 0.0, 1.0],
                [0.223599, 0.660487, -0.716771, -0.0, 0.87385, -0.461582, -0.152737, 0.4, -0.431729, -0.592198, -0.680376, -0.0, 0.0, 0.0, 0.0, 1.0],
                [0.378232, 0.756979, -0.532844, -0.0, 0.82836, -0.533711, -0.170212, 0.4, -0.413232, -0.377006, -0.828919, -0.0, 0.0, 0.0, 0.0, 1.0],
                [0.367644, 0.840359, -0.398289, 0.0, 0.840738, -0.483402, -0.243892, 0.4, -0.397491, -0.245191, -0.884241, 0.0, 0.0, 0.0, 0.0, 1.0]
            ]
        },
        {
            "name": "Arm_R",
            "time": [0.0, 0.1667, 0.3333, 0.6667, 1.0, 1.3333, 1.6667, 2.0, 2.3333, 2.6667, 3.0, 3.3333, 3.6667, 4.0, 4.3333, 4.6667, 5.0, 6.0, 6.6667],
            "transform": [
                [0.457346, -0.211052, 0.863882, 0.0, -0.341725, 0.855138, 0.389827, 0.39386, -0.821011, -0.473496, 0.318972, 0.0, 0.0, 0.0, 0.0, 1.0],
                [0.392315, -0.057355, 0.918041, 0.0, -0.671871, 0.663792, 0.328587, 0.39386, -0.628235, -0.745715, 0.22188, -0.0, 0.0, 0.0, 0.0, 1.0],
                [0.510364, 0.35688, 0.78241, 0.0, -0.561467, 0.827424, -0.011169, 0.39386, -0.651371, -0.433596, 0.622664, 0.0, 0.0, 0.0, 0.0, 1.0],
                [0.419418, 0.765329, 0.488222, 0.0, -0.284492, 0.621532, -0.729906, 0.39386, -0.862062, 0.16724, 0.478412, 0.0, 0.0, 0.0, 0.0, 1.0],
                [-0.378845, 0.6699, 0.638523, 0.0, -0.240988, 0.59474, -0.766948, 0.393861, -0.893534, -0.44443, -0.063877, -0.0, 0.0, 0.0, 0.0, 1.0],
                [-0.155531, -0.327673, 0.931902, 0.0, 0.175674, 0.919169, 0.352515, 0.39386, -0.972085, 0.218538, -0.085396, 0.0, 0.0, 0.0, 0.0, 1.0],
                [0.338852, 0.003656, 0.940833, -0.0, 0.657634, 0.714209, -0.23963, 0.39386, -0.672827, 0.699922, 0.239608, -0.0, 0.0, 0.0, 0.0, 1.0],
                [0.361638, -0.263676, 0.894256, -0.0, 0.67329, 0.737339, -0.054871, 0.393861, -0.644902, 0.621937, 0.444181, 0.0, 0.0, 0.0, 0.0, 1.0],
                [0.366184, -0.194413, 0.910008, 0.0, 0.769324, 0.613408, -0.178526, 0.39386, -0.523498, 0.765463, 0.374187, 0.0, 0.0, 0.0, 0.0, 1.0],
                [0.536897, -0.167111, 0.826931, 0.0, 0.72585, 0.591069, -0.351822, 0.393861, -0.42998, 0.78912, 0.438641, -0.0, 0.0, 0.0, 0.0, 1.0],
                [0.747975, -0.131808, 0.650508, 0.0, 0.439519, 0.832766, -0.336636, 0.393861, -0.497349, 0.537706, 0.68082, -0.0, 0.0, 0.0, 0.0, 1.0],
                [0.727493, -0.373131, 0.575784, 0.0, 0.334491, 0.925591, 0.177194, 0.39386, -0.599056, 0.063687, 0.79817, 0.0, 0.0, 0.0, 0.0, 1.0],
                [0.519427, -0.502631, 0.691056, 0.0, 0.229838, 0.861087, 0.453546, 0.39386, -0.823024, -0.076752, 0.562796, -0.0, 0.0, 0.0, 0.0, 1.0],
                [0.30278, -0.355614, 0.88423, -0.0, 0.156384, 0.933742, 0.321978, 0.393861, -0.940143, 0.040791, 0.338331, 0.0, 0.0, 0.0, 0.0, 1.0],
                [0.353645, 0.021691, 0.935128, 0.0, 0.125234, 0.989632, -0.070317, 0.39386, -0.926958, 0.141977, 0.347262, -0.0, 0.0, 0.0, 0.0, 1.0],
                [0.778429, 0.260023, 0.571346, 0.0, -0.045079, 0.93098, -0.362276, 0.39386, -0.626112, 0.256251, 0.736424, -0.0, 0.0, 0.0, 0.0, 1.0],
                [0.913687, 0.199886, 0.353865, 0.0, -0.044112, 0.914324, -0.402574, 0.393861, -0.404016, 0.352217, 0.844225, -0.0, 0.0, 0.0, 0.0, 1.0],
                [0.813063, -0.442743, 0.37803, -0.0, 0.376057, 0.895106, 0.239515, 0.39386, -0.44442, -0.05258, 0.894274, 0.0, 0.0, 0.0, 0.0, 1.0],
                [0.729904, -0.591665, 0.342305, 0.0, 0.460104, 0.795608, 0.394097, 0.39386, -0.505513, -0.130157, 0.852946, -0.0, 0.0, 0.0, 0.0, 1.0]
            ]
        },
        {
            "name": "Hand_R",
            "time": [0.0, 0.1667, 0.3333, 0.6667, 1.0, 1.3333, 1.6667, 2.0, 2.3333, 2.6667, 3.0, 3.3333, 3.6667, 4.0, 4.3333, 4.6667, 5.0, 6.0, 6.6667],
            "transform": [
                [1.0, 1e-06, 1e-06, -0.0, -0.0, 0.694846, -0.719158, 0.3, -2e-06, 0.719159, 0.694845, -0.0, 0.0, 0.0, 0.0, 1.0],
                [1.000001, 1e-06, 1e-06, 0.0, 0.0, 0.594043, -0.804433, 0.3, -2e-06, 0.804433, 0.594043, 0.0, 0.0, 0.0, 0.0, 1.0],
                [1.000001, 1e-06, 1e-06, -0.0, -1e-06, 0.999999, -0.001091, 0.3, -1e-06, 0.001091, 0.999999, 0.0, 0.0, 0.0, 0.0, 1.0],
                [1.0, 1e-06, 1e-06, -0.0, 0.0, 0.639346, -0.768919, 0.3, -1e-06, 0.768919, 0.639346, -0.0, 0.0, 0.0, 0.0, 1.0],
                [1.000001, 1e-06, 1e-06, -0.0, 1e-06, -0.137201, -0.990544, 0.3, -1e-06, 0.990543, -0.137201, 0.0, 0.0, 0.0, 0.0, 1.0],
                [1.0, 1e-06, 1e-06, 0.0, 1e-06, -0.527343, -0.849654, 0.3, -0.0, 0.849652, -0.527344, 0.0, 0.0, 0.0, 0.0, 1.0],
                [1.0, 1e-06, 1e-06, -0.0, 0.0, 0.736435, -0.676508, 0.3, -2e-06, 0.676508, 0.736436, 0.0, 0.0, 0.0, 0.0, 1.0],
                [1.0, 1e-06, 1e-06, 0.0, 1e-06, 0.339471, -0.940618, 0.3, -1e-06, 0.940616, 0.339471, -0.0, 0.0, 0.0, 0.0, 1.0],
                [1.0, 1e-06, 1e-06, 0.0, 0.0, 0.570531, -0.821277, 0.3, -1e-06, 0.821275, 0.570532, 0.0, 0.0, 0.0, 0.0, 1.0],
                [1.000001, 1e-06, 1e-06, 0.0, 0.0, 0.64958, -0.760293, 0.3, -1e-06, 0.760293, 0.649581, 0.0, 0.0, 0.0, 0.0, 1.0],
                [1.000001, 1e-06, 1e-06, 0.0, 1e-06, 0.457486, -0.889217, 0.3, -1e-06, 0.889217, 0.457486, -0.0, 0.0, 0.0, 0.0, 1.0],
                [1.0, 1e-06, 1e-06, -0.0, 1e-06, 0.163983, -0.986463, 0.3, -1e-06, 0.986463, 0.163983, 0.0, 0.0, 0.0, 0.0, 1.0],
                [1.0, 1e-06, 1e-06, -0.0, 1e-06, -0.013091, -0.999915, 0.3, -1e-06, 0.999913, -0.013091, 0.0, 0.0, 0.0, 0.0, 1.0],
                [1.0, 1e-06, 1e-06, 0.0, 1e-06, -0.189623, -0.981857, 0.3, -1e-06, 0.981857, -0.189623, 0.0, 0.0, 0.0, 0.0, 1.0],
                [1.0, 1e-06, 1e-06, 0.0, 1e-06, -0.281196, -0.959651, 0.3, -1e-06, 0.959649, -0.281197, -0.0, 0.0, 0.0, 0.0, 1.0],
                [1.0, 1e-06, 1e-06, 0.0, 1e-06, -0.08721, -0.99619, 0.3, -1e-06, 0.996189, -0.087211, 0.0, 0.0, 0.0, 0.0, 1.0],
                [1.0, 1e-06, 1e-06, 0.0, 1e-06, 0.284164, -0.958776, 0.3, -1e-06, 0.958775, 0.284165, 0.0, 0.0, 0.0, 0.0, 1.0],
                [1.0, 1e-06, 2e-06, 0.0, 0.0, 0.715798, -0.698307, 0.3, -2e-06, 0.698307, 0.715798, -0.0, 0.0, 0.0, 0.0, 1.0],
                [1.0, 1e-06, 2e-06, 0.0, 0.0, 0.752233, -0.658898, 0.3, -2e-06, 0.658897, 0.752233, -0.0, 0.0, 0.0, 0.0, 1.0]
            ]
        },
        {
            "name": "Tool_R",
            "time": [0.0, 0.1667, 0.3333, 0.6667, 1.0, 1.3333, 1.6667, 2.0, 2.3333, 2.6667, 3.0, 3.3333, 3.6667, 4.0, 4.3333, 4.6667, 5.0, 6.0, 6.6667],
            "transform": [
                [-0.532193, -0.776034, -0.338441, 0.0, 0.209574, 0.266557, -0.940757, 0.272858, 0.820273, -0.571595, 0.020777, -0.0, 0.0, 0.0, 0.0, 1.0],
                [-0.713927, -0.693399, -0.0975, 0.0, 0.323056, -0.202634, -0.924432, 0.272858, 0.621243, -0.691475, 0.368673, -0.0, 0.0, 0.0, 0.0, 1.0],
                [-0.764138, -0.644849, -0.016186, -0.0, -0.106349, 0.150691, -0.982845, 0.272858, 0.636226, -0.749306, -0.183728, -0.0, 0.0, 0.0, 0.0, 1.0],
                [-0.976586, -0.2146, -0.015048, 0.0, -0.035491, 0.22971, -0.972611, 0.272858, 0.212179, -0.949306, -0.231948, -0.0, 0.0, 0.0, 0.0, 1.0],
                [-0.990699, 0.113242, 0.075449, -0.0, 0.066184, 0.885466, -0.459966, 0.272858, -0.118895, -0.450694, -0.884726, 0.0, 0.0, 0.0, 0.0, 1.0],
                [-0.354063, 0.76466, -0.538458, 0.0, 0.078689, 0.598071, 0.797573, 0.272858, 0.931902, 0.240021, -0.271926, -0.0, 0.0, 0.0, 0.0, 1.0],
                [-0.390045, -0.760222, -0.519547, 0.0, 0.08139, 0.533564, -0.841835, 0.272858, 0.91719, -0.37064, -0.14624, 0.0, 0.0, 0.0, 0.0, 1.0],
                [-0.33013, -0.698341, -0.635086, -0.0, 0.204161, 0.604055, -0.770349, 0.272858, 0.92159, -0.383976, -0.056843, -0.0, 0.0, 0.0, 0.0, 1.0],
                [-0.373466, -0.620488, -0.689579, 0.0, 0.074111, 0.721031, -0.688929, 0.272858, 0.924678, -0.308397, -0.223296, 0.0, 0.0, 0.0, 0.0, 1.0],
                [-0.4181, -0.339848, -0.842435, -0.0, 0.402309, 0.762201, -0.507147, 0.272858, 0.814457, -0.550956, -0.181952, -0.0, 0.0, 0.0, 0.0, 1.0],
                [-0.088902, -0.212071, -0.973202, 0.0, 0.983212, 0.137627, -0.119807, 0.272858, 0.159347, -0.967514, 0.196276, 0.0, 0.0, 0.0, 0.0, 1.0],
                [0.268289, -0.243217, -0.932131, 0.0, 0.962872, 0.037611, 0.267324, 0.272859, -0.029959, -0.969242, 0.244278, 0.0, 0.0, 0.0, 0.0, 1.0],
                [0.193193, -0.059116, -0.97938, 0.0, 0.980238, 0.054903, 0.190049, 0.272859, 0.042536, -0.996739, 0.068555, 0.0, 0.0, 0.0, 0.0, 1.0],
                [-0.256426, 0.437299, -0.861983, 0.0, 0.955359, -0.020726, -0.294719, 0.272858, -0.146746, -0.899077, -0.412463, 0.0, 0.0, 0.0, 0.0, 1.0],
                [-0.552786, 0.733557, -0.395375, -0.0, 0.644511, 0.075599, -0.760849, 0.272858, -0.528236, -0.675409, -0.514576, 0.0, 0.0, 0.0, 0.0, 1.0],
                [-0.717115, 0.606241, -0.34383, -0.0, 0.402214, -0.042909, -0.91454, 0.272858, -0.569185, -0.794123, -0.213067, 0.0, 0.0, 0.0, 0.0, 1.0],
                [-0.843447, 0.51791, -0.142716, 0.0, 0.168303, 0.00246, -0.985733, 0.272858, -0.510171, -0.85543, -0.089241, -0.0, 0.0, 0.0, 0.0, 1.0],
                [-0.689283, 0.675726, 0.26131, -0.0, 0.052828, 0.406597, -0.912079, 0.272858, -0.722564, -0.614875, -0.315958, -0.0, 0.0, 0.0, 0.0, 1.0],
