{
    "animation": [
        {
            "name": "Root",
            "time": [0.0, 0.0333, 0.0667, 0.1, 0.1333, 0.1667, 0.2, 0.2333, 0.2667, 0.3, 0.3333, 0.3667, 0.4, 0.4333, 0.4667, 0.5, 0.5333, 0.5667, 0.6, 0.6333, 0.6667, 0.7, 0.7333, 0.7667, 0.8, 0.8333, 0.8667, 0.9, 0.9333, 0.9667, 1.0, 1.0333, 1.0667, 1.1, 1.1333, 1.1667, 1.2, 1.2333, 1.2667, 1.3, 1.3333, 1.3667, 1.4, 1.4333, 1.4667, 1.5, 1.5333, 1.5667, 1.6, 1.6333, 1.6667, 1.7, 1.7333, 1.7667, 1.8, 1.8333, 1.8667, 1.9, 1.9333, 1.9667, 2.0, 2.0333, 2.0667, 2.1, 2.1333, 2.1667, 2.2, 2.2333, 2.2667, 2.3, 2.3333, 2.3667, 2.4, 2.4333, 2.4667, 2.5, 2.5333, 2.5667, 2.6, 2.6333, 2.6667, 2.7, 2.7333, 2.7667, 2.8, 2.8333, 2.8667, 2.9, 2.9333, 2.9667, 3.0, 3.0333, 3.0667, 3.1, 3.1333, 3.1667, 3.2, 3.2333, 3.2667, 3.3, 3.3333, 3.3667, 3.4, 3.4333, 3.4667, 3.5, 3.5333, 3.5667, 3.6, 3.6333, 3.6667, 3.7, 3.7333, 3.7667, 3.8, 3.8333, 3.8667, 3.9, 3.9333, 3.9667, 4.0, 4.0333, 4.0667, 4.1, 4.1333, 4.1667, 4.2, 4.2333, 4.2667, 4.3, 4.3333, 4.3667, 4.4, 4.4333, 4.4667, 4.5, 4.5333, 4.5667, 4.6, 4.6333, 4.6667, 4.7, 4.7333, 4.7667, 4.8, 4.8333, 4.8667, 4.9, 4.9333, 4.9667, 5.0, 5.0333, 5.0667, 5.1, 5.1333, 5.1667, 5.2, 5.2333, 5.2667, 5.3, 5.3333, 5.3667, 5.4, 5.4333, 5.4667, 5.5, 5.5333, 5.5667, 5.6, 5.6333, 5.6667, 5.7, 5.7333, 5.7667, 5.8, 5.8333, 5.8667, 5.9, 5.9333, 5.9667, 6.0, 6.0333, 6.0667, 6.1, 6.1333, 6.1667, 6.2, 6.2333, 6.2667, 6.3, 6.3333, 6.3667, 6.4, 6.4333, 6.4667, 6.5, 6.5333, 6.5667, 6.6, 6.6333, 6.6667, 6.7, 6.7333, 6.7667, 6.8, 6.8333, 6.8667, 6.9, 6.9333, 6.9667, 7.0, 7.0333, 7.0667, 7.1, 7.1333, 7.1667, 7.2, 7.2333, 7.2667, 7.3, 7.3333, 7.3667, 7.4, 7.4333, 7.4667, 7.5, 7.5333, 7.5667, 7.6, 7.6333, 7.6667, 7.7, 7.7333, 7.7667, 7.8, 7.8333, 7.8667, 7.9, 7.9333, 7.9667, 8.0, 8.0333, 8.0667, 8.1, 8.1333, 8.1667, 8.2, 8.2333, 8.2667, 8.3, 8.3333, 8.3667, 8.4, 8.4333, 8.4667, 8.5, 8.5333, 8.5667, 8.6, 8.6333, 8.6667, 8.7, 8.7333, 8.7667, 8.8, 8.8333],
            "transform": [
                [1.0, 0.0, 0.0, 0.0, 0.0, 0.0, -1.0, 0.0, -0.0, 1.0, 0.0, 0.435042, 0.0, 0.0, 0.0, 1.0],
                [1.0, 0.0, 0.0, -0.087074, 0.0, 0.0, -1.0, 0.154162, -0.0, 1.0, 0.0, 0.561174, 0.0, 0.0, 0.0, 1.0],
                [1.0, 0.0, 0.0, -0.174148, 0.0, 0.0, -1.0, 0.308323, -0.0, 1.0, 0.0, 0.687306, 0.0, 0.0, 0.0, 1.0],
                [1.0, 0.0, 0.0, -0.261222, 0.0, 0.0, -1.0, 0.462485, -0.0, 1.0, 0.0, 0.813438, 0.0, 0.0, 0.0, 1.0],
                [1.0, 0.0, 0.0, -0.348296, 0.0, 0.0, -1.0, 0.616646, -0.0, 1.0, 0.0, 0.93957, 0.0, 0.0, 0.0, 1.0],
                [1.0, 0.0, 0.0, -0.43537, 0.0, 0.0, -1.0, 0.770808, -0.0, 1.0, 0.0, 1.065703, 0.0, 0.0, 0.0, 1.0],
                [1.0, 0.0, 0.0, -0.501675, 0.0, 0.0, -1.0, 0.849702, -0.0, 1.0, 0.0, 1.108365, 0.0, 0.0, 0.0, 1.0],
                [1.0, 0.0, 0.0, -0.56798, 0.0, 0.0, -1.0, 0.928597, -0.0, 1.0, 0.0, 1.151027, 0.0, 0.0, 0.0, 1.0],
                [1.0, 0.0, 0.0, -0.634285, 0.0, 0.0, -1.0, 1.007491, -0.0, 1.0, 0.0, 1.19369, 0.0, 0.0, 0.0, 1.0],
                [1.0, 0.0, 0.0, -0.70059, 0.0, 0.0, -1.0, 1.086386, -0.0, 1.0, 0.0, 1.236352, 0.0, 0.0, 0.0, 1.0],
                [1.0, 0.0, 0.0, -0.766895, 0.0, 0.0, -1.0, 1.16528, -0.0, 1.0, 0.0, 1.279014, 0.0, 0.0, 0.0, 1.0],
                [1.0, 0.0, 0.0, -0.788364, 0.0, 0.0, -1.0, 1.195956, -0.0, 1.0, 0.0, 1.293853, 0.0, 0.0, 0.0, 1.0],
                [1.0, 0.0, 0.0, -0.809834, 0.0, 0.0, -1.0, 1.226632, -0.0, 1.0, 0.0, 1.308692, 0.0, 0.0, 0.0, 1.0],
                [1.0, 0.0, 0.0, -0.831304, 0.0, 0.0, -1.0, 1.257307, -0.0, 1.0, 0.0, 1.323531, 0.0, 0.0, 0.0, 1.0],
                [1.0, 0.0, 0.0, -0.852774, 0.0, 0.0, -1.0, 1.287983, -0.0, 1.0, 0.0, 1.33837, 0.0, 0.0, 0.0, 1.0],
                [1.0, 0.0, 0.0, -0.874243, 0.0, 0.0, -1.0, 1.318659, -0.0, 1.0, 0.0, 1.353209, 0.0, 0.0, 0.0, 1.0],
                [1.0, 0.0, 0.0, -0.927552, 0.0, 0.0, -1.0, 1.365073, -0.0, 1.0, 0.0, 1.396799, 0.0, 0.0, 0.0, 1.0],
                [1.0, 0.0, 0.0, -0.980861, 0.0, 0.0, -1.0, 1.411486, -0.0, 1.0, 0.0, 1.440389, 0.0, 0.0, 0.0, 1.0],
                [1.0, 0.0, 0.0, -1.03417, 0.0, 0.0, -1.0, 1.4579, -0.0, 1.0, 0.0, 1.483979, 0.0, 0.0, 0.0, 1.0],
                [1.0, 0.0, 0.0, -1.087479, 0.0, 0.0, -1.0, 1.504314, -0.0, 1.0, 0.0, 1.527569, 0.0, 0.0, 0.0, 1.0],
                [1.0, 0.0, 0.0, -1.140788, 0.0, 0.0, -1.0, 1.550728, -0.0, 1.0, 0.0, 1.571158, 0.0, 0.0, 0.0, 1.0],
                [1.0, 0.0, 0.0, -1.234524, 0.0, 0.0, -1.0, 1.30218, -0.0, 1.0, 0.0, 1.556319, 0.0, 0.0, 0.0, 1.0],
                [1.0, 0.0, 0.0, -1.328259, 0.0, 0.0, -1.0, 1.053632, -0.0, 1.0, 0.0, 1.54148, 0.0, 0.0, 0.0, 1.0],
                [1.0, 0.0, 0.0, -1.421994, 0.0, 0.0, -1.0, 0.805085, -0.0, 1.0, 0.0, 1.526641, 0.0, 0.0, 0.0, 1.0],
                [1.0, 0.0, 0.0, -1.51573, 0.0, 0.0, -1.0, 0.556537, -0.0, 1.0, 0.0, 1.511802, 0.0, 0.0, 0.0, 1.0],
                [1.0, 0.0, 0.0, -1.609465, 0.0, 0.0, -1.0, 0.307989, -0.0, 1.0, 0.0, 1.496963, 0.0, 0.0, 0.0, 1.0],
                [1.0, 0.0, 0.0, -1.516409, 0.0, 0.0, -1.0, 0.098439, -0.0, 1.0, 0.0, 1.449849, 0.0, 0.0, 0.0, 1.0],
                [1.0, 0.0, 0.0, -1.423353, 0.0, 0.0, -1.0, -0.111112, -0.0, 1.0, 0.0, 1.402735, 0.0, 0.0, 0.0, 1.0],
                [1.0, 0.0, 0.0, -1.330297, 0.0, 0.0, -1.0, -0.320663, -0.0, 1.0, 0.0, 1.355621, 0.0, 0.0, 0.0, 1.0],
                [1.0, 0.0, 0.0, -1.237241, 0.0, 0.0, -1.0, -0.530214, -0.0, 1.0, 0.0, 1.308507, 0.0, 0.0, 0.0, 1.0],
                [1.0, 0.0, 0.0, -1.144185, 0.0, 0.0, -1.0, -0.739764, -0.0, 1.0, 0.0, 1.261394, 0.0, 0.0, 0.0, 1.0],
                [1.0, 0.0, 0.0, -1.083451, 0.0, 0.0, -1.0, -0.821182, -0.0, 1.0, 0.0, 1.176253, 0.0, 0.0, 0.0, 1.0],
                [1.0, 0.0, 0.0, -1.022717, 0.0, 0.0, -1.0, -0.902599, -0.0, 1.0, 0.0, 1.091112, 0.0, 0.0, 0.0, 1.0],
                [1.0, 0.0, 0.0, -0.961982, 0.0, 0.0, -1.0, -0.984017, -0.0, 1.0, 0.0, 1.005971, 0.0, 0.0, 0.0, 1.0],
                [1.0, 0.0, 0.0, -0.901248, 0.0, 0.0, -1.0, -1.065434, -0.0, 1.0, 0.0, 0.92083, 0.0, 0.0, 0.0, 1.0],
                [1.0, 0.0, 0.0, -0.840514, 0.0, 0.0, -1.0, -1.146851, -0.0, 1.0, 0.0, 0.83569, 0.0, 0.0, 0.0, 1.0],
                [1.0, 0.0, 0.0, -0.7866, 0.0, 0.0, -1.0, -1.126215, -0.0, 1.0, 0.0, 0.738866, 0.0, 0.0, 0.0, 1.0],
                [1.0, 0.0, 0.0, -0.732687, 0.0, 0.0, -1.0, -1.105578, -0.0, 1.0, 0.0, 0.642043, 0.0, 0.0, 0.0, 1.0],
                [1.0, 0.0, 0.0, -0.678774, 0.0, 0.0, -1.0, -1.084941, -0.0, 1.0, 0.0, 0.545219, 0.0, 0.0, 0.0, 1.0],
                [1.0, 0.0, 0.0, -0.624861, 0.0, 0.0, -1.0, -1.064304, -0.0, 1.0, 0.0, 0.448396, 0.0, 0.0, 0.0, 1.0],
                [1.0, 0.0, 0.0, -0.570948, 0.0, 0.0, -1.0, -1.043668, -0.0, 1.0, 0.0, 0.351572, 0.0, 0.0, 0.0, 1.0],
                [1.0, 0.0, 0.0, -0.58015, 0.0, 0.0, -1.0, -1.050982, -0.0, 1.0, 0.0, 0.337944, 0.0, 0.0, 0.0, 1.0],
                [1.0, 0.0, 0.0, -0.589352, 0.0, 0.0, -1.0, -1.058296, -0.0, 1.0, 0.0, 0.324316, 0.0, 0.0, 0.0, 1.0],
                [1.0, 0.0, 0.0, -0.598554, 0.0, 0.0, -1.0, -1.06561, -0.0, 1.0, 0.0, 0.310687, 0.0, 0.0, 0.0, 1.0],
                [1.0, 0.0, 0.0, -0.607756, 0.0, 0.0, -1.0, -1.072924, -0.0, 1.0, 0.0, 0.297059, 0.0, 0.0, 0.0, 1.0],
                [1.0, 0.0, 0.0, -0.616958, 0.0, 0.0, -1.0, -1.080238, -0.0, 1.0, 0.0, 0.283431, 0.0, 0.0, 0.0, 1.0],
                [1.0, 0.0, 0.0, -0.62932, 0.0, 0.0, -1.0, -1.119212, -0.0, 1.0, 0.0, 0.285996, 0.0, 0.0, 0.0, 1.0],
                [1.0, 0.0, 0.0, -0.641682, 0.0, 0.0, -1.0, -1.158186, -0.0, 1.0, 0.0, 0.288561, 0.0, 0.0, 0.0, 1.0],
                [1.0, 0.0, 0.0, -0.654045, 0.0, 0.0, -1.0, -1.19716, -0.0, 1.0, 0.0, 0.291125, 0.0, 0.0, 0.0, 1.0],
                [1.0, 0.0, 0.0, -0.666407, 0.0, 0.0, -1.0, -1.236135, -0.0, 1.0, 0.0, 0.29369, 0.0, 0.0, 0.0, 1.0],
                [1.0, 0.0, 0.0, -0.678769, 0.0, 0.0, -1.0, -1.275109, -0.0, 1.0, 0.0, 0.296255, 0.0, 0.0, 0.0, 1.0],
                [1.0, 0.0, 0.0, -0.667143, 0.0, 0.0, -1.0, -1.271342, -0.0, 1.0, 0.0, 0.300978, 0.0, 0.0, 0.0, 1.0],
                [1.0, 0.0, 0.0, -0.655517, 0.0, 0.0, -1.0, -1.267575, -0.0, 1.0, 0.0, 0.305702, 0.0, 0.0, 0.0, 1.0],
                [1.0, 0.0, 0.0, -0.643891, 0.0, 0.0, -1.0, -1.263808, -0.0, 1.0, 0.0, 0.310425, 0.0, 0.0, 0.0, 1.0],
                [1.0, 0.0, 0.0, -0.632265, 0.0, 0.0, -1.0, -1.260041, -0.0, 1.0, 0.0, 0.315149, 0.0, 0.0, 0.0, 1.0],
                [1.0, 0.0, 0.0, -0.620639, 0.0, 0.0, -1.0, -1.256274, -0.0, 1.0, 0.0, 0.319872, 0.0, 0.0, 0.0, 1.0],
                [1.0, 0.0, 0.0, -0.625138, 0.0, 0.0, -1.0, -1.256368, -0.0, 1.0, 0.0, 0.332165, 0.0, 0.0, 0.0, 1.0],
                [1.0, 0.0, 0.0, -0.629637, 0.0, 0.0, -1.0, -1.256462, -0.0, 1.0, 0.0, 0.344458, 0.0, 0.0, 0.0, 1.0],
                [1.0, 0.0, 0.0, -0.634135, 0.0, 0.0, -1.0, -1.256556, -0.0, 1.0, 0.0, 0.356751, 0.0, 0.0, 0.0, 1.0],
                [1.0, 0.0, 0.0, -0.638634, 0.0, 0.0, -1.0, -1.256649, -0.0, 1.0, 0.0, 0.369044, 0.0, 0.0, 0.0, 1.0],
                [1.0, 0.0, 0.0, -0.643133, 0.0, 0.0, -1.0, -1.256743, -0.0, 1.0, 0.0, 0.381337, 0.0, 0.0, 0.0, 1.0],
                [1.0, 0.0, 0.0, -0.649491, 0.0, 0.0, -1.0, -1.2546, -0.0, 1.0, 0.0, 0.382335, 0.0, 0.0, 0.0, 1.0],
                [1.0, 0.0, 0.0, -0.655849, 0.0, 0.0, -1.0, -1.252457, -0.0, 1.0, 0.0, 0.383333, 0.0, 0.0, 0.0, 1.0],
                [1.0, 0.0, 0.0, -0.662207, 0.0, 0.0, -1.0, -1.250313, -0.0, 1.0, 0.0, 0.384331, 0.0, 0.0, 0.0, 1.0],
                [1.0, 0.0, 0.0, -0.668566, 0.0, 0.0, -1.0, -1.24817, -0.0, 1.0, 0.0, 0.385329, 0.0, 0.0, 0.0, 1.0],
                [1.0, 0.0, 0.0, -0.674924, 0.0, 0.0, -1.0, -1.246027, -0.0, 1.0, 0.0, 0.386327, 0.0, 0.0, 0.0, 1.0],
                [1.0, 0.0, 0.0, -0.681282, 0.0, 0.0, -1.0, -1.243884, -0.0, 1.0, 0.0, 0.387325, 0.0, 0.0, 0.0, 1.0],
                [1.0, 0.0, 0.0, -0.68764, 0.0, 0.0, -1.0, -1.24174, -0.0, 1.0, 0.0, 0.388324, 0.0, 0.0, 0.0, 1.0],
                [1.0, 0.0, 0.0, -0.693999, 0.0, 0.0, -1.0, -1.239597, -0.0, 1.0, 0.0, 0.389322, 0.0, 0.0, 0.0, 1.0],
                [1.0, 0.0, 0.0, -0.700357, 0.0, 0.0, -1.0, -1.237454, -0.0, 1.0, 0.0, 0.39032, 0.0, 0.0, 0.0, 1.0],
                [1.0, 0.0, 0.0, -0.706715, 0.0, 0.0, -1.0, -1.235311, -0.0, 1.0, 0.0, 0.391318, 0.0, 0.0, 0.0, 1.0],
                [1.0, 0.0, 0.0, -0.708048, 0.0, 0.0, -1.0, -1.233539, -0.0, 1.0, 0.0, 0.37591, 0.0, 0.0, 0.0, 1.0],
                [1.0, 0.0, 0.0, -0.70938, 0.0, 0.0, -1.0, -1.231768, -0.0, 1.0, 0.0, 0.360503, 0.0, 0.0, 0.0, 1.0],
                [1.0, 0.0, 0.0, -0.710713, 0.0, 0.0, -1.0, -1.229996, -0.0, 1.0, 0.0, 0.345096, 0.0, 0.0, 0.0, 1.0],
                [1.0, 0.0, 0.0, -0.712046, 0.0, 0.0, -1.0, -1.228225, -0.0, 1.0, 0.0, 0.329689, 0.0, 0.0, 0.0, 1.0],
                [1.0, 0.0, 0.0, -0.713378, 0.0, 0.0, -1.0, -1.226454, -0.0, 1.0, 0.0, 0.314281, 0.0, 0.0, 0.0, 1.0],
                [1.0, 0.0, 0.0, -0.70796, 0.0, 0.0, -1.0, -1.210905, -0.0, 1.0, 0.0, 0.314729, 0.0, 0.0, 0.0, 1.0],
                [1.0, 0.0, 0.0, -0.702541, 0.0, 0.0, -1.0, -1.195357, -0.0, 1.0, 0.0, 0.315176, 0.0, 0.0, 0.0, 1.0],
                [1.0, 0.0, 0.0, -0.697122, 0.0, 0.0, -1.0, -1.179809, -0.0, 1.0, 0.0, 0.315623, 0.0, 0.0, 0.0, 1.0],
                [1.0, 0.0, 0.0, -0.691703, 0.0, 0.0, -1.0, -1.164261, -0.0, 1.0, 0.0, 0.31607, 0.0, 0.0, 0.0, 1.0],
                [1.0, 0.0, 0.0, -0.686285, 0.0, 0.0, -1.0, -1.148713, -0.0, 1.0, 0.0, 0.316518, 0.0, 0.0, 0.0, 1.0],
                [1.0, 0.0, 0.0, -0.682079, 0.0, 0.0, -1.0, -1.112108, -0.0, 1.0, 0.0, 0.311956, 0.0, 0.0, 0.0, 1.0],
                [1.0, 0.0, 0.0, -0.677873, 0.0, 0.0, -1.0, -1.075502, -0.0, 1.0, 0.0, 0.307393, 0.0, 0.0, 0.0, 1.0],
                [1.0, 0.0, 0.0, -0.673667, 0.0, 0.0, -1.0, -1.038897, -0.0, 1.0, 0.0, 0.302831, 0.0, 0.0, 0.0, 1.0],
                [1.0, 0.0, 0.0, -0.669461, 0.0, 0.0, -1.0, -1.002292, -0.0, 1.0, 0.0, 0.298269, 0.0, 0.0, 0.0, 1.0],
                [1.0, 0.0, 0.0, -0.665255, 0.0, 0.0, -1.0, -0.965687, -0.0, 1.0, 0.0, 0.293707, 0.0, 0.0, 0.0, 1.0],
                [1.0, 0.0, 0.0, -0.668105, 0.0, 0.0, -1.0, -0.920279, -0.0, 1.0, 0.0, 0.298144, 0.0, 0.0, 0.0, 1.0],
                [1.0, 0.0, 0.0, -0.670955, 0.0, 0.0, -1.0, -0.874871, -0.0, 1.0, 0.0, 0.302581, 0.0, 0.0, 0.0, 1.0],
                [1.0, 0.0, 0.0, -0.673805, 0.0, 0.0, -1.0, -0.829464, -0.0, 1.0, 0.0, 0.307018, 0.0, 0.0, 0.0, 1.0],
                [1.0, 0.0, 0.0, -0.676655, 0.0, 0.0, -1.0, -0.784056, -0.0, 1.0, 0.0, 0.311455, 0.0, 0.0, 0.0, 1.0],
                [1.0, 0.0, 0.0, -0.679506, 0.0, 0.0, -1.0, -0.738649, -0.0, 1.0, 0.0, 0.315891, 0.0, 0.0, 0.0, 1.0],
                [1.0, 0.0, 0.0, -0.672271, 0.0, 0.0, -1.0, 0.2791, -0.0, 1.0, 0.0, 0.504298, 0.0, 0.0, 0.0, 1.0],
                [1.0, 0.0, 0.0, -0.665036, 0.0, 0.0, -1.0, 1.296848, -0.0, 1.0, 0.0, 0.692704, 0.0, 0.0, 0.0, 1.0],
                [1.0, 0.0, 0.0, -0.657801, 0.0, 0.0, -1.0, 2.314597, -0.0, 1.0, 0.0, 0.88111, 0.0, 0.0, 0.0, 1.0],
                [1.0, 0.0, 0.0, -0.650566, 0.0, 0.0, -1.0, 3.332345, -0.0, 1.0, 0.0, 1.069516, 0.0, 0.0, 0.0, 1.0],
                [1.0, 0.0, 0.0, -0.643331, 0.0, 0.0, -1.0, 4.350094, -0.0, 1.0, 0.0, 1.257923, 0.0, 0.0, 0.0, 1.0],
                [1.0, 0.0, 0.0, -0.631162, 0.0, 0.0, -1.0, 5.268565, -0.0, 1.0, 0.0, 1.717007, 0.0, 0.0, 0.0, 1.0],
                [1.0, 0.0, 0.0, -0.618993, 0.0, 0.0, -1.0, 6.187035, -0.0, 1.0, 0.0, 2.176092, 0.0, 0.0, 0.0, 1.0],
                [1.0, 0.0, 0.0, -0.606824, 0.0, 0.0, -1.0, 7.105505, -0.0, 1.0, 0.0, 2.635176, 0.0, 0.0, 0.0, 1.0],
                [1.0, 0.0, 0.0, -0.594655, 0.0, 0.0, -1.0, 8.023975, -0.0, 1.0, 0.0, 3.09426, 0.0, 0.0, 0.0, 1.0],
                [1.0, 0.0, 0.0, -0.582486, 0.0, 0.0, -1.0, 8.942446, -0.0, 1.0, 0.0, 3.553345, 0.0, 0.0, 0.0, 1.0],
                [1.0, 0.0, 0.0, -0.582007, 0.0, 0.0, -1.0, 9.651748, -0.0, 1.0, 0.0, 3.793736, 0.0, 0.0, 0.0, 1.0],
                [1.0, 0.0, 0.0, -0.581528, 0.0, 0.0, -1.0, 10.361051, -0.0, 1.0, 0.0, 4.034127, 0.0, 0.0, 0.0, 1.0],
                [1.0, 0.0, 0.0, -0.581049, 0.0, 0.0, -1.0, 11.070353, -0.0, 1.0, 0.0, 4.274518, 0.0, 0.0, 0.0, 1.0],
                [1.0, 0.0, 0.0, -0.580569, 0.0, 0.0, -1.0, 11.779655, -0.0, 1.0, 0.0, 4.514908, 0.0, 0.0, 0.0, 1.0],
                [1.0, 0.0, 0.0, -0.58009, 0.0, 0.0, -1.0, 12.488957, -0.0, 1.0, 0.0, 4.755299, 0.0, 0.0, 0.0, 1.0],
                [1.0, 0.0, 0.0, -0.602311, 0.0, 0.0, -1.0, 13.229057, -0.0, 1.0, 0.0, 5.006437, 0.0, 0.0, 0.0, 1.0],
                [1.0, 0.0, 0.0, -0.624532, 0.0, 0.0, -1.0, 13.969158, -0.0, 1.0, 0.0, 5.257575, 0.0, 0.0, 0.0, 1.0],
                [1.0, 0.0, 0.0, -0.646753, 0.0, 0.0, -1.0, 14.709258, -0.0, 1.0, 0.0, 5.508712, 0.0, 0.0, 0.0, 1.0],
                [1.0, 0.0, 0.0, -0.668973, 0.0, 0.0, -1.0, 15.449358, -0.0, 1.0, 0.0, 5.75985, 0.0, 0.0, 0.0, 1.0],
                [1.0, 0.0, 0.0, -0.691194, 0.0, 0.0, -1.0, 16.189459, -0.0, 1.0, 0.0, 6.010987, 0.0, 0.0, 0.0, 1.0],
                [1.0, 0.0, 0.0, -0.650676, 0.0, 0.0, -1.0, 16.794369, -0.0, 1.0, 0.0, 5.51388, 0.0, 0.0, 0.0, 1.0],
                [1.0, 0.0, 0.0, -0.610159, 0.0, 0.0, -1.0, 17.399281, -0.0, 1.0, 0.0, 5.016772, 0.0, 0.0, 0.0, 1.0],
                [1.0, 0.0, 0.0, -0.569641, 0.0, 0.0, -1.0, 18.00419, -0.0, 1.0, 0.0, 4.519665, 0.0, 0.0, 0.0, 1.0],
                [1.0, 0.0, 0.0, -0.529123, 0.0, 0.0, -1.0, 18.609102, -0.0, 1.0, 0.0, 4.022558, 0.0, 0.0, 0.0, 1.0],
                [1.0, 0.0, 0.0, -0.488605, 0.0, 0.0, -1.0, 19.214012, -0.0, 1.0, 0.0, 3.52545, 0.0, 0.0, 0.0, 1.0],
                [1.0, 0.0, 0.0, -0.240616, 0.0, 0.0, -1.0, 19.254641, -0.0, 1.0, 0.0, 3.642846, 0.0, 0.0, 0.0, 1.0],
                [1.0, 0.0, 0.0, 0.007373, 0.0, 0.0, -1.0, 19.295269, -0.0, 1.0, 0.0, 3.760242, 0.0, 0.0, 0.0, 1.0],
                [1.0, 0.0, 0.0, 0.218056, 0.0, 0.0, -1.0, 19.539965, -0.0, 1.0, 0.0, 3.82523, 0.0, 0.0, 0.0, 1.0],
                [1.0, 0.0, 0.0, 0.247356, 0.0, 0.0, -1.0, 19.896843, -0.0, 1.0, 0.0, 3.906243, 0.0, 0.0, 0.0, 1.0],
                [1.0, 0.0, 0.0, 0.016231, 0.0, 0.0, -1.0, 20.369911, -0.0, 1.0, 0.0, 3.836343, 0.0, 0.0, 0.0, 1.0],
                [1.0, 0.0, 0.0, -0.025299, 0.0, 0.0, -1.0, 20.52039, -0.0, 1.0, 0.0, 3.876451, 0.0, 0.0, 0.0, 1.0],
                [1.0, 0.0, 0.0, -0.066828, 0.0, 0.0, -1.0, 20.670868, -0.0, 1.0, 0.0, 3.916559, 0.0, 0.0, 0.0, 1.0],
                [1.0, 0.0, 0.0, -0.108358, 0.0, 0.0, -1.0, 20.821348, -0.0, 1.0, 0.0, 3.956667, 0.0, 0.0, 0.0, 1.0],
                [1.0, 0.0, 0.0, -0.149887, 0.0, 0.0, -1.0, 20.971827, -0.0, 1.0, 0.0, 3.996775, 0.0, 0.0, 0.0, 1.0],
                [1.0, 0.0, 0.0, -0.191417, 0.0, 0.0, -1.0, 21.122305, -0.0, 1.0, 0.0, 4.036883, 0.0, 0.0, 0.0, 1.0],
                [1.0, 0.0, 0.0, -0.204924, 0.0, 0.0, -1.0, 21.313095, -0.0, 1.0, 0.0, 4.135254, 0.0, 0.0, 0.0, 1.0],
                [1.0, 0.0, 0.0, -0.218431, 0.0, 0.0, -1.0, 21.503883, -0.0, 1.0, 0.0, 4.233626, 0.0, 0.0, 0.0, 1.0],
                [1.0, 0.0, 0.0, -0.231938, 0.0, 0.0, -1.0, 21.694674, -0.0, 1.0, 0.0, 4.331997, 0.0, 0.0, 0.0, 1.0],
                [1.0, 0.0, 0.0, -0.245446, 0.0, 0.0, -1.0, 21.885462, -0.0, 1.0, 0.0, 4.430368, 0.0, 0.0, 0.0, 1.0],
                [1.0, 0.0, 0.0, -0.258953, 0.0, 0.0, -1.0, 22.076252, -0.0, 1.0, 0.0, 4.52874, 0.0, 0.0, 0.0, 1.0],
                [1.0, 0.0, 0.0, -0.254179, 0.0, 0.0, -1.0, 22.178162, -0.0, 1.0, 0.0, 4.809182, 0.0, 0.0, 0.0, 1.0],
                [1.0, 0.0, 0.0, -0.249405, 0.0, 0.0, -1.0, 22.280071, -0.0, 1.0, 0.0, 5.089624, 0.0, 0.0, 0.0, 1.0],
                [1.0, 0.0, 0.0, -0.244631, 0.0, 0.0, -1.0, 22.381981, -0.0, 1.0, 0.0, 5.370066, 0.0, 0.0, 0.0, 1.0],
                [1.0, 0.0, 0.0, -0.239858, 0.0, 0.0, -1.0, 22.483891, -0.0, 1.0, 0.0, 5.650508, 0.0, 0.0, 0.0, 1.0],
                [1.0, 0.0, 0.0, -0.235084, 0.0, 0.0, -1.0, 22.5858, -0.0, 1.0, 0.0, 5.93095, 0.0, 0.0, 0.0, 1.0],
                [1.0, 0.0, 0.0, -0.242238, 0.0, 0.0, -1.0, 22.635771, -0.0, 1.0, 0.0, 6.043533, 0.0, 0.0, 0.0, 1.0],
                [1.0, 0.0, 0.0, -0.249392, 0.0, 0.0, -1.0, 22.68574, -0.0, 1.0, 0.0, 6.156116, 0.0, 0.0, 0.0, 1.0],
                [1.0, 0.0, 0.0, -0.256546, 0.0, 0.0, -1.0, 22.73571, -0.0, 1.0, 0.0, 6.2687, 0.0, 0.0, 0.0, 1.0],
                [1.0, 0.0, 0.0, -0.263699, 0.0, 0.0, -1.0, 22.785679, -0.0, 1.0, 0.0, 6.381283, 0.0, 0.0, 0.0, 1.0],
                [1.0, 0.0, 0.0, -0.270853, 0.0, 0.0, -1.0, 22.835649, -0.0, 1.0, 0.0, 6.493866, 0.0, 0.0, 0.0, 1.0],
                [1.0, 0.0, 0.0, -0.294946, 0.0, 0.0, -1.0, 22.867998, -0.0, 1.0, 0.0, 6.509033, 0.0, 0.0, 0.0, 1.0],
                [1.0, 0.0, 0.0, -0.319039, 0.0, 0.0, -1.0, 22.900347, -0.0, 1.0, 0.0, 6.524199, 0.0, 0.0, 0.0, 1.0],
                [1.0, 0.0, 0.0, -0.343131, 0.0, 0.0, -1.0, 22.932693, -0.0, 1.0, 0.0, 6.539366, 0.0, 0.0, 0.0, 1.0],
                [1.0, 0.0, 0.0, -0.367224, 0.0, 0.0, -1.0, 22.965042, -0.0, 1.0, 0.0, 6.554533, 0.0, 0.0, 0.0, 1.0],
                [1.0, 0.0, 0.0, -0.391316, 0.0, 0.0, -1.0, 22.997391, -0.0, 1.0, 0.0, 6.5697, 0.0, 0.0, 0.0, 1.0],
                [1.0, 0.0, 0.0, -0.415409, 0.0, 0.0, -1.0, 23.029739, -0.0, 1.0, 0.0, 6.584867, 0.0, 0.0, 0.0, 1.0],
                [1.0, 0.0, 0.0, -0.439501, 0.0, 0.0, -1.0, 23.062088, -0.0, 1.0, 0.0, 6.600033, 0.0, 0.0, 0.0, 1.0],
                [1.0, 0.0, 0.0, -0.463594, 0.0, 0.0, -1.0, 23.094435, -0.0, 1.0, 0.0, 6.6152, 0.0, 0.0, 0.0, 1.0],
                [1.0, 0.0, 0.0, -0.487687, 0.0, 0.0, -1.0, 23.126783, -0.0, 1.0, 0.0, 6.630367, 0.0, 0.0, 0.0, 1.0],
                [1.0, 0.0, 0.0, -0.511779, 0.0, 0.0, -1.0, 23.159132, -0.0, 1.0, 0.0, 6.645534, 0.0, 0.0, 0.0, 1.0],
                [1.0, 0.0, 0.0, -0.536703, 0.0, 0.0, -1.0, 23.350548, -0.0, 1.0, 0.0, 6.631931, 0.0, 0.0, 0.0, 1.0],
                [1.0, 0.0, 0.0, -0.561627, 0.0, 0.0, -1.0, 23.541964, -0.0, 1.0, 0.0, 6.618328, 0.0, 0.0, 0.0, 1.0],
                [1.0, 0.0, 0.0, -0.586551, 0.0, 0.0, -1.0, 23.733381, -0.0, 1.0, 0.0, 6.604725, 0.0, 0.0, 0.0, 1.0],
                [1.0, 0.0, 0.0, -0.611475, 0.0, 0.0, -1.0, 23.924797, -0.0, 1.0, 0.0, 6.591122, 0.0, 0.0, 0.0, 1.0],
                [1.0, 0.0, 0.0, -0.636399, 0.0, 0.0, -1.0, 24.116213, -0.0, 1.0, 0.0, 6.577519, 0.0, 0.0, 0.0, 1.0],
                [1.0, 0.0, 0.0, -0.697325, 0.0, 0.0, -1.0, 24.41663, -0.0, 1.0, 0.0, 6.526386, 0.0, 0.0, 0.0, 1.0],
                [1.0, 0.0, 0.0, -0.75825, 0.0, 0.0, -1.0, 24.717047, -0.0, 1.0, 0.0, 6.475254, 0.0, 0.0, 0.0, 1.0],
                [1.0, 0.0, 0.0, -0.819176, 0.0, 0.0, -1.0, 25.017462, -0.0, 1.0, 0.0, 6.42412, 0.0, 0.0, 0.0, 1.0],
                [1.0, 0.0, 0.0, -0.880101, 0.0, 0.0, -1.0, 25.317879, -0.0, 1.0, 0.0, 6.372988, 0.0, 0.0, 0.0, 1.0],
                [1.0, 0.0, 0.0, -0.941026, 0.0, 0.0, -1.0, 25.618296, -0.0, 1.0, 0.0, 6.321855, 0.0, 0.0, 0.0, 1.0],
                [1.0, 0.0, 0.0, -0.96595, 0.0, 0.0, -1.0, 25.934664, -0.0, 1.0, 0.0, 6.247304, 0.0, 0.0, 0.0, 1.0],
                [1.0, 0.0, 0.0, -0.990874, 0.0, 0.0, -1.0, 26.251032, -0.0, 1.0, 0.0, 6.172754, 0.0, 0.0, 0.0, 1.0],
                [1.0, 0.0, 0.0, -1.015798, 0.0, 0.0, -1.0, 26.5674, -0.0, 1.0, 0.0, 6.098204, 0.0, 0.0, 0.0, 1.0],
                [1.0, 0.0, 0.0, -1.040722, 0.0, 0.0, -1.0, 26.883768, -0.0, 1.0, 0.0, 6.023653, 0.0, 0.0, 0.0, 1.0],
                [1.0, 0.0, 0.0, -1.065646, 0.0, 0.0, -1.0, 27.200136, -0.0, 1.0, 0.0, 5.949102, 0.0, 0.0, 0.0, 1.0],
                [1.0, 0.0, 0.0, -1.046261, 0.0, 0.0, -1.0, 27.306061, -0.0, 1.0, 0.0, 5.898929, 0.0, 0.0, 0.0, 1.0],
                [1.0, 0.0, 0.0, -1.026876, 0.0, 0.0, -1.0, 27.411985, -0.0, 1.0, 0.0, 5.848755, 0.0, 0.0, 0.0, 1.0],
                [1.0, 0.0, 0.0, -1.00749, 0.0, 0.0, -1.0, 27.51791, -0.0, 1.0, 0.0, 5.798581, 0.0, 0.0, 0.0, 1.0],
                [1.0, 0.0, 0.0, -0.988105, 0.0, 0.0, -1.0, 27.623835, -0.0, 1.0, 0.0, 5.748407, 0.0, 0.0, 0.0, 1.0],
                [1.0, 0.0, 0.0, -0.96872, 0.0, 0.0, -1.0, 27.729759, -0.0, 1.0, 0.0, 5.698234, 0.0, 0.0, 0.0, 1.0],
                [1.0, 0.0, 0.0, -0.988105, 0.0, 0.0, -1.0, 27.769485, -0.0, 1.0, 0.0, 5.698793, 0.0, 0.0, 0.0, 1.0],
                [1.0, 0.0, 0.0, -1.00749, 0.0, 0.0, -1.0, 27.809212, -0.0, 1.0, 0.0, 5.699354, 0.0, 0.0, 0.0, 1.0],
                [1.0, 0.0, 0.0, -1.026876, 0.0, 0.0, -1.0, 27.84894, -0.0, 1.0, 0.0, 5.699914, 0.0, 0.0, 0.0, 1.0],
                [1.0, 0.0, 0.0, -1.046261, 0.0, 0.0, -1.0, 27.888666, -0.0, 1.0, 0.0, 5.700474, 0.0, 0.0, 0.0, 1.0],
                [1.0, 0.0, 0.0, -1.065646, 0.0, 0.0, -1.0, 27.928392, -0.0, 1.0, 0.0, 5.701034, 0.0, 0.0, 0.0, 1.0],
                [1.0, 0.0, 0.0, -1.068416, 0.0, 0.0, -1.0, 28.051313, -0.0, 1.0, 0.0, 5.650323, 0.0, 0.0, 0.0, 1.0],
                [1.0, 0.0, 0.0, -1.071185, 0.0, 0.0, -1.0, 28.174232, -0.0, 1.0, 0.0, 5.599612, 0.0, 0.0, 0.0, 1.0],
                [1.0, 0.0, 0.0, -1.073954, 0.0, 0.0, -1.0, 28.297153, -0.0, 1.0, 0.0, 5.548902, 0.0, 0.0, 0.0, 1.0],
                [1.0, 0.0, 0.0, -1.076724, 0.0, 0.0, -1.0, 28.420073, -0.0, 1.0, 0.0, 5.498191, 0.0, 0.0, 0.0, 1.0],
                [1.0, 0.0, 0.0, -1.079493, 0.0, 0.0, -1.0, 28.542994, -0.0, 1.0, 0.0, 5.44748, 0.0, 0.0, 0.0, 1.0],
                [1.0, 0.0, 0.0, -1.109956, 0.0, 0.0, -1.0, 28.665899, -0.0, 1.0, 0.0, 5.431212, 0.0, 0.0, 0.0, 1.0],
                [1.0, 0.0, 0.0, -1.140419, 0.0, 0.0, -1.0, 28.788803, -0.0, 1.0, 0.0, 5.414945, 0.0, 0.0, 0.0, 1.0],
                [1.0, 0.0, 0.0, -1.170881, 0.0, 0.0, -1.0, 28.911709, -0.0, 1.0, 0.0, 5.398676, 0.0, 0.0, 0.0, 1.0],
                [1.0, 0.0, 0.0, -1.201344, 0.0, 0.0, -1.0, 29.034613, -0.0, 1.0, 0.0, 5.382409, 0.0, 0.0, 0.0, 1.0],
                [1.0, 0.0, 0.0, -1.231807, 0.0, 0.0, -1.0, 29.157518, -0.0, 1.0, 0.0, 5.366141, 0.0, 0.0, 0.0, 1.0],
                [1.0, 0.0, 0.0, -1.220729, 0.0, 0.0, -1.0, 29.24782, -0.0, 1.0, 0.0, 5.346288, 0.0, 0.0, 0.0, 1.0],
                [1.0, 0.0, 0.0, -1.209652, 0.0, 0.0, -1.0, 29.33812, -0.0, 1.0, 0.0, 5.326435, 0.0, 0.0, 0.0, 1.0],
                [1.0, 0.0, 0.0, -1.198575, 0.0, 0.0, -1.0, 29.428421, -0.0, 1.0, 0.0, 5.306582, 0.0, 0.0, 0.0, 1.0],
                [1.0, 0.0, 0.0, -1.187497, 0.0, 0.0, -1.0, 29.518721, -0.0, 1.0, 0.0, 5.286729, 0.0, 0.0, 0.0, 1.0],
                [1.0, 0.0, 0.0, -1.17642, 0.0, 0.0, -1.0, 29.609022, -0.0, 1.0, 0.0, 5.266876, 0.0, 0.0, 0.0, 1.0],
                [1.0, 0.0, 0.0, -1.181959, 0.0, 0.0, -1.0, 29.710388, -0.0, 1.0, 0.0, 5.26178, 0.0, 0.0, 0.0, 1.0],
                [1.0, 0.0, 0.0, -1.187497, 0.0, 0.0, -1.0, 29.811754, -0.0, 1.0, 0.0, 5.256684, 0.0, 0.0, 0.0, 1.0],
                [1.0, 0.0, 0.0, -1.193036, 0.0, 0.0, -1.0, 29.913118, -0.0, 1.0, 0.0, 5.251589, 0.0, 0.0, 0.0, 1.0],
                [1.0, 0.0, 0.0, -1.198575, 0.0, 0.0, -1.0, 30.014484, -0.0, 1.0, 0.0, 5.246493, 0.0, 0.0, 0.0, 1.0],
                [1.0, 0.0, 0.0, -1.204113, 0.0, 0.0, -1.0, 30.11585, -0.0, 1.0, 0.0, 5.241397, 0.0, 0.0, 0.0, 1.0],
                [1.0, 0.0, 0.0, -1.157035, 0.0, 0.0, -1.0, 30.493834, -0.0, 1.0, 0.0, 4.965775, 0.0, 0.0, 0.0, 1.0],
                [1.0, 0.0, 0.0, -1.109956, 0.0, 0.0, -1.0, 30.871819, -0.0, 1.0, 0.0, 4.690154, 0.0, 0.0, 0.0, 1.0],
                [1.0, 0.0, 0.0, -1.062877, 0.0, 0.0, -1.0, 31.249802, -0.0, 1.0, 0.0, 4.414532, 0.0, 0.0, 0.0, 1.0],
                [1.0, 0.0, 0.0, -1.015798, 0.0, 0.0, -1.0, 31.627787, -0.0, 1.0, 0.0, 4.13891, 0.0, 0.0, 0.0, 1.0],
                [1.0, 0.0, 0.0, -0.96872, 0.0, 0.0, -1.0, 32.005768, -0.0, 1.0, 0.0, 3.863288, 0.0, 0.0, 0.0, 1.0],
                [1.0, 0.0, 0.0, -1.049208, 0.0, 0.0, -1.0, 32.246918, -0.0, 1.0, 0.0, 3.58807, 0.0, 0.0, 0.0, 1.0],
                [1.0, 0.0, 0.0, -1.129696, 0.0, 0.0, -1.0, 32.488068, -0.0, 1.0, 0.0, 3.312851, 0.0, 0.0, 0.0, 1.0],
                [1.0, 0.0, 0.0, -1.210184, 0.0, 0.0, -1.0, 32.729218, -0.0, 1.0, 0.0, 3.037633, 0.0, 0.0, 0.0, 1.0],
                [1.0, 0.0, 0.0, -1.232977, 0.0, 0.0, -1.0, 33.131912, -0.0, 1.0, 0.0, 2.572023, 0.0, 0.0, 0.0, 1.0],
                [1.0, 0.0, 0.0, -1.25577, 0.0, 0.0, -1.0, 33.534607, -0.0, 1.0, 0.0, 2.106413, 0.0, 0.0, 0.0, 1.0],
                [1.0, 0.0, 0.0, -1.268838, 0.0, 0.0, -1.0, 33.73156, -0.0, 1.0, 0.0, 1.823773, 0.0, 0.0, 0.0, 1.0],
                [1.0, 0.0, 0.0, -1.281905, 0.0, 0.0, -1.0, 33.928509, -0.0, 1.0, 0.0, 1.541132, 0.0, 0.0, 0.0, 1.0],
                [1.0, 0.0, 0.0, -1.294972, 0.0, 0.0, -1.0, 34.125462, -0.0, 1.0, 0.0, 1.258492, 0.0, 0.0, 0.0, 1.0],
                [1.0, 0.0, 0.0, -1.30804, 0.0, 0.0, -1.0, 34.322411, -0.0, 1.0, 0.0, 0.975852, 0.0, 0.0, 0.0, 1.0],
                [1.0, 0.0, 0.0, -1.321107, 0.0, 0.0, -1.0, 34.519363, -0.0, 1.0, 0.0, 0.693212, 0.0, 0.0, 0.0, 1.0],
                [1.0, 0.0, 0.0, -1.321107, 0.0, 0.0, -1.0, 34.540821, -0.0, 1.0, 0.0, 0.688682, 0.0, 0.0, 0.0, 1.0],
                [1.0, 0.0, 0.0, -1.321107, 0.0, 0.0, -1.0, 34.562279, -0.0, 1.0, 0.0, 0.684153, 0.0, 0.0, 0.0, 1.0],
                [1.0, 0.0, 0.0, -1.321108, 0.0, 0.0, -1.0, 34.583736, -0.0, 1.0, 0.0, 0.679624, 0.0, 0.0, 0.0, 1.0],
                [1.0, 0.0, 0.0, -1.321108, 0.0, 0.0, -1.0, 34.605194, -0.0, 1.0, 0.0, 0.675094, 0.0, 0.0, 0.0, 1.0],
                [1.0, 0.0, 0.0, -1.321108, 0.0, 0.0, -1.0, 34.626652, -0.0, 1.0, 0.0, 0.670565, 0.0, 0.0, 0.0, 1.0],
                [1.0, 0.0, 0.0, -1.321108, 0.0, 0.0, -1.0, 34.648727, -0.0, 1.0, 0.0, 0.649336, 0.0, 0.0, 0.0, 1.0],
                [1.0, 0.0, 0.0, -1.321108, 0.0, 0.0, -1.0, 34.670807, -0.0, 1.0, 0.0, 0.628107, 0.0, 0.0, 0.0, 1.0],
                [1.0, 0.0, 0.0, -1.321108, 0.0, 0.0, -1.0, 34.692883, -0.0, 1.0, 0.0, 0.606878, 0.0, 0.0, 0.0, 1.0],
                [1.0, 0.0, 0.0, -1.321108, 0.0, 0.0, -1.0, 34.714962, -0.0, 1.0, 0.0, 0.585649, 0.0, 0.0, 0.0, 1.0],
                [1.0, 0.0, 0.0, -1.321108, 0.0, 0.0, -1.0, 34.737038, -0.0, 1.0, 0.0, 0.56442, 0.0, 0.0, 0.0, 1.0],
                [1.0, 0.0, 0.0, -1.321108, 0.0, 0.0, -1.0, 34.754684, -0.0, 1.0, 0.0, 0.549908, 0.0, 0.0, 0.0, 1.0],
                [1.0, 0.0, 0.0, -1.321108, 0.0, 0.0, -1.0, 34.772335, -0.0, 1.0, 0.0, 0.535397, 0.0, 0.0, 0.0, 1.0],
                [1.0, 0.0, 0.0, -1.321108, 0.0, 0.0, -1.0, 34.789982, -0.0, 1.0, 0.0, 0.520886, 0.0, 0.0, 0.0, 1.0],
                [1.0, 0.0, 0.0, -1.321108, 0.0, 0.0, -1.0, 34.807632, -0.0, 1.0, 0.0, 0.506375, 0.0, 0.0, 0.0, 1.0],
                [1.0, 0.0, 0.0, -1.321108, 0.0, 0.0, -1.0, 34.825279, -0.0, 1.0, 0.0, 0.491864, 0.0, 0.0, 0.0, 1.0],
                [1.0, 0.0, 0.0, -1.321108, 0.0, 0.0, -1.0, 34.836308, -0.0, 1.0, 0.0, 0.479539, 0.0, 0.0, 0.0, 1.0],
                [1.0, 0.0, 0.0, -1.321108, 0.0, 0.0, -1.0, 34.847332, -0.0, 1.0, 0.0, 0.467215, 0.0, 0.0, 0.0, 1.0],
                [1.0, 0.0, 0.0, -1.321108, 0.0, 0.0, -1.0, 34.85836, -0.0, 1.0, 0.0, 0.45489, 0.0, 0.0, 0.0, 1.0],
                [1.0, 0.0, 0.0, -1.321108, 0.0, 0.0, -1.0, 34.869385, -0.0, 1.0, 0.0, 0.442566, 0.0, 0.0, 0.0, 1.0],
                [1.0, 0.0, 0.0, -1.321108, 0.0, 0.0, -1.0, 34.880413, -0.0, 1.0, 0.0, 0.430241, 0.0, 0.0, 0.0, 1.0],
                [1.0, 0.0, 0.0, -1.321108, 0.0, 0.0, -1.0, 34.880196, -0.0, 1.0, 0.0, 0.416326, 0.0, 0.0, 0.0, 1.0],
                [1.0, 0.0, 0.0, -1.321108, 0.0, 0.0, -1.0, 34.879978, -0.0, 1.0, 0.0, 0.402411, 0.0, 0.0, 0.0, 1.0],
                [1.0, 0.0, 0.0, -1.321108, 0.0, 0.0, -1.0, 34.879761, -0.0, 1.0, 0.0, 0.388497, 0.0, 0.0, 0.0, 1.0],
                [1.0, 0.0, 0.0, -1.321108, 0.0, 0.0, -1.0, 34.879543, -0.0, 1.0, 0.0, 0.374582, 0.0, 0.0, 0.0, 1.0],
                [1.0, 0.0, 0.0, -1.321108, 0.0, 0.0, -1.0, 34.87933, -0.0, 1.0, 0.0, 0.360667, 0.0, 0.0, 0.0, 1.0],
                [1.0, 0.0, 0.0, -1.321108, 0.0, 0.0, -1.0, 34.879112, -0.0, 1.0, 0.0, 0.346752, 0.0, 0.0, 0.0, 1.0],
                [1.0, 0.0, 0.0, -1.321108, 0.0, 0.0, -1.0, 34.878895, -0.0, 1.0, 0.0, 0.332837, 0.0, 0.0, 0.0, 1.0],
                [1.0, 0.0, 0.0, -1.321108, 0.0, 0.0, -1.0, 34.878677, -0.0, 1.0, 0.0, 0.318922, 0.0, 0.0, 0.0, 1.0],
                [1.0, 0.0, 0.0, -1.321108, 0.0, 0.0, -1.0, 34.87846, -0.0, 1.0, 0.0, 0.305008, 0.0, 0.0, 0.0, 1.0],
                [1.0, 0.0, 0.0, -1.321108, 0.0, 0.0, -1.0, 34.878242, -0.0, 1.0, 0.0, 0.291093, 0.0, 0.0, 0.0, 1.0],
                [1.0, 0.0, 0.0, -1.321108, 0.0, 0.0, -1.0, 34.885479, -0.0, 1.0, 0.0, 0.283204, 0.0, 0.0, 0.0, 1.0],
                [1.0, 0.0, 0.0, -1.321108, 0.0, 0.0, -1.0, 34.892715, -0.0, 1.0, 0.0, 0.275314, 0.0, 0.0, 0.0, 1.0],
                [1.0, 0.0, 0.0, -1.321108, 0.0, 0.0, -1.0, 34.899952, -0.0, 1.0, 0.0, 0.267425, 0.0, 0.0, 0.0, 1.0],
                [1.0, 0.0, 0.0, -1.321108, 0.0, 0.0, -1.0, 34.907188, -0.0, 1.0, 0.0, 0.259536, 0.0, 0.0, 0.0, 1.0],
                [1.0, 0.0, 0.0, -1.321108, 0.0, 0.0, -1.0, 34.914425, -0.0, 1.0, 0.0, 0.251647, 0.0, 0.0, 0.0, 1.0],
                [1.0, 0.0, 0.0, -1.321108, 0.0, 0.0, -1.0, 34.921661, -0.0, 1.0, 0.0, 0.243757, 0.0, 0.0, 0.0, 1.0],
                [1.0, 0.0, 0.0, -1.321108, 0.0, 0.0, -1.0, 34.928898, -0.0, 1.0, 0.0, 0.235868, 0.0, 0.0, 0.0, 1.0],
                [1.0, 0.0, 0.0, -1.321108, 0.0, 0.0, -1.0, 34.936134, -0.0, 1.0, 0.0, 0.227979, 0.0, 0.0, 0.0, 1.0],
                [1.0, 0.0, 0.0, -1.321108, 0.0, 0.0, -1.0, 34.943371, -0.0, 1.0, 0.0, 0.22009, 0.0, 0.0, 0.0, 1.0],
                [1.0, 0.0, 0.0, -1.321108, 0.0, 0.0, -1.0, 34.950607, -0.0, 1.0, 0.0, 0.212201, 0.0, 0.0, 0.0, 1.0],
                [1.0, 0.0, 0.0, -1.321108, 0.0, 0.0, -1.0, 34.952408, -0.0, 1.0, 0.0, 0.211579, 0.0, 0.0, 0.0, 1.0],
                [1.0, 0.0, 0.0, -1.321108, 0.0, 0.0, -1.0, 34.954212, -0.0, 1.0, 0.0, 0.210958, 0.0, 0.0, 0.0, 1.0],
                [1.0, 0.0, 0.0, -1.321108, 0.0, 0.0, -1.0, 34.956013, -0.0, 1.0, 0.0, 0.210337, 0.0, 0.0, 0.0, 1.0],
                [1.0, 0.0, 0.0, -1.321108, 0.0, 0.0, -1.0, 34.957817, -0.0, 1.0, 0.0, 0.209716, 0.0, 0.0, 0.0, 1.0],
                [1.0, 0.0, 0.0, -1.321108, 0.0, 0.0, -1.0, 34.959618, -0.0, 1.0, 0.0, 0.209095, 0.0, 0.0, 0.0, 1.0],
                [1.0, 0.0, 0.0, -1.321108, 0.0, 0.0, -1.0, 34.95937, -0.0, 1.0, 0.0, 0.213754, 0.0, 0.0, 0.0, 1.0],
                [1.0, 0.0, 0.0, -1.321108, 0.0, 0.0, -1.0, 34.959122, -0.0, 1.0, 0.0, 0.218413, 0.0, 0.0, 0.0, 1.0],
                [1.0, 0.0, 0.0, -1.321108, 0.0, 0.0, -1.0, 34.95887, -0.0, 1.0, 0.0, 0.223072, 0.0, 0.0, 0.0, 1.0],
                [1.0, 0.0, 0.0, -1.321108, 0.0, 0.0, -1.0, 34.958622, -0.0, 1.0, 0.0, 0.227731, 0.0, 0.0, 0.0, 1.0],
                [1.0, 0.0, 0.0, -1.321108, 0.0, 0.0, -1.0, 34.958374, -0.0, 1.0, 0.0, 0.23239, 0.0, 0.0, 0.0, 1.0],
                [1.0, 0.0, 0.0, -1.321108, 0.0, 0.0, -1.0, 34.959866, -0.0, 1.0, 0.0, 0.236614, 0.0, 0.0, 0.0, 1.0],
                [1.0, 0.0, 0.0, -1.321108, 0.0, 0.0, -1.0, 34.961357, -0.0, 1.0, 0.0, 0.240838, 0.0, 0.0, 0.0, 1.0],
                [1.0, 0.0, 0.0, -1.321108, 0.0, 0.0, -1.0, 34.962845, -0.0, 1.0, 0.0, 0.245062, 0.0, 0.0, 0.0, 1.0],
                [1.0, 0.0, 0.0, -1.321108, 0.0, 0.0, -1.0, 34.964336, -0.0, 1.0, 0.0, 0.249286, 0.0, 0.0, 0.0, 1.0],
                [1.0, 0.0, 0.0, -1.321108, 0.0, 0.0, -1.0, 34.965828, -0.0, 1.0, 0.0, 0.25351, 0.0, 0.0, 0.0, 1.0]
            ]
        },
        {
            "name": "Thigh_R",
            "time": [0.0, 0.0333, 0.0667, 0.1, 0.1333, 0.1667, 0.2, 0.2333, 0.2667, 0.3, 0.3333, 0.3667, 0.4, 0.4333, 0.4667, 0.5, 0.5333, 0.5667, 0.6, 0.6333, 0.6667, 0.7, 0.7333, 0.7667, 0.8, 0.8333, 0.8667, 0.9, 0.9333, 0.9667, 1.0, 1.0333, 1.0667, 1.1, 1.1333, 1.1667, 1.2, 1.2333, 1.2667, 1.3, 1.3333, 1.3667, 1.4, 1.4333, 1.4667, 1.5, 1.5333, 1.5667, 1.6, 1.6333, 1.6667, 1.7, 1.7333, 1.7667, 1.8, 1.8333, 1.8667, 1.9, 1.9333, 1.9667, 2.0, 2.0333, 2.0667, 2.1, 2.1333, 2.1667, 2.2, 2.2333, 2.2667, 2.3, 2.3333, 2.3667, 2.4, 2.4333, 2.4667, 2.5, 2.5333, 2.5667, 2.6, 2.6333, 2.6667, 2.7, 2.7333, 2.7667, 2.8, 2.8333, 2.8667, 2.9, 2.9333, 2.9667, 3.0, 3.0333, 3.0667, 3.1, 3.1333, 3.1667, 3.2, 3.2333, 3.2667, 3.3, 3.3333, 3.3667, 3.4, 3.4333, 3.4667, 3.5, 3.5333, 3.5667, 3.6, 3.6333, 3.6667, 3.7, 3.7333, 3.7667, 3.8, 3.8333, 3.8667, 3.9, 3.9333, 3.9667, 4.0, 4.0333, 4.0667, 4.1, 4.1333, 4.1667, 4.2, 4.2333, 4.2667, 4.3, 4.3333, 4.3667, 4.4, 4.4333, 4.4667, 4.5, 4.5333, 4.5667, 4.6, 4.6333, 4.6667, 4.7, 4.7333, 4.7667, 4.8, 4.8333, 4.8667, 4.9, 4.9333, 4.9667, 5.0, 5.0333, 5.0667, 5.1, 5.1333, 5.1667, 5.2, 5.2333, 5.2667, 5.3, 5.3333, 5.3667, 5.4, 5.4333, 5.4667, 5.5, 5.5333, 5.5667, 5.6, 5.6333, 5.6667, 5.7, 5.7333, 5.7667, 5.8, 5.8333, 5.8667, 5.9, 5.9333, 5.9667, 6.0, 6.0333, 6.0667, 6.1, 6.1333, 6.1667, 6.2, 6.2333, 6.2667, 6.3, 6.3333, 6.3667, 6.4, 6.4333, 6.4667, 6.5, 6.5333, 6.5667, 6.6, 6.6333, 6.6667, 6.7, 6.7333, 6.7667, 6.8, 6.8333, 6.8667, 6.9, 6.9333, 6.9667, 7.0, 7.0333, 7.0667, 7.1, 7.1333, 7.1667, 7.2, 7.2333, 7.2667, 7.3, 7.3333, 7.3667, 7.4, 7.4333, 7.4667, 7.5, 7.5333, 7.5667, 7.6, 7.6333, 7.6667, 7.7, 7.7333, 7.7667, 7.8, 7.8333, 7.8667, 7.9, 7.9333, 7.9667, 8.0, 8.0333, 8.0667, 8.1, 8.1333, 8.1667, 8.2, 8.2333, 8.2667, 8.3, 8.3333, 8.3667, 8.4, 8.4333, 8.4667, 8.5, 8.5333, 8.5667, 8.6, 8.6333, 8.6667, 8.7, 8.7333, 8.7667, 8.8, 8.8333],
            "transform": [
                [0.98524, 0.169955, 0.02044, 0.124994, 0.170383, -0.962119, -0.212827, -0.002831, -0.016505, 0.213168, -0.976877, -1.2e-05, 0.0, 0.0, 0.0, 1.0],
                [0.927202, 0.37319, -0.032023, 0.119323, 0.36432, -0.918403, -0.154293, 0.015321, -0.08699, 0.131394, -0.987507, -0.005622, 0.0, 0.0, 0.0, 1.0],
                [0.820986, 0.562384, -0.098514, 0.113651, 0.55337, -0.826261, -0.105234, 0.033472, -0.14058, 0.031881, -0.989556, -0.011233, 0.0, 0.0, 0.0, 1.0],
                [0.671576, 0.720088, -0.174527, 0.10798, 0.720881, -0.689446, -0.070679, 0.051623, -0.171222, -0.078347, -0.982113, -0.016843, 0.0, 0.0, 0.0, 1.0],
                [0.491445, 0.833133, -0.253717, 0.102308, 0.852866, -0.519381, -0.053511, 0.069775, -0.176357, -0.190089, -0.965798, -0.022453, 0.0, 0.0, 0.0, 1.0],
                [0.297267, 0.896112, -0.329569, 0.096637, 0.941698, -0.332144, -0.053713, 0.087926, -0.157597, -0.294387, -0.942603, -0.028063, 0.0, 0.0, 0.0, 1.0],
                [0.181972, 0.857936, -0.480451, 0.102101, 0.970018, -0.236674, -0.055229, 0.0925, -0.161093, -0.455996, -0.875281, -0.032462, 0.0, 0.0, 0.0, 1.0],
                [0.062125, 0.78149, -0.620817, 0.107564, 0.987777, -0.13724, -0.073911, 0.097074, -0.142961, -0.608637, -0.780464, -0.036861, 0.0, 0.0, 0.0, 1.0],
                [-0.054916, 0.669212, -0.74104, 0.113027, 0.993167, -0.039931, -0.109661, 0.101648, -0.102977, -0.741998, -0.662446, -0.04126, 0.0, 0.0, 0.0, 1.0],
                [-0.16184, 0.528117, -0.833608, 0.118491, 0.985852, 0.049171, -0.160246, 0.106222, -0.043639, -0.847748, -0.528602, -0.045659, 0.0, 0.0, 0.0, 1.0],
                [-0.25284, 0.368394, -0.894628, 0.123954, 0.967032, 0.125216, -0.221742, 0.110796, 0.030333, -0.921199, -0.387908, -0.050057, 0.0, 0.0, 0.0, 1.0],
                [-0.249509, 0.17787, -0.951897, 0.143484, 0.967376, 0.090361, -0.236681, 0.121304, 0.043916, -0.979897, -0.194613, -0.063235, 0.0, 0.0, 0.0, 1.0],
                [-0.243319, -0.026836, -0.969576, 0.163014, 0.968274, 0.051966, -0.244431, 0.131812, 0.056944, -0.998289, 0.013341, -0.076412, 0.0, 0.0, 0.0, 1.0],
                [-0.234494, -0.232899, -0.943807, 0.182543, 0.969701, 0.012378, -0.243982, 0.14232, 0.068505, -0.972422, 0.22294, -0.089588, 0.0, 0.0, 0.0, 1.0],
                [-0.223617, -0.42675, -0.876288, 0.202073, 0.971564, -0.025797, -0.235367, 0.152828, 0.077837, -0.904002, 0.420384, -0.102765, 0.0, 0.0, 0.0, 1.0],
                [-0.211503, -0.596934, -0.77391, 0.221602, 0.973719, -0.06024, -0.219644, 0.163336, 0.084492, -0.800026, 0.593987, -0.115942, 0.0, 0.0, 0.0, 1.0],
                [-0.223986, -0.812011, -0.538951, 0.172139, 0.967239, -0.117406, -0.22509, 0.160935, 0.119499, -0.571711, 0.811706, -0.119219, 0.0, 0.0, 0.0, 1.0],
                [-0.22406, -0.94982, -0.218266, 0.122675, 0.961289, -0.178537, -0.209877, 0.158534, 0.160377, -0.256842, 0.953054, -0.122496, 0.0, 0.0, 0.0, 1.0],
                [-0.209244, -0.967584, 0.141417, 0.073212, 0.957158, -0.232263, -0.172922, 0.156133, 0.200163, 0.099175, 0.97473, -0.125773, 0.0, 0.0, 0.0, 1.0],
                [-0.182301, -0.861991, 0.473011, 0.023748, 0.955617, -0.268564, -0.121118, 0.153732, 0.231437, 0.429937, 0.872692, -0.12905, 0.0, 0.0, 0.0, 1.0],
                [-0.149711, -0.671021, 0.726167, -0.025715, 0.956492, -0.284308, -0.065522, 0.151331, 0.250422, 0.684763, 0.684389, -0.132327, 0.0, 0.0, 0.0, 1.0],
                [-0.128832, -0.450505, 0.88343, 0.004426, 0.937542, -0.345621, -0.039527, 0.120499, 0.323139, 0.823159, 0.466895, -0.105864, 0.0, 0.0, 0.0, 1.0],
                [-0.085278, -0.181178, 0.979746, 0.034568, 0.916564, -0.399847, 0.005837, 0.089667, 0.390691, 0.898497, 0.20016, -0.079401, 0.0, 0.0, 0.0, 1.0],
                [-0.021855, 0.107327, 0.993984, 0.06471, 0.896105, -0.438746, 0.067077, 0.058834, 0.443305, 0.892179, -0.086587, -0.052938, 0.0, 0.0, 0.0, 1.0],
                [0.05328, 0.377903, 0.924311, 0.094852, 0.878796, -0.457314, 0.136316, 0.028001, 0.474215, 0.805018, -0.356465, -0.026475, 0.0, 0.0, 0.0, 1.0],
                [0.129838, 0.60062, 0.788922, 0.124994, 0.866315, -0.455761, 0.204404, -0.002831, 0.482329, 0.656915, -0.579501, -1.2e-05, 0.0, 0.0, 0.0, 1.0],
                [0.132435, 0.584625, 0.800422, 0.088824, 0.770157, -0.569037, 0.288194, -0.003759, 0.623955, 0.578284, -0.525613, 0.024101, 0.0, 0.0, 0.0, 1.0],
                [0.131575, 0.568166, 0.812327, 0.052653, 0.648378, -0.66919, 0.363031, -0.004686, 0.749864, 0.478929, -0.456435, 0.048215, 0.0, 0.0, 0.0, 1.0],
                [0.127135, 0.551994, 0.824099, 0.016483, 0.505481, -0.750914, 0.424991, -0.005613, 0.85342, 0.362535, -0.37449, 0.072328, 0.0, 0.0, 0.0, 1.0],
                [0.119322, 0.536854, 0.835195, -0.019687, 0.348059, -0.810439, 0.471215, -0.00654, 0.929848, 0.234471, -0.28356, 0.096442, 0.0, 0.0, 0.0, 1.0],
                [0.108634, 0.523379, 0.845147, -0.055857, 0.183806, -0.846095, 0.500339, -0.007468, 0.976941, 0.100989, -0.188115, 0.120555, 0.0, 0.0, 0.0, 1.0],
