{
    "animation": [
        {
            "name": "Root",
            "time": [0.0, 0.0333, 0.0667, 0.1, 0.1333, 0.1667, 0.3333, 0.5, 0.5333, 0.6667, 1.0, 1.3333, 1.6667, 2.0, 2.3333, 2.6667, 3.0, 3.1667, 3.3333, 3.5, 3.6667, 4.0],
            "transform": [
                [1.0, 0.0, 0.0, 0.0, 0.0, 0.0, -1.0, 0.0, -0.0, 1.0, 0.0, 0.460074, 0.0, 0.0, 0.0, 1.0],
                [1.0, 0.0, 0.0, -0.15861, 0.0, 0.0, -1.0, -0.005799, -0.0, 1.0, 0.0, 0.509853, 0.0, 0.0, 0.0, 1.0],
                [1.0, 0.0, 0.0, -0.317219, 0.0, 0.0, -1.0, -0.047378, -0.0, 1.0, 0.0, 0.564104, 0.0, 0.0, 0.0, 1.0],
                [1.0, 0.0, 0.0, -0.475829, 0.0, 0.0, -1.0, -0.144866, -0.0, 1.0, 0.0, 0.602701, 0.0, 0.0, 0.0, 1.0],
                [1.0, 0.0, 0.0, -0.616996, 0.0, 0.0, -1.0, -0.271425, -0.0, 1.0, 0.0, 0.609542, 0.0, 0.0, 0.0, 1.0],
                [1.0, 0.0, 0.0, -0.699124, 0.0, 0.0, -1.0, -0.409166, -0.0, 1.0, 0.0, 0.597151, 0.0, 0.0, 0.0, 1.0],
                [1.0, 0.0, 0.0, -0.745291, 0.0, 0.0, -1.0, -0.562952, -0.0, 1.0, 0.0, 0.729491, 0.0, 0.0, 0.0, 1.0],
                [1.0, 0.0, 0.0, -0.784077, 0.0, 0.0, -1.0, -0.461538, -0.0, 1.0, 0.0, 0.521338, 0.0, 0.0, 0.0, 1.0],
                [1.0, 0.0, 0.0, -0.778642, 0.0, 0.0, -1.0, -0.426191, -0.0, 1.0, 0.0, 0.495551, 0.0, 0.0, 0.0, 1.0],
                [1.0, 0.0, 0.0, -0.872833, 0.0, 0.0, -1.0, -0.414509, -0.0, 1.0, 0.0, 0.318961, 0.0, 0.0, 0.0, 1.0],
                [1.0, 0.0, 0.0, -0.87447, 0.0, 0.0, -1.0, -0.432473, -0.0, 1.0, 0.0, 0.337432, 0.0, 0.0, 0.0, 1.0],
                [1.0, 0.0, 0.0, -0.898169, 0.0, 0.0, -1.0, -0.485326, -0.0, 1.0, 0.0, 0.331198, 0.0, 0.0, 0.0, 1.0],
                [1.0, 0.0, 0.0, -0.950071, 0.0, 0.0, -1.0, -0.557523, -0.0, 1.0, 0.0, 0.300365, 0.0, 0.0, 0.0, 1.0],
                [1.0, 0.0, 0.0, -1.161098, 0.0, 0.0, -1.0, -0.709397, -0.0, 1.0, 0.0, 0.395163, 0.0, 0.0, 0.0, 1.0],
                [1.0, 0.0, 0.0, -1.354723, 0.0, 0.0, -1.0, -0.676766, -0.0, 1.0, 0.0, 0.639535, 0.0, 0.0, 0.0, 1.0],
                [1.0, 0.0, 0.0, -1.388054, 0.0, 0.0, -1.0, -0.615386, -0.0, 1.0, 0.0, 0.697839, 0.0, 0.0, 0.0, 1.0],
                [1.0, 0.0, 0.0, -1.278397, 0.0, 0.0, -1.0, -0.663566, -0.0, 1.0, 0.0, 0.678179, 0.0, 0.0, 0.0, 1.0],
                [1.0, 0.0, 0.0, -1.277394, 0.0, 0.0, -1.0, -0.699195, -0.0, 1.0, 0.0, 0.671826, 0.0, 0.0, 0.0, 1.0],
                [1.0, 0.0, 0.0, -1.29653, 0.0, 0.0, -1.0, -0.696977, -0.0, 1.0, 0.0, 0.669806, 0.0, 0.0, 0.0, 1.0],
                [1.0, 0.0, 0.0, -1.314734, 0.0, 0.0, -1.0, -0.654973, -0.0, 1.0, 0.0, 0.668543, 0.0, 0.0, 0.0, 1.0],
                [1.0, 0.0, 0.0, -1.335827, 0.0, 0.0, -1.0, -0.616745, -0.0, 1.0, 0.0, 0.666877, 0.0, 0.0, 0.0, 1.0],
                [1.0, 0.0, 0.0, -1.38139, 0.0, 0.0, -1.0, -0.563254, -0.0, 1.0, 0.0, 0.673002, 0.0, 0.0, 0.0, 1.0]
            ]
        },
        {
            "name": "Thigh_R",
            "time": [0.0, 0.0333, 0.0667, 0.1, 0.1333, 0.1667, 0.3333, 0.5, 0.5333, 0.6667, 1.0, 1.3333, 1.6667, 2.0, 2.3333, 2.6667, 3.0, 3.1667, 3.3333, 3.5, 3.6667, 4.0],
            "transform": [
                [0.207828, -0.327797, -0.921606, 0.012284, 0.620271, -0.684364, 0.383289, 0.029372, -0.756354, -0.651304, 0.061093, -0.115942, 0.0, 0.0, 0.0, 1.0],
                [-0.068904, -0.497495, -0.864726, -0.014373, 0.519808, -0.75773, 0.394518, 0.01667, -0.8515, -0.422307, 0.310813, -0.092309, 0.0, 0.0, 0.0, 1.0],
                [-0.392476, -0.585229, -0.709556, -0.041029, 0.396896, -0.803695, 0.443338, 0.003968, -0.82972, -0.107621, 0.547706, -0.068675, 0.0, 0.0, 0.0, 1.0],
                [-0.691904, -0.547469, -0.470686, -0.067686, 0.277304, -0.803438, 0.526868, -0.008735, -0.666611, 0.234019, 0.707718, -0.045042, 0.0, 0.0, 0.0, 1.0],
                [-0.896435, -0.393139, -0.204561, -0.094343, 0.189292, -0.757021, 0.62537, -0.021437, -0.400714, 0.521882, 0.753038, -0.021409, 0.0, 0.0, 0.0, 1.0],
                [-0.983688, -0.177539, 0.028929, -0.121, 0.144379, -0.683343, 0.71568, -0.034139, -0.107293, 0.708183, 0.697829, 0.002224, 0.0, 0.0, 0.0, 1.0],
                [-0.522822, 0.703231, 0.481791, -0.115662, -0.021898, -0.576083, 0.817098, 0.011273, 0.85216, 0.416647, 0.316589, 0.096969, 0.0, 0.0, 0.0, 1.0],
                [0.640523, 0.763608, 0.081442, 0.124994, 0.387223, -0.412737, 0.824444, -0.002831, 0.663165, -0.496539, -0.560054, -1.2e-05, 0.0, 0.0, 0.0, 1.0],
                [0.743731, 0.655818, -0.129492, 0.124994, 0.550796, -0.491425, 0.674629, -0.002831, 0.378798, -0.573066, -0.72671, -1.2e-05, 0.0, 0.0, 0.0, 1.0],
                [0.230865, 0.264996, -0.936205, 0.124994, 0.398952, -0.903375, -0.157323, -0.002831, -0.887434, -0.33718, -0.314278, -1.2e-05, 0.0, 0.0, 0.0, 1.0],
                [0.260093, 0.293446, -0.919914, 0.124994, 0.399394, -0.900078, -0.174195, -0.002831, -0.87911, -0.322101, -0.351305, -1.2e-05, 0.0, 0.0, 0.0, 1.0],
                [0.28581, 0.26746, -0.920206, 0.124994, 0.469661, -0.87612, -0.108773, -0.002831, -0.835302, -0.401097, -0.37602, -1.2e-05, 0.0, 0.0, 0.0, 1.0],
                [0.173833, 0.170423, -0.969917, 0.124994, 0.541512, -0.839181, -0.0504, -0.002831, -0.822525, -0.51646, -0.238163, -1.2e-05, 0.0, 0.0, 0.0, 1.0],
                [0.398973, 0.313727, -0.861624, 0.124994, 0.466311, -0.878493, -0.103945, -0.002831, -0.789541, -0.360313, -0.496789, -1.2e-05, 0.0, 0.0, 0.0, 1.0],
                [0.945809, 0.258103, -0.197048, 0.124994, 0.319393, -0.848921, 0.421094, -0.00283, -0.058592, -0.461211, -0.885354, -1.2e-05, 0.0, 0.0, 0.0, 1.0],
                [0.708144, 0.328092, 0.62521, 0.124994, 0.063071, -0.911336, 0.406804, -0.002831, 0.703245, -0.248644, -0.66605, -1.2e-05, 0.0, 0.0, 0.0, 1.0],
                [0.798211, 0.194935, 0.569965, 0.124994, -0.037382, -0.928338, 0.369854, -0.002831, 0.601217, -0.316528, -0.733722, -1.2e-05, 0.0, 0.0, 0.0, 1.0],
                [0.854054, 0.182427, 0.487147, 0.124993, -0.03062, -0.917235, 0.397168, -0.002831, 0.519282, -0.35412, -0.777782, -1.2e-05, 0.0, 0.0, 0.0, 1.0],
                [0.896334, 0.18903, 0.401064, 0.124994, 0.004193, -0.908137, 0.418654, -0.002831, 0.443359, -0.373572, -0.814786, -1.2e-05, 0.0, 0.0, 0.0, 1.0],
                [0.910779, 0.201968, 0.360124, 0.124993, 0.042487, -0.913411, 0.404816, -0.002831, 0.410701, -0.353397, -0.840497, -1.2e-05, 0.0, 0.0, 0.0, 1.0],
                [0.907634, 0.225631, 0.353965, 0.124994, 0.086878, -0.925967, 0.367475, -0.002831, 0.410673, -0.302781, -0.860041, -1.2e-05, 0.0, 0.0, 0.0, 1.0],
                [0.883823, 0.276656, 0.377251, 0.124994, 0.17342, -0.942698, 0.285036, -0.002831, 0.434491, -0.186499, -0.881156, -1.2e-05, 0.0, 0.0, 0.0, 1.0]
            ]
        },
        {
            "name": "Leg_R",
            "time": [0.0, 0.0333, 0.0667, 0.1, 0.1333, 0.1667, 0.3333, 0.5, 0.5333, 0.6667, 1.0, 1.3333, 1.6667, 2.0, 2.3333, 2.6667, 3.0, 3.1667, 3.3333, 3.5, 3.6667, 4.0],
            "transform": [
                [1.0, -0.0, -0.0, -0.0, 0.0, 0.438129, 0.898912, 0.37472, 0.0, -0.898912, 0.438129, -0.0, 0.0, 0.0, 0.0, 1.0],
                [1.0, 0.0, -0.0, -0.0, 0.0, 0.314808, 0.949155, 0.37472, 0.0, -0.949155, 0.314808, 0.0, 0.0, 0.0, 0.0, 1.0],
                [1.0, 0.0, -0.0, 0.0, 0.0, 0.184106, 0.982906, 0.37472, 0.0, -0.982906, 0.184106, -0.0, 0.0, 0.0, 0.0, 1.0],
                [1.0, 0.0, -0.0, 0.0, 0.0, 0.049429, 0.998777, 0.37472, 0.0, -0.998777, 0.049429, 0.0, 0.0, 0.0, 0.0, 1.0],
                [1.0, 0.0, -0.0, 0.0, 0.0, -0.085539, 0.996335, 0.37472, 0.0, -0.996335, -0.085539, 0.0, 0.0, 0.0, 0.0, 1.0],
                [1.0, 0.0, -0.0, -0.0, 0.0, -0.217161, 0.976136, 0.37472, 0.0, -0.976136, -0.217161, 0.0, 0.0, 0.0, 0.0, 1.0],
                [1.0, 0.0, -0.0, -0.0, 0.0, 0.226628, 0.973981, 0.37472, 0.0, -0.973981, 0.226628, 0.0, 0.0, 0.0, 0.0, 1.0],
                [1.0, 0.0, -0.0, -0.0, 0.0, 0.412816, 0.910815, 0.37472, 0.0, -0.910814, 0.412816, 0.0, 0.0, 0.0, 0.0, 1.0],
                [1.0, 0.0, -0.0, -0.0, 0.0, 0.349647, 0.936882, 0.37472, 0.0, -0.936881, 0.349647, -0.0, 0.0, 0.0, 0.0, 1.0],
                [1.0, 0.0, -0.0, 0.0, 0.0, 0.082903, 0.996558, 0.37472, 0.0, -0.996557, 0.082903, -0.0, 0.0, 0.0, 0.0, 1.0],
                [0.999999, 0.0, -0.0, -0.0, 0.0, 0.178993, 0.983851, 0.37472, 0.0, -0.98385, 0.178993, -0.0, 0.0, 0.0, 0.0, 1.0],
                [1.0, 0.0, -0.0, -0.0, 0.0, 0.133002, 0.991116, 0.37472, 0.0, -0.991116, 0.133002, 0.0, 0.0, 0.0, 0.0, 1.0],
                [1.0, 0.0, -0.0, -0.0, 0.0, 0.047104, 0.99889, 0.37472, 0.0, -0.99889, 0.047104, 0.0, 0.0, 0.0, 0.0, 1.0],
                [1.0, 0.0, -0.0, -0.0, 0.0, 0.402042, 0.915621, 0.37472, 0.0, -0.915621, 0.402042, -0.0, 0.0, 0.0, 0.0, 1.0],
                [1.0, 0.0, -0.0, -0.0, 0.0, 0.526878, 0.84994, 0.37472, 0.0, -0.849941, 0.526878, -0.0, 0.0, 0.0, 0.0, 1.0],
                [1.0, -0.0, -0.0, 0.0, 0.0, 0.74583, 0.666136, 0.37472, 0.0, -0.666136, 0.74583, -0.0, 0.0, 0.0, 0.0, 1.0],
                [1.0, 0.0, -0.0, 0.0, 0.0, 0.81468, 0.579911, 0.37472, 0.0, -0.579911, 0.81468, -0.0, 0.0, 0.0, 0.0, 1.0],
                [1.0, -0.0, -0.0, -0.0, 0.0, 0.790842, 0.612021, 0.37472, 0.0, -0.612021, 0.790842, -0.0, 0.0, 0.0, 0.0, 1.0],
                [1.0, 0.0, -0.0, -0.0, 0.0, 0.759486, 0.650524, 0.37472, 0.0, -0.650525, 0.759485, -0.0, 0.0, 0.0, 0.0, 1.0],
                [1.0, -0.0, -0.0, -0.0, 0.0, 0.752243, 0.658887, 0.37472, 0.0, -0.658887, 0.752242, -0.0, 0.0, 0.0, 0.0, 1.0],
                [1.0, 0.0, -0.0, -0.0, 0.0, 0.77085, 0.637017, 0.37472, 0.0, -0.637017, 0.77085, -0.0, 0.0, 0.0, 0.0, 1.0],
                [1.0, -0.0, -0.0, -0.0, 0.0, 0.828917, 0.559371, 0.37472, 0.0, -0.559371, 0.828917, 0.0, 0.0, 0.0, 0.0, 1.0]
            ]
        },
        {
            "name": "Knee_R",
            "time": [0.0, 0.0333, 0.0667, 0.1, 0.1333, 0.1667, 0.3333, 0.5, 0.5333, 0.6667, 1.0, 1.3333, 1.6667, 2.0, 2.3333, 2.6667, 3.0, 3.1667, 3.3333, 3.5, 3.6667, 4.0],
            "transform": [
                [1.0, -0.0, -0.0, -0.0, -0.0, 0.0, -1.0, 0.37472, 0.0, 1.0, 0.0, -0.0, 0.0, 0.0, 0.0, 1.0],
                [1.0, -0.0, -1e-06, -0.0, -1e-06, 0.0, -1.0, 0.37472, 0.0, 1.0, 0.0, 0.0, 0.0, 0.0, 0.0, 1.0],
                [1.0, -0.0, -0.0, 0.0, -0.0, 0.0, -1.0, 0.37472, 0.0, 1.0, 0.0, -0.0, 0.0, 0.0, 0.0, 1.0],
                [1.0, -0.0, -0.0, 0.0, -0.0, 0.0, -1.0, 0.37472, 0.0, 1.0, 0.0, 0.0, 0.0, 0.0, 0.0, 1.0],
                [1.0, -0.0, -0.0, 0.0, -0.0, 0.0, -1.0, 0.37472, 0.0, 1.0, 0.0, 0.0, 0.0, 0.0, 0.0, 1.0],
                [1.0, -0.0, -0.0, -0.0, -0.0, 0.0, -1.0, 0.37472, 0.0, 1.0, 0.0, 0.0, 0.0, 0.0, 0.0, 1.0],
                [1.0, -0.0, -0.0, -0.0, -1e-06, 0.0, -1.0, 0.37472, 0.0, 1.0, 0.0, 0.0, 0.0, 0.0, 0.0, 1.0],
                [1.0, -0.0, -1e-06, -0.0, -0.0, 0.0, -1.0, 0.37472, 0.0, 1.0, 0.0, 0.0, 0.0, 0.0, 0.0, 1.0],
                [1.0, -0.0, -1e-06, -0.0, -0.0, 0.0, -1.0, 0.37472, 0.0, 1.0, 0.0, -0.0, 0.0, 0.0, 0.0, 1.0],
                [1.0, -0.0, -0.0, 0.0, -0.0, 0.0, -1.0, 0.37472, 0.0, 1.0, 0.0, -0.0, 0.0, 0.0, 0.0, 1.0],
                [1.0, -0.0, -0.0, -0.0, -0.0, 0.0, -1.0, 0.37472, 0.0, 1.0, 0.0, -0.0, 0.0, 0.0, 0.0, 1.0],
                [1.0, -0.0, -0.0, -0.0, -0.0, 0.0, -1.0, 0.37472, 0.0, 1.0, 0.0, 0.0, 0.0, 0.0, 0.0, 1.0],
                [1.0, -0.0, -1e-06, -0.0, -1e-06, 0.0, -1.0, 0.37472, 0.0, 1.0, 0.0, 0.0, 0.0, 0.0, 0.0, 1.0],
                [1.0, -0.0, -0.0, -0.0, -1e-06, 0.0, -1.0, 0.37472, 0.0, 1.0, 0.0, -0.0, 0.0, 0.0, 0.0, 1.0],
                [1.0, -0.0, -0.0, -0.0, -0.0, 0.0, -1.0, 0.37472, 0.0, 1.0, 0.0, -0.0, 0.0, 0.0, 0.0, 1.0],
                [1.0, -0.0, -0.0, 0.0, -0.0, 0.0, -1.0, 0.37472, 0.0, 1.0, 0.0, -0.0, 0.0, 0.0, 0.0, 1.0],
                [1.0, -0.0, -0.0, 0.0, -1e-06, 0.0, -1.0, 0.37472, 0.0, 1.0, 0.0, -0.0, 0.0, 0.0, 0.0, 1.0],
                [1.0, -0.0, -0.0, -0.0, -0.0, 0.0, -1.0, 0.37472, 0.0, 1.0, 0.0, -0.0, 0.0, 0.0, 0.0, 1.0],
                [1.0, -0.0, -0.0, -0.0, -0.0, 0.0, -1.0, 0.37472, 0.0, 1.0, 0.0, -0.0, 0.0, 0.0, 0.0, 1.0],
                [1.0, -0.0, -0.0, -0.0, -0.0, 0.0, -1.0, 0.37472, 0.0, 1.0, 0.0, -0.0, 0.0, 0.0, 0.0, 1.0],
                [1.0, -0.0, -0.0, -0.0, -0.0, 0.0, -1.0, 0.37472, 0.0, 1.0, 0.0, -0.0, 0.0, 0.0, 0.0, 1.0],
                [1.0, -0.0, -0.0, -0.0, -0.0, 0.0, -1.0, 0.37472, 0.0, 1.0, 0.0, 0.0, 0.0, 0.0, 0.0, 1.0]
            ]
        },
        {
            "name": "Thigh_L",
            "time": [0.0, 0.0333, 0.0667, 0.1, 0.1333, 0.1667, 0.3333, 0.5, 0.5333, 0.6667, 1.0, 1.3333, 1.6667, 2.0, 2.3333, 2.6667, 3.0, 3.1667, 3.3333, 3.5, 3.6667, 4.0],
            "transform": [
                [-0.649717, -0.676857, -0.346024, -0.125006, -0.256269, -0.233521, 0.937973, -0.002831, -0.715678, 0.698093, -0.021735, -1.2e-05, 0.0, 0.0, 0.0, 1.0],
                [-0.816961, -0.425398, -0.389373, -0.083858, -0.229948, -0.378896, 0.896416, -0.006409, -0.528866, 0.821872, 0.211724, -1.2e-05, 0.0, 0.0, 0.0, 1.0],
                [-0.929568, -0.11013, -0.351817, -0.04271, -0.245774, -0.526168, 0.81409, -0.009987, -0.274771, 0.84322, 0.462041, -1.2e-05, 0.0, 0.0, 0.0, 1.0],
                [-0.950877, 0.213827, -0.223855, -0.001562, -0.309518, -0.643468, 0.700105, -0.013565, 0.005657, 0.735002, 0.678042, -1.2e-05, 0.0, 0.0, 0.0, 1.0],
                [-0.876535, 0.480297, -0.031627, 0.039586, -0.408156, -0.706837, 0.577746, -0.017143, 0.255135, 0.519324, 0.815603, -1.2e-05, 0.0, 0.0, 0.0, 1.0],
                [-0.737107, 0.651706, 0.178753, 0.080734, -0.517682, -0.714576, 0.470517, -0.020721, 0.434371, 0.254285, 0.864095, -1.2e-05, 0.0, 0.0, 0.0, 1.0],
                [-0.281349, 0.515026, 0.809685, 0.038095, -0.266854, -0.85248, 0.44952, -0.009033, 0.921755, -0.089596, 0.377281, -0.119162, 0.0, 0.0, 0.0, 1.0],
                [0.706866, -0.514645, 0.485264, -0.125006, -0.638579, -0.75936, 0.124857, -0.002831, 0.304233, -0.398137, -0.865406, -1.2e-05, 0.0, 0.0, 0.0, 1.0],
                [0.6632, -0.684428, 0.302861, -0.125006, -0.74706, -0.580769, 0.323434, -0.002831, -0.045475, -0.440757, -0.896473, -1.2e-05, 0.0, 0.0, 0.0, 1.0],
                [-0.274511, -0.960584, 0.043841, -0.125006, -0.069832, 0.065387, 0.995413, -0.002831, -0.959045, 0.27019, -0.085029, -1.2e-05, 0.0, 0.0, 0.0, 1.0],
                [-0.233178, -0.972399, -0.008284, -0.125006, -0.06533, 0.007165, 0.997838, -0.00283, -0.970238, 0.233214, -0.065197, -1.2e-05, 0.0, 0.0, 0.0, 1.0],
                [-0.076939, -0.996376, 0.036254, -0.125006, -0.139816, 0.046785, 0.989071, -0.002831, -0.987184, 0.071029, -0.142909, -1.2e-05, 0.0, 0.0, 0.0, 1.0],
                [0.05503, -0.982402, 0.178489, -0.125006, -0.116892, 0.171192, 0.978278, -0.002831, -0.991619, -0.074698, -0.105415, -1.2e-05, 0.0, 0.0, 0.0, 1.0],
                [0.447844, -0.867963, -0.214653, -0.125006, 0.108578, -0.185503, 0.976626, -0.002831, -0.887495, -0.460683, 0.011166, -1.2e-05, 0.0, 0.0, 0.0, 1.0],
                [0.835741, -0.236549, -0.495563, -0.125006, 0.115518, -0.806529, 0.579799, -0.002831, -0.536837, -0.541808, -0.646723, -1.2e-05, 0.0, 0.0, 0.0, 1.0],
                [0.997629, 0.067417, -0.01382, -0.125006, 0.0679, -0.931543, 0.357235, -0.002831, 0.01121, -0.357327, -0.933912, -1.2e-05, 0.0, 0.0, 0.0, 1.0],
                [0.990748, -0.036087, 0.130831, -0.125006, -0.092645, -0.884284, 0.457666, -0.002831, 0.099176, -0.465553, -0.879445, -1.2e-05, 0.0, 0.0, 0.0, 1.0],
                [0.969101, -0.095376, 0.227478, -0.125006, -0.198763, -0.848068, 0.491196, -0.002831, 0.146069, -0.521233, -0.840821, -1.2e-05, 0.0, 0.0, 0.0, 1.0],
                [0.946622, -0.124902, 0.297162, -0.125006, -0.258373, -0.84523, 0.467793, -0.002831, 0.192742, -0.519602, -0.832384, -1.2e-05, 0.0, 0.0, 0.0, 1.0],
                [0.936243, -0.151694, 0.31692, -0.125006, -0.271461, -0.884957, 0.378364, -0.002831, 0.223065, -0.440273, -0.869714, -1.2e-05, 0.0, 0.0, 0.0, 1.0],
                [0.947644, -0.192944, 0.254446, -0.125006, -0.260723, -0.927569, 0.267656, -0.002831, 0.184374, -0.319983, -0.92931, -1.2e-05, 0.0, 0.0, 0.0, 1.0],
                [0.969679, -0.168893, 0.176631, -0.125006, -0.196323, -0.968772, 0.151456, -0.002831, 0.145535, -0.181541, -0.972554, -1.2e-05, 0.0, 0.0, 0.0, 1.0]
            ]
        },
        {
            "name": "Leg_L",
            "time": [0.0, 0.0333, 0.0667, 0.1, 0.1333, 0.1667, 0.3333, 0.5, 0.5333, 0.6667, 1.0, 1.3333, 1.6667, 2.0, 2.3333, 2.6667, 3.0, 3.1667, 3.3333, 3.5, 3.6667, 4.0],
            "transform": [
                [1.0, 0.0, 0.0, -0.0, -0.0, 0.121278, 0.992618, 0.37472, 0.0, -0.992619, 0.121278, -0.0, 0.0, 0.0, 0.0, 1.0],
                [1.0, 0.0, 0.0, -0.0, -0.0, 0.226963, 0.973903, 0.37472, 0.0, -0.973904, 0.226963, -0.0, 0.0, 0.0, 0.0, 1.0],
                [1.0, 0.0, 0.0, 0.0, -0.0, 0.330928, 0.943655, 0.37472, 0.0, -0.943656, 0.330927, 0.0, 0.0, 0.0, 0.0, 1.0],
                [1.0, 0.0, 0.0, 0.0, -0.0, 0.431301, 0.902207, 0.37472, 0.0, -0.902208, 0.431301, -0.0, 0.0, 0.0, 0.0, 1.0],
                [1.0, 0.0, 0.0, 0.0, -0.0, 0.526316, 0.850288, 0.37472, 0.0, -0.850289, 0.526316, -0.0, 0.0, 0.0, 0.0, 1.0],
                [1.0, 0.0, 0.0, -0.0, -0.0, 0.614415, 0.788983, 0.37472, -0.0, -0.788984, 0.614414, -0.0, 0.0, 0.0, 0.0, 1.0],
                [1.0, 0.0, 1e-06, 0.0, -1e-06, 0.243147, 0.969989, 0.37472, 0.0, -0.96999, 0.243147, -0.0, 0.0, 0.0, 0.0, 1.0],
                [1.0, 0.0, 0.0, 0.0, -0.0, 0.658606, 0.752488, 0.37472, -0.0, -0.752489, 0.658605, -0.0, 0.0, 0.0, 0.0, 1.0],
                [1.0, 0.0, 0.0, 0.0, -0.0, 0.580975, 0.813921, 0.37472, -0.0, -0.813922, 0.580975, 0.0, 0.0, 0.0, 0.0, 1.0],
                [1.0, 0.0, 0.0, 0.0, -0.0, 0.219646, 0.975579, 0.37472, 0.0, -0.97558, 0.219646, -0.0, 0.0, 0.0, 0.0, 1.0],
                [1.0, 0.0, 0.0, 0.0, -0.0, 0.261922, 0.965088, 0.37472, 0.0, -0.965089, 0.261922, -0.0, 0.0, 0.0, 0.0, 1.0],
                [1.0, 0.0, 0.0, -0.0, -0.0, 0.139641, 0.990201, 0.37472, 0.0, -0.990203, 0.139641, -0.0, 0.0, 0.0, 0.0, 1.0],
                [1.0, 0.0, 0.0, 0.0, -0.0, -0.148703, 0.988882, 0.37472, 0.0, -0.988882, -0.148703, -0.0, 0.0, 0.0, 0.0, 1.0],
                [1.0, 0.0, 0.0, 0.0, -0.0, -0.229721, 0.973256, 0.37472, 0.0, -0.973257, -0.229721, 0.0, 0.0, 0.0, 0.0, 1.0],
                [1.0, 0.0, 0.0, -0.0, -0.0, 0.547101, 0.837066, 0.37472, -0.0, -0.837067, 0.547101, 0.0, 0.0, 0.0, 0.0, 1.0],
                [1.0, 0.0, 0.0, 0.0, -0.0, 0.830018, 0.557736, 0.37472, -0.0, -0.557736, 0.830018, -0.0, 0.0, 0.0, 0.0, 1.0],
                [1.0, 0.0, 0.0, -0.0, -0.0, 0.782709, 0.622388, 0.37472, -0.0, -0.622388, 0.782709, -0.0, 0.0, 0.0, 0.0, 1.0],
                [1.0, 0.0, 0.0, 0.0, -0.0, 0.764571, 0.64454, 0.37472, -0.0, -0.64454, 0.76457, -0.0, 0.0, 0.0, 0.0, 1.0],
                [1.0, 0.0, 0.0, 0.0, -0.0, 0.759181, 0.65088, 0.37472, -0.0, -0.65088, 0.75918, 0.0, 0.0, 0.0, 0.0, 1.0],
                [1.0, 0.0, 0.0, -0.0, -0.0, 0.793638, 0.608391, 0.37472, -0.0, -0.608391, 0.793637, 0.0, 0.0, 0.0, 0.0, 1.0],
                [1.0, 0.0, 0.0, -0.0, -0.0, 0.88063, 0.473806, 0.37472, -0.0, -0.473806, 0.880629, -0.0, 0.0, 0.0, 0.0, 1.0],
                [1.0, 0.0, 0.0, -0.0, -0.0, 0.940811, 0.338932, 0.37472, -0.0, -0.338932, 0.940811, -0.0, 0.0, 0.0, 0.0, 1.0]
            ]
        },
        {
            "name": "Knee_L",
            "time": [0.0, 0.0333, 0.0667, 0.1, 0.1333, 0.1667, 0.3333, 0.5, 0.5333, 0.6667, 1.0, 1.3333, 1.6667, 2.0, 2.3333, 2.6667, 3.0, 3.1667, 3.3333, 3.5, 3.6667, 4.0],
            "transform": [
                [1.0, -0.0, -0.0, -0.0, -0.0, 0.0, -1.0, 0.37472, 0.0, 1.0, 0.0, -0.0, 0.0, 0.0, 0.0, 1.0],
                [1.0, -0.0, -0.0, -0.0, -0.0, 0.0, -1.0, 0.37472, 0.0, 1.0, 0.0, -0.0, 0.0, 0.0, 0.0, 1.0],
                [1.0, -0.0, -0.0, 0.0, -0.0, 0.0, -1.0, 0.37472, 0.0, 1.0, 0.0, 0.0, 0.0, 0.0, 0.0, 1.0],
                [1.0, -0.0, -0.0, 0.0, -0.0, 0.0, -1.0, 0.37472, 0.0, 1.0, 0.0, -0.0, 0.0, 0.0, 0.0, 1.0],
                [1.0, -0.0, -0.0, 0.0, -0.0, 0.0, -1.0, 0.37472, 0.0, 1.0, 0.0, -0.0, 0.0, 0.0, 0.0, 1.0],
                [1.0, -0.0, -0.0, -0.0, -0.0, 0.0, -1.0, 0.37472, 0.0, 1.0, 0.0, -0.0, 0.0, 0.0, 0.0, 1.0],
                [1.0, -0.0, -0.0, 0.0, -0.0, 0.0, -1.0, 0.37472, 0.0, 1.0, 0.0, -0.0, 0.0, 0.0, 0.0, 1.0],
                [1.0, -0.0, -1e-06, 0.0, -1e-06, 0.0, -1.0, 0.37472, 0.0, 1.0, 0.0, -0.0, 0.0, 0.0, 0.0, 1.0],
                [1.0, -0.0, -0.0, 0.0, -0.0, 0.0, -1.0, 0.37472, 0.0, 1.0, 0.0, 0.0, 0.0, 0.0, 0.0, 1.0],
                [1.0, -0.0, -0.0, 0.0, -1e-06, 0.0, -1.0, 0.37472, 0.0, 1.0, 0.0, -0.0, 0.0, 0.0, 0.0, 1.0],
                [1.0, -0.0, -0.0, 0.0, -0.0, 0.0, -1.0, 0.37472, 0.0, 1.0, 0.0, -0.0, 0.0, 0.0, 0.0, 1.0],
                [1.0, -0.0, -0.0, -0.0, -0.0, 0.0, -1.0, 0.37472, 0.0, 1.0, 0.0, -0.0, 0.0, 0.0, 0.0, 1.0],
                [1.0, -0.0, -0.0, 0.0, -0.0, 0.0, -1.0, 0.37472, 0.0, 1.0, 0.0, -0.0, 0.0, 0.0, 0.0, 1.0],
                [1.0, -0.0, -0.0, 0.0, -0.0, 0.0, -1.0, 0.37472, 0.0, 1.0, 0.0, 0.0, 0.0, 0.0, 0.0, 1.0],
                [1.0, -0.0, -0.0, -0.0, -0.0, 0.0, -1.0, 0.37472, 0.0, 1.0, 0.0, 0.0, 0.0, 0.0, 0.0, 1.0],
                [1.0, -0.0, -0.0, 0.0, -0.0, 0.0, -1.0, 0.37472, 0.0, 1.0, 0.0, -0.0, 0.0, 0.0, 0.0, 1.0],
                [1.0, -0.0, -0.0, -0.0, -0.0, 0.0, -1.0, 0.37472, 0.0, 1.0, 0.0, -0.0, 0.0, 0.0, 0.0, 1.0],
                [1.0, -0.0, -0.0, 0.0, -0.0, 0.0, -1.0, 0.37472, 0.0, 1.0, 0.0, -0.0, 0.0, 0.0, 0.0, 1.0],
                [1.0, -0.0, -1e-06, 0.0, -0.0, 0.0, -1.0, 0.37472, 0.0, 1.0, 0.0, 0.0, 0.0, 0.0, 0.0, 1.0],
                [1.0, -0.0, -0.0, -0.0, -0.0, 0.0, -1.0, 0.37472, 0.0, 1.0, 0.0, 0.0, 0.0, 0.0, 0.0, 1.0],
                [1.0, -0.0, -0.0, -0.0, -0.0, 0.0, -1.0, 0.37472, 0.0, 1.0, 0.0, -0.0, 0.0, 0.0, 0.0, 1.0],
                [1.0, -0.0, -0.0, -0.0, -0.0, 0.0, -1.0, 0.37472, 0.0, 1.0, 0.0, -0.0, 0.0, 0.0, 0.0, 1.0]
            ]
        },
        {
            "name": "Torso",
            "time": [0.0, 0.0333, 0.0667, 0.1, 0.1333, 0.1667, 0.3333, 0.5, 0.5333, 0.6667, 1.0, 1.3333, 1.6667, 2.0, 2.3333, 2.6667, 3.0, 3.1667, 3.3333, 3.5, 3.6667, 4.0],
            "transform": [
                [0.084185, -0.062089, 0.994514, -0.0, 0.262616, 0.964153, 0.037964, 0.05, -0.961221, 0.257979, 0.097473, 0.0, 0.0, 0.0, 0.0, 1.0],
                [-0.245874, -0.018127, 0.969132, 0.0, 0.214042, 0.974129, 0.072524, 0.05, -0.945374, 0.225266, -0.235633, -0.0, 0.0, 0.0, 0.0, 1.0],
                [-0.58028, 0.014595, 0.814286, -0.0, 0.150069, 0.984635, 0.089294, 0.05, -0.800471, 0.174015, -0.573554, -0.0, 0.0, 0.0, 0.0, 1.0],
                [-0.843975, 0.026079, 0.535748, -0.0, 0.081744, 0.993404, 0.080416, 0.05, -0.530117, 0.111663, -0.84054, 0.0, 0.0, 0.0, 0.0, 1.0],
                [-0.981219, 0.013897, 0.192395, 0.0, 0.023509, 0.998582, 0.047766, 0.05, -0.191459, 0.051392, -0.980154, -0.0, 0.0, 0.0, 0.0, 1.0],
                [-0.990012, -0.015308, -0.140149, 0.0, -0.015715, 0.999875, 0.001798, 0.05, 0.140104, 0.003982, -0.990129, 0.0, 0.0, 0.0, 0.0, 1.0],
                [-0.536644, -0.046053, -0.842551, -0.0, -0.020905, 0.998929, -0.041286, 0.05, 0.843549, -0.004542, -0.537032, -0.0, 0.0, 0.0, 0.0, 1.0],
                [0.853099, -0.063142, -0.517915, -0.0, 0.04856, 0.99795, -0.041679, 0.05, 0.519485, 0.010406, 0.854416, -0.0, 0.0, 0.0, 0.0, 1.0],
                [0.992136, -0.046216, -0.116316, -0.0, 0.051098, 0.997918, 0.039341, 0.05, 0.114256, -0.044975, 0.992433, -0.0, 0.0, 0.0, 0.0, 1.0],
                [-0.354389, -0.232848, 0.905644, 0.0, -0.251649, 0.956519, 0.147455, 0.05, -0.900601, -0.175648, -0.397576, 0.0, 0.0, 0.0, 0.0, 1.0],
                [-0.329971, -0.227977, 0.916049, 0.0, -0.229395, 0.960677, 0.156453, 0.05, -0.915695, -0.158512, -0.369292, 0.0, 0.0, 0.0, 0.0, 1.0],
                [-0.086266, -0.207628, 0.974396, -0.0, -0.197678, 0.962164, 0.187521, 0.05, -0.976464, -0.17644, -0.124045, 0.0, 0.0, 0.0, 0.0, 1.0],
                [0.139406, -0.216347, 0.966313, -0.0, -0.176061, 0.954878, 0.239186, 0.05, -0.974458, -0.203474, 0.095026, 0.0, 0.0, 0.0, 0.0, 1.0],
                [0.624509, -0.33644, 0.704838, 0.0, 0.024182, 0.910358, 0.413115, 0.05, -0.780643, -0.24095, 0.576662, 0.0, 0.0, 0.0, 0.0, 1.0],
                [0.977533, -0.132608, 0.163842, 0.0, 0.098863, 0.97495, 0.199246, 0.05, -0.18616, -0.178572, 0.966155, 0.0, 0.0, 0.0, 0.0, 1.0],
                [0.918676, 0.056434, -0.390959, 0.0, -0.016143, 0.994279, 0.105588, 0.05, 0.394681, -0.09069, 0.914331, -0.0, 0.0, 0.0, 0.0, 1.0],
                [0.927529, 0.044591, -0.371082, 0.0, -0.012405, 0.995983, 0.088677, 0.05, 0.373546, -0.077647, 0.924356, 0.0, 0.0, 0.0, 0.0, 1.0],
                [0.923789, 0.058039, -0.378478, 0.0, -0.035878, 0.997217, 0.065351, 0.05, 0.381218, -0.046792, 0.9233, 0.0, 0.0, 0.0, 0.0, 1.0],
                [0.918184, 0.062764, -0.391149, 0.0, -0.047683, 0.997701, 0.048162, 0.05, 0.393273, -0.02557, 0.919066, 0.0, 0.0, 0.0, 0.0, 1.0],
                [0.911797, 0.058854, -0.4064, 0.0, -0.048278, 0.998176, 0.036237, 0.05, 0.407792, -0.013421, 0.912976, 0.0, 0.0, 0.0, 0.0, 1.0],
                [0.915177, 0.048997, -0.400063, 0.0, -0.040784, 0.998747, 0.029023, 0.05, 0.400984, -0.010245, 0.916028, 0.0, 0.0, 0.0, 0.0, 1.0],
                [0.931445, 0.041076, -0.361558, 0.0, -0.033079, 0.999052, 0.028283, 0.05, 0.362377, -0.014384, 0.931921, 0.0, 0.0, 0.0, 0.0, 1.0]
            ]
        },
        {
            "name": "Chest",
            "time": [0.0, 0.0333, 0.0667, 0.1, 0.1333, 0.1667, 0.3333, 0.5, 0.5333, 0.6667, 1.0, 1.3333, 1.6667, 2.0, 2.3333, 2.6667, 3.0, 3.1667, 3.3333, 3.5, 3.6667, 4.0],
            "transform": [
                [0.809668, 0.204342, 0.550165, -0.0, -0.242169, 0.970226, -0.003965, 0.3, -0.534595, -0.130022, 0.835046, -0.0, 0.0, 0.0, 0.0, 1.0],
                [0.892936, 0.148859, 0.42486, 0.0, -0.199144, 0.977, 0.076233, 0.3, -0.403741, -0.15268, 0.902043, -0.0, 0.0, 0.0, 0.0, 1.0],
                [0.954467, 0.095702, 0.28255, 0.0, -0.142621, 0.978279, 0.150428, 0.3, -0.262017, -0.183876, 0.947384, -0.0, 0.0, 0.0, 0.0, 1.0],
                [0.990534, 0.047355, 0.128842, 0.0, -0.074523, 0.97376, 0.21503, 0.3, -0.115278, -0.222597, 0.968071, 0.0, 0.0, 0.0, 0.0, 1.0],
                [0.999548, 0.00595, -0.029488, 0.0, 0.002146, 0.963641, 0.267193, 0.3, 0.030006, -0.267135, 0.963192, 0.0, 0.0, 0.0, 0.0, 1.0],
                [0.98228, -0.027037, -0.185459, 0.0, 0.083736, 0.948596, 0.305213, 0.3, 0.167673, -0.315334, 0.93405, 0.0, 0.0, 0.0, 0.0, 1.0],
                [0.999299, -0.036563, -0.008035, -0.0, 0.037286, 0.952945, 0.300841, 0.3, -0.003342, -0.300929, 0.95364, 0.0, 0.0, 0.0, 0.0, 1.0],
                [0.998696, -0.032326, 0.039519, -0.0, 0.015667, 0.930718, 0.365401, 0.3, -0.048593, -0.364306, 0.930011, -0.0, 0.0, 0.0, 0.0, 1.0],
                [0.987699, -0.049549, 0.14831, 0.0, -0.017995, 0.906149, 0.422576, 0.3, -0.155329, -0.420046, 0.894111, 0.0, 0.0, 0.0, 0.0, 1.0],
                [0.823474, -0.180698, 0.537809, -0.0, -0.21173, 0.781566, 0.586791, 0.3, -0.526366, -0.597077, 0.605341, -0.0, 0.0, 0.0, 0.0, 1.0],
                [0.827272, -0.166449, 0.536578, -0.0, -0.209988, 0.794263, 0.570133, 0.3, -0.521082, -0.58433, 0.622119, 0.0, 0.0, 0.0, 0.0, 1.0],
                [0.850023, -0.157498, 0.502649, -0.0, -0.170323, 0.820807, 0.54522, 0.3, -0.498449, -0.549063, 0.670879, 0.0, 0.0, 0.0, 0.0, 1.0],
                [0.925313, -0.070115, 0.372667, 0.0, -0.10482, 0.897172, 0.429062, 0.3, -0.36443, -0.436079, 0.822815, 0.0, 0.0, 0.0, 0.0, 1.0],
                [0.999239, 0.023359, 0.031239, 0.0, -0.026659, 0.993602, 0.109746, 0.3, -0.028475, -0.110496, 0.993468, -0.0, 0.0, 0.0, 0.0, 1.0],
                [0.992743, -0.042757, -0.1124, -0.0, 0.045944, 0.998608, 0.025917, 0.3, 0.111136, -0.030893, 0.993325, -0.0, 0.0, 0.0, 0.0, 1.0],
                [0.997802, -0.060996, -0.025914, -0.0, 0.061304, 0.998056, 0.011281, 0.3, 0.025175, -0.012845, 0.9996, 0.0, 0.0, 0.0, 0.0, 1.0],
                [0.996844, -0.010076, -0.078738, 0.0, 0.013572, 0.99894, 0.043994, 0.3, 0.078211, -0.044924, 0.995924, 0.0, 0.0, 0.0, 0.0, 1.0],
                [0.996143, -0.010726, -0.087084, 0.0, 0.01468, 0.998884, 0.044898, 0.3, 0.086505, -0.046004, 0.995189, 0.0, 0.0, 0.0, 0.0, 1.0],
                [0.994139, -0.00444, -0.10802, -0.0, 0.009101, 0.999047, 0.042701, 0.3, 0.107727, -0.043434, 0.993231, 0.0, 0.0, 0.0, 0.0, 1.0],
                [0.990283, 0.003305, -0.139024, 0.0, 0.002466, 0.999143, 0.041323, 0.3, 0.139042, -0.041264, 0.989427, 0.0, 0.0, 0.0, 0.0, 1.0],
                [0.986289, -0.001773, -0.165015, -0.0, 0.009727, 0.998829, 0.047404, 0.3, 0.164738, -0.048359, 0.985151, -0.0, 0.0, 0.0, 0.0, 1.0],
                [0.976187, -0.019309, -0.216071, 0.0, 0.031753, 0.998021, 0.05427, 0.3, 0.214595, -0.059838, 0.974868, 0.0, 0.0, 0.0, 0.0, 1.0]
            ]
        },
        {
            "name": "Head",
            "time": [0.0, 0.0333, 0.0667, 0.1, 0.1333, 0.1667, 0.3333, 0.5, 0.5333, 0.6667, 1.0, 1.3333, 1.6667, 2.0, 2.3333, 2.6667, 3.0, 3.1667, 3.3333, 3.5, 3.6667, 4.0],
            "transform": [
                [0.501126, 0.19154, -0.84391, 0.0, -0.041166, 0.979369, 0.19784, 0.4, 0.864395, -0.064402, 0.498672, -0.0, 0.0, 0.0, 0.0, 1.0],
                [0.749094, 0.141204, -0.64724, 0.0, -0.058262, 0.987276, 0.147957, 0.4, 0.659898, -0.073124, 0.747788, -0.0, 0.0, 0.0, 0.0, 1.0],
                [0.932012, 0.085751, -0.352137, 0.0, -0.05752, 0.99429, 0.089885, 0.4, 0.357834, -0.063519, 0.931622, -0.0, 0.0, 0.0, 0.0, 1.0],
                [0.999372, 0.035432, 0.001339, -0.0, -0.035457, 0.9988, 0.033783, 0.4, -0.00014, -0.033809, 0.999428, 0.0, 0.0, 0.0, 0.0, 1.0],
                [0.938323, -0.000154, 0.345762, -0.0, 0.003719, 0.999946, -0.009647, 0.4, -0.345742, 0.010338, 0.938272, -0.0, 0.0, 0.0, 0.0, 1.0],
                [0.780927, -0.017478, 0.624378, 0.0, 0.050481, 0.998105, -0.0352, 0.4, -0.62258, 0.059008, 0.780328, -0.0, 0.0, 0.0, 0.0, 1.0],
                [0.646171, -0.037409, 0.762275, 0.0, 0.082656, 0.996353, -0.021169, 0.4, -0.758704, 0.076686, 0.646907, 0.0, 0.0, 0.0, 0.0, 1.0],
                [0.908755, 0.107871, 0.403148, -0.0, 0.007838, 0.961435, -0.274921, 0.4, -0.417256, 0.252995, 0.872864, -0.0, 0.0, 0.0, 0.0, 1.0],
                [0.965268, 0.178383, 0.190883, -0.0, -0.128641, 0.960434, -0.247019, 0.4, -0.227395, 0.213884, 0.950024, -0.0, 0.0, 0.0, 0.0, 1.0],
                [0.628906, 0.480157, -0.611495, -0.0, -0.50924, 0.848714, 0.142686, 0.4, 0.587497, 0.221661, 0.778276, 0.0, 0.0, 0.0, 0.0, 1.0],
                [0.83719, 0.397947, -0.375169, -0.0, -0.342876, 0.916327, 0.206834, 0.4, 0.426086, -0.044523, 0.903586, -0.0, 0.0, 0.0, 0.0, 1.0],
                [0.852018, 0.34242, -0.395996, -0.0, -0.300663, 0.939295, 0.16531, 0.4, 0.428562, -0.021785, 0.903249, 0.0, 0.0, 0.0, 0.0, 1.0],
                [0.731812, 0.28925, -0.617078, 0.0, -0.321732, 0.944842, 0.061335, 0.4, 0.600783, 0.153648, 0.784507, 0.0, 0.0, 0.0, 0.0, 1.0],
                [0.850546, 0.150278, -0.503973, 0.0, -0.295882, 0.928988, -0.222342, 0.4, 0.434771, 0.338229, 0.834611, 0.0, 0.0, 0.0, 0.0, 1.0],
                [0.971103, 0.238656, 0.001291, 0.0, -0.232947, 0.949021, -0.212357, 0.4, -0.051906, 0.20592, 0.977191, -0.0, 0.0, 0.0, 0.0, 1.0],
                [0.894947, 0.240455, 0.375834, -0.0, -0.183511, 0.966179, -0.181169, 0.4, -0.406686, 0.093167, 0.908805, 0.0, 0.0, 0.0, 0.0, 1.0],
                [0.892592, 0.207227, 0.400421, 0.0, -0.168398, 0.977072, -0.130277, 0.4, -0.418237, 0.048855, 0.907023, -0.0, 0.0, 0.0, 0.0, 1.0],
                [0.891573, 0.193526, 0.409445, 0.0, -0.152153, 0.979547, -0.131671, 0.4, -0.426552, 0.055096, 0.902783, -0.0, 0.0, 0.0, 0.0, 1.0],
                [0.88174, 0.183682, 0.434506, -0.0, -0.138612, 0.981301, -0.133548, 0.4, -0.450911, 0.057527, 0.890713, 0.0, 0.0, 0.0, 0.0, 1.0],
                [0.865429, 0.179109, 0.467923, -0.0, -0.128819, 0.982068, -0.137657, 0.4, -0.484187, 0.058855, 0.872983, 0.0, 0.0, 0.0, 0.0, 1.0],
                [0.85304, 0.18507, 0.487926, 0.0, -0.126044, 0.980388, -0.151498, 0.4, -0.506395, 0.067734, 0.859637, -0.0, 0.0, 0.0, 0.0, 1.0],
                [0.847994, 0.173459, 0.500817, 0.0, -0.111565, 0.982176, -0.151274, 0.4, -0.51813, 0.072406, 0.852232, 0.0, 0.0, 0.0, 0.0, 1.0]
            ]
        },
        {
            "name": "Shoulder_R",
            "time": [0.0, 0.0333, 0.0667, 0.1, 0.1333, 0.1667, 0.3333, 0.5, 0.5333, 0.6667, 1.0, 1.3333, 1.6667, 2.0, 2.3333, 2.6667, 3.0, 3.1667, 3.3333, 3.5, 3.6667, 4.0],
            "transform": [
                [-0.434145, 0.411218, -0.801509, 0.0, 0.463375, -0.661063, -0.590153, 0.4, -0.77253, -0.627611, 0.096449, -0.0, 0.0, 0.0, 0.0, 1.0],
                [-0.405749, 0.491165, -0.770794, 0.0, 0.534436, -0.556638, -0.636029, 0.4, -0.741449, -0.670008, -0.036641, -0.0, 0.0, 0.0, 0.0, 1.0],
                [-0.383387, 0.569035, -0.72747, 0.0, 0.603563, -0.441837, -0.663696, 0.4, -0.69909, -0.693526, -0.174054, -0.0, 0.0, 0.0, 0.0, 1.0],
                [-0.368104, 0.641887, -0.672667, -0.0, 0.668143, -0.320502, -0.671464, 0.4, -0.646596, -0.696606, -0.310894, 0.0, 0.0, 0.0, 0.0, 1.0],
                [-0.360454, 0.707072, -0.608376, -0.0, 0.725826, -0.197044, -0.659051, 0.4, -0.585874, -0.679134, -0.442186, -0.0, 0.0, 0.0, 0.0, 1.0],
                [-0.36044, 0.762548, -0.537217, 0.0, 0.774812, -0.07592, -0.627616, 0.4, -0.519374, -0.642461, -0.563467, -0.0, 0.0, 0.0, 0.0, 1.0],
                [-0.376363, 0.737825, -0.560326, 0.0, 0.772488, -0.083981, -0.629452, 0.4, -0.511483, -0.669747, -0.538353, 0.0, 0.0, 0.0, 0.0, 1.0],
                [-0.408361, 0.725707, -0.553706, -0.0, 0.772131, -0.048928, -0.633577, 0.4, -0.486884, -0.686261, -0.54036, -0.0, 0.0, 0.0, 0.0, 1.0],
                [-0.407364, 0.601392, -0.6873, -0.0, 0.773547, -0.172836, -0.609715, 0.4, -0.485468, -0.780035, -0.394798, -0.0, 0.0, 0.0, 0.0, 1.0],
                [-0.400388, -0.093178, -0.911595, -0.0, 0.778638, -0.559095, -0.284843, 0.4, -0.483128, -0.823851, 0.296407, 0.0, 0.0, 0.0, 0.0, 1.0],
                [-0.408372, -0.07268, -0.909917, -0.0, 0.784342, -0.537861, -0.309051, 0.4, -0.466947, -0.839895, 0.276653, -0.0, 0.0, 0.0, 0.0, 1.0],
                [-0.36135, 0.069421, -0.929842, -0.0, 0.786749, -0.51253, -0.344006, 0.4, -0.500453, -0.855859, 0.130585, 0.0, 0.0, 0.0, 0.0, 1.0],
                [-0.205805, 0.24364, -0.947778, 0.0, 0.801759, -0.513333, -0.306057, 0.4, -0.561094, -0.822878, -0.089695, 0.0, 0.0, 0.0, 0.0, 1.0],
                [0.220259, 0.564989, -0.795156, 0.0, 0.85134, -0.509253, -0.126021, 0.4, -0.476136, -0.649191, -0.593165, 0.0, 0.0, 0.0, 0.0, 1.0],
                [0.192227, 0.666074, -0.72069, 0.0, 0.886585, -0.432724, -0.163454, 0.4, -0.420732, -0.607533, -0.673712, -0.0, 0.0, 0.0, 0.0, 1.0],
                [0.020567, 0.630852, -0.77563, -0.0, 0.89854, -0.351851, -0.262349, 0.4, -0.438409, -0.69154, -0.574083, 0.0, 0.0, 0.0, 0.0, 1.0],
                [0.177821, 0.670624, -0.720169, 0.0, 0.871961, -0.446602, -0.200577, 0.4, -0.45614, -0.592292, -0.664173, -0.0, 0.0, 0.0, 0.0, 1.0],
                [0.259804, 0.697298, -0.66804, 0.0, 0.858996, -0.48293, -0.170013, 0.4, -0.441166, -0.529674, -0.724443, -0.0, 0.0, 0.0, 0.0, 1.0],
                [0.329279, 0.733633, -0.594439, -0.0, 0.849607, -0.504891, -0.152491, 0.4, -0.411999, -0.454827, -0.78955, 0.0, 0.0, 0.0, 0.0, 1.0],
                [0.378757, 0.773181, -0.508659, -0.0, 0.844454, -0.513627, -0.151937, 0.4, -0.378736, -0.371993, -0.847455, 0.0, 0.0, 0.0, 0.0, 1.0],
                [0.389582, 0.802194, -0.452449, 0.0, 0.844324, -0.507317, -0.172468, 0.4, -0.367888, -0.314823, -0.874954, -0.0, 0.0, 0.0, 0.0, 1.0],
                [0.368497, 0.833936, -0.410805, 0.0, 0.84734, -0.483077, -0.220574, 0.4, -0.382395, -0.266811, -0.884639, 0.0, 0.0, 0.0, 0.0, 1.0]
            ]
        },
        {
            "name": "Arm_R",
            "time": [0.0, 0.0333, 0.0667, 0.1, 0.1333, 0.1667, 0.3333, 0.5, 0.5333, 0.6667, 1.0, 1.3333, 1.6667, 2.0, 2.3333, 2.6667, 3.0, 3.1667, 3.3333, 3.5, 3.6667, 4.0],
            "transform": [
                [0.66435, 0.557908, 0.497372, -0.0, -0.59057, 0.7997, -0.108198, 0.393861, -0.458112, -0.221852, 0.860765, 0.0, 0.0, 0.0, 0.0, 1.0],
                [0.516652, 0.595111, 0.615559, -0.0, -0.594777, 0.766618, -0.241943, 0.39386, -0.615882, -0.24112, 0.750034, -0.0, 0.0, 0.0, 0.0, 1.0],
                [0.338922, 0.626057, 0.702271, 0.0, -0.567719, 0.731323, -0.377971, 0.393861, -0.750218, -0.270589, 0.603286, 0.0, 0.0, 0.0, 0.0, 1.0],
                [0.142674, 0.647846, 0.748291, 0.0, -0.509067, 0.696393, -0.505853, 0.393861, -0.84882, -0.308759, 0.429154, -0.0, 0.0, 0.0, 0.0, 1.0],
                [-0.057179, 0.658821, 0.750123, 0.0, -0.423281, 0.664483, -0.61587, 0.393861, -0.904193, -0.352727, 0.240872, -0.0, 0.0, 0.0, 0.0, 1.0],
                [-0.245919, 0.658971, 0.71083, 0.0, -0.318525, 0.637682, -0.701358, 0.39386, -0.91546, -0.398894, 0.053081, -0.0, 0.0, 0.0, 0.0, 1.0],
                [-0.213526, 0.65912, 0.721087, 0.0, -0.082996, 0.723202, -0.685631, 0.39386, -0.973406, -0.206247, -0.099718, 0.0, 0.0, 0.0, 0.0, 1.0],
                [-0.064918, 0.574679, 0.8158, -0.0, 0.164172, 0.812534, -0.559316, 0.39386, -0.984293, 0.097622, -0.147094, 0.0, 0.0, 0.0, 0.0, 1.0],
                [-0.022437, 0.371806, 0.92804, 0.0, 0.064571, 0.926873, -0.369778, 0.393861, -0.997661, 0.051628, -0.044804, -0.0, 0.0, 0.0, 0.0, 1.0],
                [0.337706, -0.489568, 0.803914, 0.0, -0.17032, 0.808207, 0.563731, 0.39386, -0.925714, -0.327297, 0.189553, -0.0, 0.0, 0.0, 0.0, 1.0],
                [0.33599, -0.247153, 0.90886, -0.0, -0.135496, 0.942236, 0.30632, 0.393861, -0.932069, -0.226067, 0.283093, -0.0, 0.0, 0.0, 0.0, 1.0],
                [0.415, -0.085303, 0.905814, -0.0, 0.052555, 0.99618, 0.069735, 0.393861, -0.908303, 0.018666, 0.417898, -0.0, 0.0, 0.0, 0.0, 1.0],
                [0.596871, -0.181522, 0.781534, -0.0, 0.34103, 0.939099, -0.042331, 0.39386, -0.726254, 0.291792, 0.622425, -0.0, 0.0, 0.0, 0.0, 1.0],
                [0.472618, -0.337969, 0.813885, 0.0, 0.474104, 0.876014, 0.088459, 0.39386, -0.742872, 0.344059, 0.574252, 0.0, 0.0, 0.0, 0.0, 1.0],
                [0.66995, 0.201453, 0.714551, -0.0, 0.344405, 0.768314, -0.539517, 0.39386, -0.657688, 0.607544, 0.445351, 0.0, 0.0, 0.0, 0.0, 1.0],
                [0.935746, 0.296168, 0.191479, -0.0, -0.012346, 0.57011, -0.821475, 0.39386, -0.352459, 0.766329, 0.537134, 0.0, 0.0, 0.0, 0.0, 1.0],
                [0.909981, -0.165398, 0.380235, 0.0, 0.31481, 0.872397, -0.373923, 0.393861, -0.269869, 0.459965, 0.845933, -0.0, 0.0, 0.0, 0.0, 1.0],
                [0.902013, -0.301305, 0.309173, -0.0, 0.35645, 0.923822, -0.139633, 0.39386, -0.243549, 0.236155, 0.940699, -0.0, 0.0, 0.0, 0.0, 1.0],
                [0.876746, -0.398622, 0.269104, -0.0, 0.39745, 0.915572, 0.061329, 0.39386, -0.270831, 0.053186, 0.961157, 0.0, 0.0, 0.0, 0.0, 1.0],
                [0.83684, -0.487204, 0.249659, 0.0, 0.438277, 0.869508, 0.227749, 0.393861, -0.32804, -0.081169, 0.941171, -0.0, 0.0, 0.0, 0.0, 1.0],
                [0.794512, -0.571194, 0.206129, 0.0, 0.491097, 0.804049, 0.335156, 0.393861, -0.357177, -0.165056, 0.919337, 0.0, 0.0, 0.0, 0.0, 1.0],
                [0.722018, -0.676995, 0.142718, -0.0, 0.576819, 0.702913, 0.416165, 0.393861, -0.38206, -0.218156, 0.898019, -0.0, 0.0, 0.0, 0.0, 1.0]
            ]
        },
        {
            "name": "Hand_R",
            "time": [0.0, 0.0333, 0.0667, 0.1, 0.1333, 0.1667, 0.3333, 0.5, 0.5333, 0.6667, 1.0, 1.3333, 1.6667, 2.0, 2.3333, 2.6667, 3.0, 3.1667, 3.3333, 3.5, 3.6667, 4.0],
            "transform": [
                [1.0, 1e-06, 0.0, -0.0, 0.0, 0.275794, -0.961217, 0.3, -1e-06, 0.961216, 0.275794, 0.0, 0.0, 0.0, 0.0, 1.0],
                [1.0, 1e-06, 0.0, 0.0, 0.0, 0.267569, -0.963539, 0.3, -1e-06, 0.963538, 0.267569, 0.0, 0.0, 0.0, 0.0, 1.0],
