{
    "animation": [
        {
            "name": "Root",
            "time": [0.0, 0.0333, 0.1, 0.1333, 0.1667, 0.2, 0.2667, 0.3, 0.3333, 0.3667, 0.4333, 0.4667, 0.5, 0.5333, 0.5667, 0.6, 0.6333, 0.6667, 0.7, 0.8333, 0.8667, 1.0, 1.0333, 1.1667, 1.2, 1.3333, 1.3667, 1.5, 1.5333, 1.6667, 1.7, 1.7667, 1.8, 1.8333, 1.8667, 2.0, 2.0333, 2.1667, 2.2, 2.3333, 2.3667, 2.5, 2.5333, 2.6667, 2.7, 2.8333, 2.8667, 2.9333, 2.9667, 3.0, 3.0333, 3.1667, 3.2, 3.2667, 3.3, 3.3333, 3.3667, 3.5, 3.5333, 3.6667, 3.7, 4.0, 4.0333, 4.1667, 4.2, 4.3333, 4.3667, 4.6667, 4.7, 5.2333, 5.2667, 5.6667, 5.7, 5.8333, 5.8667, 6.0, 6.0333, 6.1667, 6.2, 6.3333, 6.3667, 6.6667, 6.7, 7.0, 7.0333, 7.3333, 7.3667],
            "transform": [
                [1.0, -0.0, 0.0, 6e-06, 0.0, -0.0, -1.0, 0.00205, 0.0, 1.0, -0.0, 0.802178, 0.0, 0.0, 0.0, 1.0],
                [1.0, -0.0, 0.0, -0.075667, 0.0, -0.0, -1.0, 0.105803, 0.0, 1.0, -0.0, 0.802178, 0.0, 0.0, 0.0, 1.0],
                [1.0, -0.0, 0.0, -0.227014, 0.0, -0.0, -1.0, 0.313308, 0.0, 1.0, -0.0, 0.812563, 0.0, 0.0, 0.0, 1.0],
                [1.0, -0.0, 0.0, -0.271628, 0.0, -0.0, -1.0, 0.41706, 0.0, 1.0, -0.0, 0.816198, 0.0, 0.0, 0.0, 1.0],
                [1.0, -0.0, 0.0, -0.267789, 0.0, -0.0, -1.0, 0.520813, 0.0, 1.0, -0.0, 0.796956, 0.0, 0.0, 0.0, 1.0],
                [1.0, -0.0, 0.0, -0.268055, 0.0, -0.0, -1.0, 0.555564, 0.0, 1.0, -0.0, 0.77026, 0.0, 0.0, 0.0, 1.0],
                [1.0, -0.0, 0.0, -0.268587, 0.0, -0.0, -1.0, 0.625068, 0.0, 1.0, -0.0, 0.748994, 0.0, 0.0, 0.0, 1.0],
                [1.0, -0.0, 0.0, -0.225047, 0.0, -0.0, -1.0, 0.659819, 0.0, 1.0, -0.0, 0.743168, 0.0, 0.0, 0.0, 1.0],
                [1.0, -0.0, 0.0, -0.181506, 0.0, -0.0, -1.0, 0.694571, 0.0, 1.0, -0.0, 0.732663, 0.0, 0.0, 0.0, 1.0],
                [1.0, -0.0, 0.0, -0.197243, 0.0, -0.0, -1.0, 0.724352, 0.0, 1.0, -0.0, 0.721543, 0.0, 0.0, 0.0, 1.0],
                [1.0, -0.0, 0.0, -0.228717, 0.0, -0.0, -1.0, 0.783913, 0.0, 1.0, -0.0, 0.708607, 0.0, 0.0, 0.0, 1.0],
                [1.0, -0.0, 0.0, -0.218692, 0.0, -0.0, -1.0, 0.813693, 0.0, 1.0, -0.0, 0.699685, 0.0, 0.0, 0.0, 1.0],
                [1.0, -0.0, 0.0, -0.208667, 0.0, -0.0, -1.0, 0.843474, 0.0, 1.0, -0.0, 0.686186, 0.0, 0.0, 0.0, 1.0],
                [1.0, -0.0, 0.0, -0.116101, 0.0, -0.0, -1.0, 0.940195, 0.0, 1.0, -0.0, 0.678672, 0.0, 0.0, 0.0, 1.0],
                [1.0, -0.0, 0.0, -0.023534, 0.0, -0.0, -1.0, 1.036917, 0.0, 1.0, -0.0, 0.699591, 0.0, 0.0, 0.0, 1.0],
                [1.0, -0.0, 0.0, -0.057745, 0.0, -0.0, -1.0, 1.085278, 0.0, 1.0, -0.0, 0.751117, 0.0, 0.0, 0.0, 1.0],
                [1.0, -0.0, 0.0, -0.091955, 0.0, -0.0, -1.0, 1.133639, 0.0, 1.0, -0.0, 0.811821, 0.0, 0.0, 0.0, 1.0],
                [1.0, -0.0, 0.0, 0.114696, 0.0, -0.0, -1.0, 1.327082, 0.0, 1.0, -0.0, 0.841917, 0.0, 0.0, 0.0, 1.0],
                [1.0, -0.0, 0.0, 0.142249, 0.0, -0.0, -1.0, 1.387605, 0.0, 1.0, -0.0, 0.741745, 0.0, 0.0, 0.0, 1.0],
                [1.0, -0.0, 0.0, 0.25246, 0.0, -0.0, -1.0, 1.629697, 0.0, 1.0, -0.0, 0.793248, 0.0, 0.0, 0.0, 1.0],
                [1.0, -0.0, 0.0, 0.246255, 0.0, -0.0, -1.0, 1.653279, 0.0, 1.0, -0.0, 0.801053, 0.0, 0.0, 0.0, 1.0],
                [1.0, -0.0, 0.0, 0.221437, 0.0, -0.0, -1.0, 1.747606, 0.0, 1.0, -0.0, 0.805282, 0.0, 0.0, 0.0, 1.0],
                [1.0, -0.0, 0.0, 0.247149, 0.0, -0.0, -1.0, 1.781428, 0.0, 1.0, -0.0, 0.805316, 0.0, 0.0, 0.0, 1.0],
                [1.0, -0.0, 0.0, 0.349997, 0.0, -0.0, -1.0, 1.916714, 0.0, 1.0, -0.0, 0.732017, 0.0, 0.0, 0.0, 1.0],
                [1.0, -0.0, 0.0, 0.374223, 0.0, -0.0, -1.0, 1.929666, 0.0, 1.0, -0.0, 0.699863, 0.0, 0.0, 0.0, 1.0],
                [1.0, -0.0, 0.0, 0.471129, 0.0, -0.0, -1.0, 1.981475, 0.0, 1.0, -0.0, 0.591314, 0.0, 0.0, 0.0, 1.0],
                [1.0, -0.0, 0.0, 0.469139, 0.0, -0.0, -1.0, 2.006182, 0.0, 1.0, -0.0, 0.584626, 0.0, 0.0, 0.0, 1.0],
                [1.0, -0.0, 0.0, 0.461178, 0.0, -0.0, -1.0, 2.10501, 0.0, 1.0, -0.0, 0.657949, 0.0, 0.0, 0.0, 1.0],
                [1.0, -0.0, 0.0, 0.459188, 0.0, -0.0, -1.0, 2.129717, 0.0, 1.0, -0.0, 0.688778, 0.0, 0.0, 0.0, 1.0],
                [1.0, -0.0, 0.0, 0.451227, 0.0, -0.0, -1.0, 2.228545, 0.0, 1.0, -0.0, 0.787098, 0.0, 0.0, 0.0, 1.0],
                [1.0, -0.0, 0.0, 0.485968, 0.0, -0.0, -1.0, 2.305094, 0.0, 1.0, -0.0, 0.792931, 0.0, 0.0, 0.0, 1.0],
                [1.0, -0.0, 0.0, 0.555452, 0.0, -0.0, -1.0, 2.458193, 0.0, 1.0, -0.0, 0.792549, 0.0, 0.0, 0.0, 1.0],
                [1.0, -0.0, 0.0, 0.536523, 0.0, -0.0, -1.0, 2.534743, 0.0, 1.0, -0.0, 0.792342, 0.0, 0.0, 0.0, 1.0],
                [1.0, -0.0, 0.0, 0.517593, 0.0, -0.0, -1.0, 2.611292, 0.0, 1.0, -0.0, 0.792258, 0.0, 0.0, 0.0, 1.0],
                [1.0, -0.0, 0.0, 0.488454, 0.0, -0.0, -1.0, 2.659168, 0.0, 1.0, -0.0, 0.791949, 0.0, 0.0, 0.0, 1.0],
                [1.0, -0.0, 0.0, 0.371896, 0.0, -0.0, -1.0, 2.850672, 0.0, 1.0, -0.0, 0.771763, 0.0, 0.0, 0.0, 1.0],
                [1.0, -0.0, 0.0, 0.344888, 0.0, -0.0, -1.0, 2.871327, 0.0, 1.0, -0.0, 0.756255, 0.0, 0.0, 0.0, 1.0],
                [1.0, -0.0, 0.0, 0.236856, 0.0, -0.0, -1.0, 2.953948, 0.0, 1.0, -0.0, 0.67346, 0.0, 0.0, 0.0, 1.0],
                [1.0, -0.0, 0.0, 0.252296, 0.0, -0.0, -1.0, 3.03973, 0.0, 1.0, -0.0, 0.667167, 0.0, 0.0, 0.0, 1.0],
                [1.0, -0.0, 0.0, 0.314056, 0.0, -0.0, -1.0, 3.382859, 0.0, 1.0, -0.0, 0.730427, 0.0, 0.0, 0.0, 1.0],
                [1.0, -0.0, 0.0, 0.288346, 0.0, -0.0, -1.0, 3.398902, 0.0, 1.0, -0.0, 0.737769, 0.0, 0.0, 0.0, 1.0],
                [1.0, -0.0, 0.0, 0.185502, 0.0, -0.0, -1.0, 3.463076, 0.0, 1.0, -0.0, 0.700469, 0.0, 0.0, 0.0, 1.0],
                [1.0, -0.0, 0.0, 0.198307, 0.0, -0.0, -1.0, 3.490071, 0.0, 1.0, -0.0, 0.691144, 0.0, 0.0, 0.0, 1.0],
                [1.0, -0.0, 0.0, 0.249526, 0.0, -0.0, -1.0, 3.598052, 0.0, 1.0, -0.0, 0.679598, 0.0, 0.0, 0.0, 1.0],
                [1.0, -0.0, 0.0, 0.245671, 0.0, -0.0, -1.0, 3.646005, 0.0, 1.0, -0.0, 0.670779, 0.0, 0.0, 0.0, 1.0],
                [1.0, -0.0, 0.0, 0.230249, 0.0, -0.0, -1.0, 3.837818, 0.0, 1.0, -0.0, 0.601547, 0.0, 0.0, 0.0, 1.0],
                [1.0, -0.0, 0.0, 0.220334, 0.0, -0.0, -1.0, 3.95101, 0.0, 1.0, -0.0, 0.595693, 0.0, 0.0, 0.0, 1.0],
                [1.0, -0.0, 0.0, 0.200505, 0.0, -0.0, -1.0, 4.177394, 0.0, 1.0, -0.0, 0.651334, 0.0, 0.0, 0.0, 1.0],
                [1.0, -0.0, 0.0, 0.221898, 0.0, -0.0, -1.0, 4.290586, 0.0, 1.0, -0.0, 0.672786, 0.0, 0.0, 0.0, 1.0],
                [1.0, -0.0, 0.0, 0.243291, 0.0, -0.0, -1.0, 4.403779, 0.0, 1.0, -0.0, 0.674708, 0.0, 0.0, 0.0, 1.0],
                [1.0, -0.0, 0.0, 0.227991, 0.0, -0.0, -1.0, 4.452425, 0.0, 1.0, -0.0, 0.674983, 0.0, 0.0, 0.0, 1.0],
                [1.0, -0.0, 0.0, 0.166789, 0.0, -0.0, -1.0, 4.647014, 0.0, 1.0, -0.0, 0.635784, 0.0, 0.0, 0.0, 1.0],
                [1.0, -0.0, 0.0, 0.089836, 0.0, -0.0, -1.0, 4.71828, 0.0, 1.0, -0.0, 0.631234, 0.0, 0.0, 0.0, 1.0],
                [1.0, -0.0, 0.0, -0.064071, 0.0, -0.0, -1.0, 4.860812, 0.0, 1.0, -0.0, 0.691666, 0.0, 0.0, 0.0, 1.0],
                [1.0, -0.0, 0.0, -0.091826, 0.0, -0.0, -1.0, 4.932078, 0.0, 1.0, -0.0, 0.741205, 0.0, 0.0, 0.0, 1.0],
                [1.0, -0.0, 0.0, -0.119581, 0.0, -0.0, -1.0, 5.003345, 0.0, 1.0, -0.0, 0.783295, 0.0, 0.0, 0.0, 1.0],
                [1.0, -0.0, 0.0, -0.130406, 0.0, -0.0, -1.0, 5.047696, 0.0, 1.0, -0.0, 0.814518, 0.0, 0.0, 0.0, 1.0],
                [1.0, -0.0, 0.0, -0.173706, 0.0, -0.0, -1.0, 5.225103, 0.0, 1.0, -0.0, 0.865958, 0.0, 0.0, 0.0, 1.0],
                [1.0, -0.0, 0.0, -0.224975, 0.0, -0.0, -1.0, 5.273156, 0.0, 1.0, -0.0, 0.878995, 0.0, 0.0, 0.0, 1.0],
                [1.0, -0.0, 0.0, -0.430052, 0.0, -0.0, -1.0, 5.465368, 0.0, 1.0, -0.0, 1.034729, 0.0, 0.0, 0.0, 1.0],
                [1.0, -0.0, 0.0, -0.438646, 0.0, -0.0, -1.0, 5.55931, 0.0, 1.0, -0.0, 1.113021, 0.0, 0.0, 0.0, 1.0],
                [1.0, -0.0, 0.0, -0.515995, 0.0, -0.0, -1.0, 6.40479, 0.0, 1.0, -0.0, 2.034614, 0.0, 0.0, 0.0, 1.0],
                [1.0, -0.0, 0.0, -0.507603, 0.0, -0.0, -1.0, 6.469098, 0.0, 1.0, -0.0, 2.052979, 0.0, 0.0, 0.0, 1.0],
                [1.0, -0.0, 0.0, -0.474032, 0.0, -0.0, -1.0, 6.726326, 0.0, 1.0, -0.0, 2.024548, 0.0, 0.0, 0.0, 1.0],
                [1.0, -0.0, 0.0, -0.550186, 0.0, -0.0, -1.0, 6.873419, 0.0, 1.0, -0.0, 1.997449, 0.0, 0.0, 0.0, 1.0],
                [1.0, -0.0, 0.0, -0.854804, 0.0, -0.0, -1.0, 7.461793, 0.0, 1.0, -0.0, 0.581367, 0.0, 0.0, 0.0, 1.0],
                [1.0, -0.0, 0.0, -0.85463, 0.0, -0.0, -1.0, 7.463264, 0.0, 1.0, -0.0, 0.422951, 0.0, 0.0, 0.0, 1.0],
                [1.0, -0.0, 0.0, -0.853063, 0.0, -0.0, -1.0, 7.476507, 0.0, 1.0, -0.0, 0.466118, 0.0, 0.0, 0.0, 1.0],
                [1.0, -0.0, 0.0, -0.855605, 0.0, -0.0, -1.0, 7.480654, 0.0, 1.0, -0.0, 0.46753, 0.0, 0.0, 0.0, 1.0],
                [1.0, -0.0, 0.0, -0.896278, 0.0, -0.0, -1.0, 7.54701, 0.0, 1.0, -0.0, 0.468674, 0.0, 0.0, 0.0, 1.0],
                [1.0, -0.0, 0.0, -0.905734, 0.0, -0.0, -1.0, 7.552862, 0.0, 1.0, -0.0, 0.468674, 0.0, 0.0, 0.0, 1.0],
                [1.0, -0.0, 0.0, -1.019215, 0.0, -0.0, -1.0, 7.623083, 0.0, 1.0, -0.0, 0.437483, 0.0, 0.0, 0.0, 1.0],
                [1.0, -0.0, 0.0, -1.013673, 0.0, -0.0, -1.0, 7.647069, 0.0, 1.0, -0.0, 0.436949, 0.0, 0.0, 0.0, 1.0],
                [1.0, -0.0, 0.0, -0.991508, 0.0, -0.0, -1.0, 7.743012, 0.0, 1.0, -0.0, 0.470251, 0.0, 0.0, 0.0, 1.0],
                [1.0, -0.0, 0.0, -0.987954, 0.0, -0.0, -1.0, 7.778348, 0.0, 1.0, -0.0, 0.487032, 0.0, 0.0, 0.0, 1.0],
                [1.0, -0.0, 0.0, -0.97374, 0.0, -0.0, -1.0, 7.919691, 0.0, 1.0, -0.0, 0.56605, 0.0, 0.0, 0.0, 1.0],
                [1.0, -0.0, 0.0, -0.966964, 0.0, -0.0, -1.0, 7.939345, 0.0, 1.0, -0.0, 0.582863, 0.0, 0.0, 0.0, 1.0],
                [1.0, -0.0, 0.0, -0.93986, 0.0, -0.0, -1.0, 8.017965, 0.0, 1.0, -0.0, 0.625025, 0.0, 0.0, 0.0, 1.0],
                [1.0, -0.0, 0.0, -0.927523, 0.0, -0.0, -1.0, 8.033987, 0.0, 1.0, -0.0, 0.633636, 0.0, 0.0, 0.0, 1.0],
                [1.0, -0.0, 0.0, -0.878172, 0.0, -0.0, -1.0, 8.098075, 0.0, 1.0, -0.0, 0.66922, 0.0, 0.0, 0.0, 1.0],
                [1.0, -0.0, 0.0, -0.868423, 0.0, -0.0, -1.0, 8.112453, 0.0, 1.0, -0.0, 0.674337, 0.0, 0.0, 0.0, 1.0],
                [1.0, -0.0, 0.0, -0.780679, 0.0, -0.0, -1.0, 8.241863, 0.0, 1.0, -0.0, 0.686437, 0.0, 0.0, 0.0, 1.0],
                [1.0, -0.0, 0.0, -0.762038, 0.0, -0.0, -1.0, 8.245816, 0.0, 1.0, -0.0, 0.686449, 0.0, 0.0, 0.0, 1.0],
                [1.0, -0.0, 0.0, -0.594269, 0.0, -0.0, -1.0, 8.281395, 0.0, 1.0, -0.0, 0.654072, 0.0, 0.0, 0.0, 1.0],
                [1.0, -0.0, 0.0, -0.58865, 0.0, -0.0, -1.0, 8.281939, 0.0, 1.0, -0.0, 0.653139, 0.0, 0.0, 0.0, 1.0],
                [1.0, -0.0, 0.0, -0.538083, 0.0, -0.0, -1.0, 8.286836, 0.0, 1.0, -0.0, 0.666002, 0.0, 0.0, 0.0, 1.0],
                [1.0, -0.0, 0.0, -0.538083, 0.0, -0.0, -1.0, 8.286836, 0.0, 1.0, -0.0, 0.666372, 0.0, 0.0, 0.0, 1.0]
            ]
        },
        {
            "name": "Thigh_R",
            "time": [0.0, 0.1, 0.1333, 0.1667, 0.2667, 0.3333, 0.4333, 0.5, 0.5667, 0.6333, 0.6667, 0.8333, 1.0, 1.1667, 1.3333, 1.5, 1.6667, 1.7667, 1.8333, 2.0, 2.1667, 2.3333, 2.5, 2.6667, 2.8333, 2.9333, 3.0, 3.1667, 3.2667, 3.3333, 3.5, 3.6667, 4.0, 4.1667, 4.3333, 4.6667, 5.2333, 5.6667, 5.8333, 6.0, 6.1667, 6.3333, 6.6667, 7.0, 7.3333, 7.3667],
            "transform": [
                [0.926717, 0.202356, 0.316618, 0.124994, 0.204043, -0.978556, 0.028193, -0.002831, 0.315534, 0.038477, -0.948133, -1.2e-05, 0.0, 0.0, 0.0, 1.0],
                [0.394128, 0.175057, 0.902229, 0.027614, 0.484011, -0.874061, -0.041843, -0.016742, 0.781279, 0.45318, -0.429221, 0.050997, 0.0, 0.0, 0.0, 1.0],
                [0.029384, 0.040913, 0.99873, -0.004846, 0.605425, -0.795765, 0.014786, -0.021379, 0.79536, 0.604222, -0.048152, 0.068, 0.0, 0.0, 0.0, 1.0],
                [-0.354081, -0.168448, 0.919919, -0.037306, 0.691449, -0.709465, 0.13623, -0.026016, 0.629703, 0.684314, 0.367681, 0.085003, 0.0, 0.0, 0.0, 1.0],
                [-0.725906, -0.687734, 0.009143, -0.086123, 0.58221, -0.607338, 0.54053, -0.017455, -0.366188, 0.397696, 0.841275, -0.0412, 0.0, 0.0, 0.0, 1.0],
                [-0.516587, -0.749889, -0.413285, -0.068971, 0.427782, -0.644156, 0.634087, -0.024171, -0.741715, 0.150765, 0.653552, -0.125335, 0.0, 0.0, 0.0, 1.0],
                [0.461458, -0.707322, -0.535492, 0.025722, 0.161425, -0.52658, 0.834659, -0.016197, -0.872353, -0.471602, -0.128815, -0.094406, 0.0, 0.0, 0.0, 1.0],
                [0.908322, -0.374749, -0.185785, 0.08885, -0.069087, -0.572488, 0.816997, -0.010882, -0.412529, -0.72926, -0.545893, -0.073787, 0.0, 0.0, 0.0, 1.0],
                [0.902135, 0.221286, 0.370386, 0.101698, -0.090184, -0.742782, 0.663432, -0.012492, 0.421925, -0.631908, -0.650132, 0.013688, 0.0, 0.0, 0.0, 1.0],
                [0.599999, 0.454728, 0.658198, 0.062412, -0.015555, -0.815959, 0.5779, -0.081906, 0.79985, -0.356977, -0.482501, 0.057425, 0.0, 0.0, 0.0, 1.0],
                [-0.189624, 0.473564, 0.860104, -0.0065, 0.202113, -0.838411, 0.506179, -0.008198, 0.96083, 0.269822, 0.063269, 0.1449, 0.0, 0.0, 0.0, 1.0],
                [-0.936784, -0.255926, 0.238618, -0.113701, 0.34032, -0.50784, 0.791379, 0.001531, -0.081355, 0.822557, 0.562832, 0.036891, 0.0, 0.0, 0.0, 1.0],
                [0.120763, -0.169423, -0.978116, -0.070662, 0.348036, -0.915558, 0.201557, -0.004312, -0.929671, -0.364761, -0.0516, -0.150638, 0.0, 0.0, 0.0, 1.0],
                [0.348574, -0.340445, -0.873266, 0.077339, 0.583473, -0.650338, 0.486436, -0.109423, -0.733523, -0.679086, -0.028051, -0.091586, 0.0, 0.0, 0.0, 1.0],
                [0.675946, -0.542414, -0.498883, 0.124994, 0.37246, -0.332686, 0.866367, -0.006051, -0.635902, -0.771432, -0.02285, -0.032214, 0.0, 0.0, 0.0, 1.0],
                [-0.002387, -0.574806, -0.818286, 0.022556, 0.459593, -0.727377, 0.509606, -0.013961, -0.888127, -0.374862, 0.265913, -0.068916, 0.0, 0.0, 0.0, 1.0],
                [-0.651829, -0.209527, -0.728847, -0.079882, 0.163281, -0.97731, 0.134928, -0.021872, -0.74058, -0.031057, 0.67125, -0.105618, 0.0, 0.0, 0.0, 1.0],
                [-0.90628, -0.06228, 0.418066, -0.00385, 0.044204, -0.997627, -0.052794, 0.009846, 0.420362, -0.029366, 0.906881, 0.044315, 0.0, 0.0, 0.0, 1.0],
                [-0.322268, -0.010935, 0.946585, 0.046838, -0.104445, -0.993418, -0.047034, 0.030992, 0.940869, -0.114023, 0.319005, 0.14427, 0.0, 0.0, 0.0, 1.0],
                [0.119435, 0.367598, 0.922283, 0.128858, 0.20258, -0.918414, 0.339822, 0.012626, 0.971955, 0.146249, -0.184158, 0.104324, 0.0, 0.0, 0.0, 1.0],
                [0.935888, 0.293961, -0.194171, 0.124994, 0.352109, -0.762362, 0.542976, -0.002831, 0.011585, -0.576534, -0.816991, -1.1e-05, 0.0, 0.0, 0.0, 1.0],
                [0.561381, -0.433938, -0.704663, 0.16135, 0.360028, -0.638631, 0.680096, -0.001272, -0.745139, -0.635491, -0.202285, -0.024206, 0.0, 0.0, 0.0, 1.0],
                [0.407288, -0.290712, -0.865795, 0.036437, 0.567358, -0.662341, 0.489293, -0.002831, -0.715696, -0.6905, -0.104826, -0.080518, 0.0, 0.0, 0.0, 1.0],
                [0.971611, -0.232284, 0.044916, 0.124994, -0.1543, -0.478237, 0.864569, -0.002831, -0.179345, -0.846955, -0.500501, -1.2e-05, 0.0, 0.0, 0.0, 1.0],
                [0.946107, -0.028876, 0.322566, 0.124994, -0.274154, -0.601633, 0.750251, -0.002831, 0.172402, -0.79825, -0.577125, -1e-05, 0.0, 0.0, 0.0, 1.0],
                [0.386396, 0.62442, 0.678821, 0.040462, 0.21991, -0.777127, 0.589671, -0.036376, 0.895733, -0.078567, -0.437595, 0.065735, 0.0, 0.0, 0.0, 1.0],
                [-0.224579, 0.585256, 0.779127, -0.015892, 0.535717, -0.59373, 0.600409, -0.058738, 0.813986, 0.552231, -0.180192, 0.109566, 0.0, 0.0, 0.0, 1.0],
                [-0.984443, 0.068663, 0.161736, 0.124994, 0.112407, -0.461367, 0.88006, -0.00283, 0.135047, 0.884549, 0.44647, -1.3e-05, 0.0, 0.0, 0.0, 1.0],
                [-0.83504, -0.519651, -0.180753, -0.003895, 0.010173, -0.343056, 0.93926, -0.021553, -0.550096, 0.78248, 0.291752, -0.114749, 0.0, 0.0, 0.0, 1.0],
                [-0.496832, -0.809128, -0.313798, -0.089821, -0.095521, -0.308401, 0.946448, -0.034034, -0.862574, 0.500201, 0.075935, -0.19124, 0.0, 0.0, 0.0, 1.0],
                [0.202399, -0.79543, -0.571249, -0.027073, 0.525585, -0.403963, 0.748715, -0.00283, -0.826315, -0.451779, 0.336304, -0.107354, 0.0, 0.0, 0.0, 1.0],
                [0.126044, -0.266466, -0.955567, 0.124994, 0.817456, -0.517829, 0.252227, -0.00283, -0.562031, -0.812926, 0.152555, -1.1e-05, 0.0, 0.0, 0.0, 1.0],
                [0.56244, 0.434152, -0.703686, 0.124995, 0.708064, -0.692381, 0.138762, -0.002831, -0.426974, -0.5763, -0.696829, -1.2e-05, 0.0, 0.0, 0.0, 1.0],
                [0.951201, 0.073813, 0.299616, 0.124994, -0.1705, -0.683567, 0.709694, -0.002831, 0.257193, -0.726146, -0.637624, -1.1e-05, 0.0, 0.0, 0.0, 1.0],
                [-0.418509, 0.903324, -0.094111, 0.124993, 0.109483, 0.153045, 0.982135, -0.002831, 0.901589, 0.400729, -0.16295, -1.2e-05, 0.0, 0.0, 0.0, 1.0],
                [-0.438432, 0.898719, 0.009051, 0.124994, 0.106966, 0.042178, 0.993367, -0.002831, 0.892377, 0.436492, -0.114625, -1.3e-05, 0.0, 0.0, 0.0, 1.0],
                [-0.455002, 0.889995, 0.029707, 0.124994, 0.290555, 0.116844, 0.949697, -0.00283, 0.841755, 0.440746, -0.311756, -1.2e-05, 0.0, 0.0, 0.0, 1.0],
                [-0.237583, 0.920032, 0.3116, 0.124994, 0.297806, -0.236348, 0.924906, -0.002831, 0.92459, 0.312539, -0.217839, -1.3e-05, 0.0, 0.0, 0.0, 1.0],
                [0.015309, 0.802008, 0.597117, 0.124994, 0.51717, -0.517451, 0.681747, -0.002831, 0.855746, 0.298374, -0.422696, -1.2e-05, 0.0, 0.0, 0.0, 1.0],
                [0.118451, 0.612649, 0.781429, 0.124994, 0.549645, -0.695859, 0.462245, 0.001034, 0.826958, 0.374755, -0.419164, 0.073412, 0.0, 0.0, 0.0, 1.0],
                [0.206958, 0.553052, 0.807033, 0.078623, 0.453765, -0.785063, 0.421631, 0.008763, 0.866756, 0.278944, -0.41343, 0.092732, 0.0, 0.0, 0.0, 1.0],
                [0.366612, 0.59503, 0.715216, 0.124993, 0.280995, -0.803656, 0.524574, -0.002831, 0.886926, 0.008657, -0.461831, -1.2e-05, 0.0, 0.0, 0.0, 1.0],
                [0.580395, 0.488416, 0.651608, 0.124993, 0.0789, -0.830134, 0.551954, -0.00283, 0.810504, -0.268939, -0.520341, -1.2e-05, 0.0, 0.0, 0.0, 1.0],
                [0.752565, 0.296554, 0.587964, 0.124993, 0.003768, -0.894784, 0.446483, -0.002831, 0.658507, -0.333792, -0.6745, -1.1e-05, 0.0, 0.0, 0.0, 1.0],
                [0.738059, 0.238733, 0.63109, 0.124994, 0.000823, -0.935633, 0.352974, -0.00283, 0.674736, -0.259997, -0.690748, -1.2e-05, 0.0, 0.0, 0.0, 1.0],
                [0.738059, 0.238733, 0.63109, 0.124994, 0.000823, -0.935633, 0.352974, -0.00283, 0.674736, -0.259997, -0.690748, -1.2e-05, 0.0, 0.0, 0.0, 1.0]
            ]
        },
        {
            "name": "Leg_R",
            "time": [0.0, 0.1, 0.1333, 0.1667, 0.2667, 0.3333, 0.4333, 0.5, 0.5667, 0.6333, 0.6667, 0.8333, 1.0, 1.1667, 1.3333, 1.5, 1.6667, 1.7667, 1.8333, 2.0, 2.1667, 2.3333, 2.5, 2.6667, 2.8333, 2.9333, 3.0, 3.1667, 3.2667, 3.3333, 3.5, 3.6667, 4.0, 4.1667, 4.3333, 4.6667, 5.2333, 5.6667, 5.8333, 6.0, 6.1667, 6.3333, 6.6667, 7.0, 7.3333, 7.3667],
            "transform": [
                [1.0, 0.0, -1e-06, -0.0, 0.0, 0.979506, 0.201418, 0.37472, 1e-06, -0.201418, 0.979505, -0.0, 0.0, 0.0, 0.0, 1.0],
                [1.0, 0.0, -1e-06, 0.0, 0.0, 0.869096, 0.494643, 0.37472, 1e-06, -0.494644, 0.869095, -0.0, 0.0, 0.0, 0.0, 1.0],
                [1.0, 1e-06, -1e-06, -0.0, 0.0, 0.810636, 0.58555, 0.37472, 1e-06, -0.58555, 0.810636, 0.0, 0.0, 0.0, 0.0, 1.0],
                [1.0, 1e-06, -1e-06, 0.0, 0.0, 0.742278, 0.670092, 0.37472, 1e-06, -0.670092, 0.742278, 0.0, 0.0, 0.0, 0.0, 1.0],
                [1.0, 1e-06, -1e-06, 0.0, 0.0, 0.490513, 0.871434, 0.37472, 1e-06, -0.871434, 0.490513, 0.0, 0.0, 0.0, 0.0, 1.0],
                [1.0, 1e-06, -0.0, -0.0, -0.0, 0.300231, 0.953866, 0.37472, 1e-06, -0.953866, 0.300232, 0.0, 0.0, 0.0, 0.0, 1.0],
                [1.0, 1e-06, -0.0, 0.0, 0.0, 0.249533, 0.968366, 0.37472, 1e-06, -0.968366, 0.249533, 0.0, 0.0, 0.0, 0.0, 1.0],
                [1.0, 1e-06, -0.0, 0.0, -0.0, 0.215341, 0.976538, 0.37472, 1e-06, -0.976539, 0.215341, 0.0, 0.0, 0.0, 0.0, 1.0],
                [1.0, 1e-06, -0.0, 0.0, -0.0, 0.328451, 0.94452, 0.37472, 1e-06, -0.944521, 0.328451, -0.0, 0.0, 0.0, 0.0, 1.0],
                [1.0, 1e-06, -1e-06, -0.0, -0.0, 0.681239, 0.732061, 0.37472, 1e-06, -0.732061, 0.681239, 0.0, 0.0, 0.0, 0.0, 1.0],
                [1.0, 1e-06, -0.0, -0.0, -0.0, 0.489245, 0.872146, 0.37472, 1e-06, -0.872147, 0.489245, 0.0, 0.0, 0.0, 0.0, 1.0],
                [1.0, 1e-06, -0.0, -0.0, -0.0, 0.324821, 0.945775, 0.37472, 1e-06, -0.945776, 0.324821, 0.0, 0.0, 0.0, 0.0, 1.0],
                [1.0, 1e-06, -1e-06, -0.0, -0.0, 0.784155, 0.620565, 0.37472, 1e-06, -0.620566, 0.784154, -0.0, 0.0, 0.0, 0.0, 1.0],
                [1.0, 1e-06, -1e-06, 0.0, -0.0, 0.705528, 0.708682, 0.37472, 1e-06, -0.708683, 0.705527, -0.0, 0.0, 0.0, 0.0, 1.0],
                [1.000001, 1e-06, -0.0, -0.0, -0.0, 0.462878, 0.886421, 0.37472, 1e-06, -0.886423, 0.462877, 0.0, 0.0, 0.0, 0.0, 1.0],
                [1.0, 1e-06, -0.0, 0.0, -0.0, 0.58884, 0.808249, 0.37472, 1e-06, -0.80825, 0.588839, 0.0, 0.0, 0.0, 0.0, 1.0],
                [1.0, 1e-06, -0.0, 0.0, -0.0, 0.701861, 0.712314, 0.37472, 1e-06, -0.712314, 0.70186, -0.0, 0.0, 0.0, 0.0, 1.0],
                [1.0, 1e-06, -0.0, 0.0, -0.0, 0.847814, 0.530294, 0.37472, 1e-06, -0.530294, 0.847813, 0.0, 0.0, 0.0, 0.0, 1.0],
                [1.0, 0.0, -0.0, 0.0, -0.0, 0.919791, 0.39241, 0.37472, 1e-06, -0.39241, 0.91979, 0.0, 0.0, 0.0, 0.0, 1.0],
                [1.0, 1e-06, -0.0, 0.0, -0.0, 0.564142, 0.825677, 0.37472, 1e-06, -0.825678, 0.564141, -0.0, 0.0, 0.0, 0.0, 1.0],
                [1.000001, 1e-06, 1e-06, 0.0, -0.0, -0.293859, 0.955848, 0.37472, 1e-06, -0.955849, -0.293858, -0.0, 0.0, 0.0, 0.0, 1.0],
                [1.0, 1e-06, -0.0, -0.0, -0.0, 0.602806, 0.797888, 0.37472, 1e-06, -0.797888, 0.602805, -0.0, 0.0, 0.0, 0.0, 1.0],
                [1.0, 1e-06, -0.0, -0.0, -0.0, 0.710994, 0.703198, 0.37472, 1e-06, -0.703199, 0.710993, -0.0, 0.0, 0.0, 0.0, 1.0],
                [1.0, 1e-06, 0.0, 0.0, -0.0, 0.4745, 0.880255, 0.37472, 1e-06, -0.880256, 0.4745, -0.0, 0.0, 0.0, 0.0, 1.0],
                [1.0, 1e-06, 1e-06, 0.0, -1e-06, -0.142039, 0.989861, 0.37472, 1e-06, -0.989861, -0.142038, -0.0, 0.0, 0.0, 0.0, 1.0],
                [1.0, 1e-06, 0.0, -1e-06, -1e-06, 0.118278, 0.99298, 0.37472, 1e-06, -0.99298, 0.118278, 0.0, 0.0, 0.0, 0.0, 1.0],
                [1.0, 1e-06, 0.0, -0.0, -1e-06, 0.288123, 0.957593, 0.37472, 1e-06, -0.957594, 0.288123, 0.0, 0.0, 0.0, 0.0, 1.0],
                [1.0, 1e-06, -0.0, 0.0, -0.0, 0.792827, 0.609446, 0.37472, 0.0, -0.609446, 0.792827, 0.0, 0.0, 0.0, 0.0, 1.0],
                [1.0, 1e-06, 0.0, 0.0, -1e-06, 0.407213, 0.913333, 0.37472, 1e-06, -0.913333, 0.407213, 0.0, 0.0, 0.0, 0.0, 1.0],
                [1.0, 1e-06, 1e-06, -0.0, -1e-06, 0.090489, 0.995897, 0.37472, 1e-06, -0.995898, 0.090489, 0.0, 0.0, 0.0, 0.0, 1.0],
                [1.0, 1e-06, 1e-06, -1e-06, -1e-06, -0.505617, 0.862758, 0.37472, 2e-06, -0.862758, -0.505617, 0.0, 0.0, 0.0, 0.0, 1.0],
                [1.000001, 1e-06, 1e-06, -0.0, -1e-06, -0.356838, 0.934166, 0.37472, 2e-06, -0.934166, -0.356838, -0.0, 0.0, 0.0, 0.0, 1.0],
                [1.000001, 1e-06, 1e-06, -0.0, -1e-06, -0.163964, 0.986465, 0.37472, 1e-06, -0.986467, -0.163964, 0.0, 0.0, 0.0, 0.0, 1.0],
                [1.0, 1e-06, 1e-06, -0.0, -1e-06, -0.174374, 0.984679, 0.37472, 1e-06, -0.98468, -0.174374, 0.0, 0.0, 0.0, 0.0, 1.0],
                [1.0, 1e-06, 2e-06, 0.0, -1e-06, -0.629953, 0.776633, 0.37472, 2e-06, -0.776634, -0.629952, 0.0, 0.0, 0.0, 0.0, 1.0],
                [1.0, 1e-06, 2e-06, -0.0, -1e-06, -0.493062, 0.869994, 0.37472, 2e-06, -0.869995, -0.493061, -0.0, 0.0, 0.0, 0.0, 1.0],
                [1.0, 1e-06, 2e-06, 0.0, -1e-06, -0.509232, 0.860629, 0.37472, 2e-06, -0.86063, -0.509231, 0.0, 0.0, 0.0, 0.0, 1.0],
                [1.0, 1e-06, 2e-06, -0.0, -1e-06, -0.052868, 0.9986, 0.37472, 1e-06, -0.998602, -0.052868, 0.0, 0.0, 0.0, 0.0, 1.0],
                [1.000001, 1e-06, 1e-06, 0.0, -1e-06, 0.354296, 0.935133, 0.37472, 1e-06, -0.935133, 0.354296, 0.0, 0.0, 0.0, 0.0, 1.0],
                [1.0, 1e-06, 1e-06, -0.0, -1e-06, 0.710379, 0.703819, 0.37472, -0.0, -0.70382, 0.710378, -0.0, 0.0, 0.0, 0.0, 1.0],
                [1.0, 1e-06, 1e-06, 1e-06, -1e-06, 0.72104, 0.692894, 0.37472, 0.0, -0.692894, 0.72104, 0.0, 0.0, 0.0, 0.0, 1.0],
                [1.0, 1e-06, 1e-06, 0.0, -1e-06, 0.467552, 0.883965, 0.37472, 0.0, -0.883965, 0.467552, -0.0, 0.0, 0.0, 0.0, 1.0],
                [1.0, 1e-06, -1e-06, -0.0, 0.0, 0.840482, 0.541839, 0.37472, 1e-06, -0.541839, 0.840482, 0.0, 0.0, 0.0, 0.0, 1.0],
                [1.000001, 1e-06, -1e-06, -0.0, 0.0, 0.746351, 0.665552, 0.37472, 1e-06, -0.665553, 0.746351, 0.0, 0.0, 0.0, 0.0, 1.0],
                [1.0, 1e-06, -1e-06, -1e-06, 0.0, 0.791095, 0.611693, 0.37472, 1e-06, -0.611694, 0.791094, 1e-06, 0.0, 0.0, 0.0, 1.0],
                [1.0, 1e-06, -1e-06, -0.0, 0.0, 0.791095, 0.611693, 0.37472, 1e-06, -0.611694, 0.791094, 1e-06, 0.0, 0.0, 0.0, 1.0]
            ]
        },
        {
            "name": "Knee_R",
            "time": [0.0, 0.1, 0.1333, 0.1667, 0.2667, 0.3333, 0.4333, 0.5, 0.5667, 0.6333, 0.6667, 0.8333, 1.0, 1.1667, 1.3333, 1.5, 1.6667, 1.7667, 1.8333, 2.0, 2.1667, 2.3333, 2.5, 2.6667, 2.8333, 2.9333, 3.0, 3.1667, 3.2667, 3.3333, 3.5, 3.6667, 4.0, 4.1667, 4.3333, 4.6667, 5.2333, 5.6667, 5.8333, 6.0, 6.1667, 6.3333, 6.6667, 7.0, 7.3333, 7.3667],
            "transform": [
                [1.0, 0.0, -0.0, -0.0, -1e-06, 0.0, -1.0, 0.37472, -0.0, 1.0, 0.0, -0.0, 0.0, 0.0, 0.0, 1.0],
                [1.0, 0.0, -0.0, 0.0, -0.0, 0.0, -1.0, 0.37472, -0.0, 1.0, 0.0, -0.0, 0.0, 0.0, 0.0, 1.0],
                [1.0, 0.0, -0.0, -0.0, -0.0, 0.0, -1.0, 0.37472, -0.0, 1.0, 0.0, 0.0, 0.0, 0.0, 0.0, 1.0],
                [1.0, 0.0, -0.0, 0.0, -0.0, 0.0, -1.0, 0.37472, -0.0, 1.0, 0.0, 0.0, 0.0, 0.0, 0.0, 1.0],
                [1.0, 0.0, -1e-06, 0.0, -1e-06, 0.0, -1.0, 0.37472, -0.0, 1.0, 0.0, 0.0, 0.0, 0.0, 0.0, 1.0],
                [1.0, 0.0, -0.0, -0.0, -0.0, 0.0, -1.0, 0.37472, -0.0, 1.0, 0.0, 0.0, 0.0, 0.0, 0.0, 1.0],
                [1.0, 0.0, -0.0, 0.0, -0.0, 0.0, -1.0, 0.37472, -0.0, 1.0, 0.0, 0.0, 0.0, 0.0, 0.0, 1.0],
                [1.0, 0.0, -1e-06, 0.0, -0.0, 0.0, -1.0, 0.37472, -0.0, 1.0, 0.0, 0.0, 0.0, 0.0, 0.0, 1.0],
                [1.0, 0.0, -0.0, 0.0, -0.0, 0.0, -1.0, 0.37472, -0.0, 1.0, 0.0, -0.0, 0.0, 0.0, 0.0, 1.0],
                [1.0, 0.0, -0.0, -0.0, -0.0, 0.0, -1.0, 0.37472, -0.0, 1.0, 0.0, 0.0, 0.0, 0.0, 0.0, 1.0],
                [1.0, 0.0, -0.0, -0.0, -0.0, 0.0, -1.0, 0.37472, -0.0, 1.0, 0.0, 0.0, 0.0, 0.0, 0.0, 1.0],
                [1.0, 0.0, -0.0, -0.0, -0.0, 0.0, -1.0, 0.37472, -0.0, 1.0, 0.0, 0.0, 0.0, 0.0, 0.0, 1.0],
                [1.0, 0.0, -0.0, -0.0, -0.0, 0.0, -1.0, 0.37472, -0.0, 1.0, 0.0, -0.0, 0.0, 0.0, 0.0, 1.0],
                [1.0, 0.0, -0.0, 0.0, -0.0, 0.0, -1.0, 0.37472, -0.0, 1.0, 0.0, -0.0, 0.0, 0.0, 0.0, 1.0],
                [1.0, 0.0, -0.0, -0.0, -0.0, 0.0, -1.0, 0.37472, -0.0, 1.0, 0.0, 0.0, 0.0, 0.0, 0.0, 1.0],
                [1.0, 0.0, -0.0, 0.0, -0.0, 0.0, -1.0, 0.37472, -0.0, 1.0, 0.0, 0.0, 0.0, 0.0, 0.0, 1.0],
                [1.0, 0.0, -0.0, 0.0, -0.0, 0.0, -1.0, 0.37472, -0.0, 1.0, 0.0, -0.0, 0.0, 0.0, 0.0, 1.0],
                [1.0, 0.0, -0.0, 0.0, -0.0, 0.0, -1.0, 0.37472, -0.0, 1.0, 0.0, 0.0, 0.0, 0.0, 0.0, 1.0],
                [1.0, 0.0, -0.0, 0.0, -0.0, 0.0, -1.0, 0.37472, -0.0, 1.0, 0.0, 0.0, 0.0, 0.0, 0.0, 1.0],
                [1.0, 0.0, -0.0, 0.0, -0.0, 0.0, -1.0, 0.37472, -0.0, 1.0, 0.0, -0.0, 0.0, 0.0, 0.0, 1.0],
                [1.0, 0.0, -0.0, 0.0, -0.0, 0.0, -1.0, 0.37472, -0.0, 1.0, 0.0, -0.0, 0.0, 0.0, 0.0, 1.0],
                [1.0, 0.0, -0.0, -0.0, -0.0, 0.0, -1.0, 0.37472, -0.0, 1.0, 0.0, -0.0, 0.0, 0.0, 0.0, 1.0],
                [1.0, 0.0, -0.0, -0.0, -0.0, 0.0, -1.0, 0.37472, -0.0, 1.0, 0.0, -0.0, 0.0, 0.0, 0.0, 1.0],
                [1.0, 0.0, -0.0, 0.0, -0.0, 0.0, -1.0, 0.37472, -0.0, 1.0, 0.0, -0.0, 0.0, 0.0, 0.0, 1.0],
                [1.0, 0.0, -0.0, 0.0, -0.0, 0.0, -1.0, 0.37472, -0.0, 1.0, 0.0, -0.0, 0.0, 0.0, 0.0, 1.0],
                [1.0, 0.0, -0.0, -1e-06, -0.0, 0.0, -1.0, 0.37472, -0.0, 1.0, 0.0, 0.0, 0.0, 0.0, 0.0, 1.0],
                [1.0, 0.0, -1e-06, -0.0, -0.0, 0.0, -1.0, 0.37472, -0.0, 1.0, 0.0, 0.0, 0.0, 0.0, 0.0, 1.0],
                [1.0, 0.0, -0.0, 0.0, -0.0, 0.0, -1.0, 0.37472, -0.0, 1.0, 0.0, 0.0, 0.0, 0.0, 0.0, 1.0],
                [1.0, 0.0, -0.0, 0.0, -0.0, 0.0, -1.0, 0.37472, -0.0, 1.0, 0.0, 0.0, 0.0, 0.0, 0.0, 1.0],
                [1.0, 0.0, -0.0, -0.0, -1e-06, 0.0, -1.0, 0.37472, -0.0, 1.0, 0.0, 0.0, 0.0, 0.0, 0.0, 1.0],
                [1.0, 0.0, -0.0, -1e-06, -0.0, 0.0, -1.0, 0.37472, -0.0, 1.0, 0.0, 0.0, 0.0, 0.0, 0.0, 1.0],
                [1.0, 0.0, -0.0, -0.0, -0.0, 0.0, -1.0, 0.37472, -0.0, 1.0, 0.0, -0.0, 0.0, 0.0, 0.0, 1.0],
                [1.0, 0.0, -0.0, -0.0, -1e-06, 0.0, -1.0, 0.37472, -0.0, 1.0, 0.0, 0.0, 0.0, 0.0, 0.0, 1.0],
                [1.0, 0.0, -0.0, -0.0, -0.0, 0.0, -1.0, 0.37472, -0.0, 1.0, 0.0, 0.0, 0.0, 0.0, 0.0, 1.0],
                [1.0, 0.0, -0.0, 0.0, -0.0, 0.0, -1.0, 0.37472, -0.0, 1.0, 0.0, 0.0, 0.0, 0.0, 0.0, 1.0],
                [1.0, 0.0, -0.0, -0.0, -0.0, 0.0, -1.0, 0.37472, -0.0, 1.0, 0.0, -0.0, 0.0, 0.0, 0.0, 1.0],
                [1.0, 0.0, -0.0, 0.0, -0.0, 0.0, -1.0, 0.37472, -0.0, 1.0, 0.0, 0.0, 0.0, 0.0, 0.0, 1.0],
                [1.0, 0.0, -0.0, -0.0, -0.0, 0.0, -1.0, 0.37472, -0.0, 1.0, 0.0, 0.0, 0.0, 0.0, 0.0, 1.0],
                [1.0, 0.0, -0.0, 0.0, -0.0, 0.0, -1.0, 0.37472, -0.0, 1.0, 0.0, 0.0, 0.0, 0.0, 0.0, 1.0],
                [1.0, 0.0, -0.0, -0.0, -1e-06, 0.0, -1.0, 0.37472, -0.0, 1.0, 0.0, -0.0, 0.0, 0.0, 0.0, 1.0],
                [1.0, 0.0, -0.0, 1e-06, -1e-06, 0.0, -1.0, 0.37472, -0.0, 1.0, 0.0, 0.0, 0.0, 0.0, 0.0, 1.0],
                [1.0, 0.0, -0.0, 0.0, -0.0, 0.0, -1.0, 0.37472, -0.0, 1.0, 0.0, -0.0, 0.0, 0.0, 0.0, 1.0],
                [1.0, 0.0, -0.0, -0.0, -0.0, 0.0, -1.0, 0.37472, -0.0, 1.0, 0.0, 0.0, 0.0, 0.0, 0.0, 1.0],
                [1.0, 0.0, -0.0, -0.0, -0.0, 0.0, -1.0, 0.37472, -0.0, 1.0, 0.0, 0.0, 0.0, 0.0, 0.0, 1.0],
                [1.0, 0.0, -0.0, -1e-06, -1e-06, 0.0, -1.0, 0.37472, -0.0, 1.0, 0.0, 1e-06, 0.0, 0.0, 0.0, 1.0],
                [1.0, 0.0, -0.0, -0.0, -1e-06, 0.0, -1.0, 0.37472, -0.0, 1.0, 0.0, 1e-06, 0.0, 0.0, 0.0, 1.0]
            ]
        },
        {
            "name": "Thigh_L",
            "time": [0.0, 0.1, 0.1333, 0.1667, 0.2667, 0.3333, 0.4333, 0.5, 0.5667, 0.6333, 0.6667, 0.8333, 1.0, 1.1667, 1.3333, 1.5, 1.6667, 1.7667, 1.8333, 2.0, 2.1667, 2.3333, 2.5, 2.6667, 2.8333, 2.9333, 3.0, 3.1667, 3.2667, 3.3333, 3.5, 3.6667, 4.0, 4.1667, 4.3333, 4.6667, 5.2333, 5.6667, 5.8333, 6.0, 6.1667, 6.3333, 6.6667, 7.0, 7.3333, 7.3667],
            "transform": [
                [0.962027, -0.199826, -0.18594, -0.125006, -0.147083, -0.95336, 0.263573, -0.002831, -0.229937, -0.226216, -0.946549, -1.2e-05, 0.0, 0.0, 0.0, 1.0],
                [0.815611, 0.230481, 0.530715, -0.076316, 0.135292, -0.967778, 0.212372, -0.019061, 0.562562, -0.101412, -0.820512, -0.099711, 0.0, 0.0, 0.0, 1.0],
                [0.451259, 0.378571, 0.808115, -0.060086, 0.277519, -0.92019, 0.276104, -0.024471, 0.848144, 0.099673, -0.520305, -0.132944, 0.0, 0.0, 0.0, 1.0],
                [-0.096647, 0.407047, 0.90828, -0.043856, 0.373431, -0.831059, 0.412176, -0.029881, 0.92261, 0.379015, -0.071685, -0.166177, 0.0, 0.0, 0.0, 1.0],
                [-0.984617, -0.134248, 0.111841, 0.129152, 0.172061, -0.633471, 0.754393, -0.032982, -0.030427, 0.762031, 0.646826, -0.03664, 0.0, 0.0, 0.0, 1.0],
                [-0.874687, -0.380292, -0.300502, 0.061239, 0.006842, -0.629614, 0.776878, -0.025732, -0.484641, 0.677468, 0.553318, 0.049718, 0.0, 0.0, 0.0, 1.0],
                [-0.145273, -0.434743, -0.88876, -0.027966, -0.430949, -0.780796, 0.452373, -0.029703, -0.890606, 0.448727, -0.073924, 0.064963, 0.0, 0.0, 0.0, 1.0],
                [0.467564, -0.327956, -0.820871, -0.087436, -0.460223, -0.883158, 0.0907, -0.03235, -0.754705, 0.335376, -0.563866, 0.075127, 0.0, 0.0, 0.0, 1.0],
                [0.987807, -0.155681, 0.001347, -0.119102, -0.152381, -0.965021, 0.213341, -0.031276, -0.031913, -0.210945, -0.976977, -0.007525, 0.0, 0.0, 0.0, 1.0],
                [0.833328, 0.179828, 0.522711, -0.092446, -0.057497, -0.912278, 0.405515, 0.001463, 0.549781, -0.367981, -0.749887, -0.048852, 0.0, 0.0, 0.0, 1.0],
                [0.005749, 0.675052, 0.737748, -0.039133, -0.176566, -0.725483, 0.665206, -0.029666, 0.984272, -0.134085, 0.115021, -0.131505, 0.0, 0.0, 0.0, 1.0],
                [-0.965041, 0.085888, 0.247629, 0.114805, 0.0558, -0.8558, 0.514288, -0.030641, 0.256092, 0.510126, 0.82109, -0.019073, 0.0, 0.0, 0.0, 1.0],
                [-0.441897, -0.112244, -0.890016, -0.001027, -0.274043, -0.927822, 0.253075, -0.014102, -0.854183, 0.355736, 0.379242, 0.091303, 0.0, 0.0, 0.0, 1.0],
                [-0.145309, -0.531791, -0.834316, -0.050869, -0.398602, -0.740337, 0.541311, -0.013375, -0.90554, 0.411217, -0.104395, 0.131797, 0.0, 0.0, 0.0, 1.0],
                [0.179883, -0.746554, -0.640546, -0.125006, -0.463036, -0.638777, 0.61446, 0.042252, -0.867894, 0.186065, -0.460587, 0.064393, 0.0, 0.0, 0.0, 1.0],
                [-0.631128, -0.586735, -0.507365, -0.015419, -0.163834, -0.538502, 0.826544, 0.004853, -0.758179, 0.604778, 0.243737, 0.05559, 0.0, 0.0, 0.0, 1.0],
                [-0.977817, -0.165822, 0.127976, 0.094168, 0.203819, -0.612366, 0.763849, -0.032547, -0.048295, 0.772987, 0.632581, 0.046788, 0.0, 0.0, 0.0, 1.0],
                [-0.737481, 0.675357, -0.003673, 0.041842, -0.047079, -0.045983, 0.997833, -0.097489, 0.673725, 0.736055, 0.065706, -0.074058, 0.0, 0.0, 0.0, 1.0],
                [-0.299129, 0.894715, -0.331674, 0.006958, 0.081156, 0.370183, 0.925407, -0.140785, 0.950756, 0.249898, -0.183343, -0.154623, 0.0, 0.0, 0.0, 1.0],
                [0.684159, 0.147151, 0.714335, -0.032479, -0.321281, -0.818476, 0.476313, -0.015039, 0.654756, -0.555375, -0.512691, -0.035558, 0.0, 0.0, 0.0, 1.0],
                [0.926252, -0.174331, -0.334166, -0.125006, 0.109944, -0.723072, 0.681967, -0.002831, -0.360514, -0.668412, -0.65058, -1.1e-05, 0.0, 0.0, 0.0, 1.0],
                [0.04035, -0.592575, -0.804504, -0.108416, -0.246819, -0.786119, 0.566654, -0.009723, -0.968222, 0.175702, -0.177978, 0.134662, 0.0, 0.0, 0.0, 1.0],
                [-0.12258, -0.442894, -0.888154, -0.060601, -0.400187, -0.796868, 0.452605, -0.016249, -0.908198, 0.410908, -0.079561, 0.099278, 0.0, 0.0, 0.0, 1.0],
                [0.625339, -0.277207, -0.729457, -0.125006, -0.435873, -0.899445, -0.031855, -0.002831, -0.647275, 0.337871, -0.683285, -1.2e-05, 0.0, 0.0, 0.0, 1.0],
                [0.940209, -0.340585, -0.00312, -0.125006, -0.239211, -0.666825, 0.705777, -0.002831, -0.242458, -0.662831, -0.708427, -1.2e-05, 0.0, 0.0, 0.0, 1.0],
                [0.657052, 0.262169, 0.706789, -0.09012, -0.499479, -0.550838, 0.668654, -0.022957, 0.564627, -0.792365, -0.230981, -0.042949, 0.0, 0.0, 0.0, 1.0],
                [0.117454, 0.60352, 0.788649, -0.066862, -0.627817, -0.570187, 0.529842, -0.036375, 0.769448, -0.557359, 0.31193, -0.071573, 0.0, 0.0, 0.0, 1.0],
                [-0.499829, 0.477298, 0.722743, -0.125007, -0.086486, -0.85779, 0.506671, -0.002831, 0.861796, 0.190741, 0.470028, -1.2e-05, 0.0, 0.0, 0.0, 1.0],
                [-0.979889, 0.143985, 0.13815, -0.025318, -0.070367, -0.8972, 0.435983, -0.016971, 0.186724, 0.417494, 0.889288, 0.089924, 0.0, 0.0, 0.0, 1.0],
                [-0.931849, -0.123904, -0.341035, 0.04114, -0.027153, -0.913442, 0.406062, -0.026397, -0.361829, 0.387648, 0.847826, 0.149881, 0.0, 0.0, 0.0, 1.0],
                [-0.168424, -0.096941, -0.980937, 0.006934, -0.258565, -0.95596, 0.138868, -0.02743, -0.951199, 0.277024, 0.135941, 0.147582, 0.0, 0.0, 0.0, 1.0],
                [0.145939, -0.168563, -0.974827, -0.125007, -0.619725, -0.783655, 0.042729, -0.00283, -0.771131, 0.597889, -0.218829, -1.2e-05, 0.0, 0.0, 0.0, 1.0],
                [0.238032, -0.802756, -0.546739, -0.125007, -0.730282, -0.519048, 0.44416, -0.00283, -0.640336, 0.293549, -0.709788, -1.2e-05, 0.0, 0.0, 0.0, 1.0],
                [0.723992, -0.688547, 0.041688, -0.125006, -0.605096, -0.604903, 0.51764, -0.00283, -0.331203, -0.399993, -0.854582, -1.2e-05, 0.0, 0.0, 0.0, 1.0],
                [0.201099, 0.25701, 0.945254, -0.125006, -0.892528, -0.349582, 0.284932, -0.002831, 0.403674, -0.900965, 0.159089, -1.2e-05, 0.0, 0.0, 0.0, 1.0],
                [0.181526, 0.182825, 0.966242, -0.125006, -0.86703, -0.43387, 0.244981, -0.00283, 0.464012, -0.882231, 0.079756, -1.1e-05, 0.0, 0.0, 0.0, 1.0],
                [0.182695, 0.491265, 0.851635, -0.125006, -0.853461, -0.350778, 0.385433, -0.00283, 0.488085, -0.797253, 0.355191, -1.2e-05, 0.0, 0.0, 0.0, 1.0],
                [0.472236, 0.406694, 0.782045, -0.125007, -0.626249, -0.469565, 0.622352, -0.00283, 0.620328, -0.78365, 0.032947, -1.1e-05, 0.0, 0.0, 0.0, 1.0],
                [0.682109, 0.455333, 0.572189, -0.125006, -0.382116, -0.445203, 0.809803, -0.002831, 0.623471, -0.771016, -0.129687, -1.3e-05, 0.0, 0.0, 0.0, 1.0],
                [0.767514, 0.443728, 0.462632, -0.125006, -0.145917, -0.581817, 0.800123, -0.00283, 0.624205, -0.68161, -0.381805, -1.3e-05, 0.0, 0.0, 0.0, 1.0],
                [0.832961, 0.36491, 0.415954, -0.125006, -0.0052, -0.746529, 0.665332, -0.00283, 0.553308, -0.556358, -0.619932, -1.2e-05, 0.0, 0.0, 0.0, 1.0],
                [0.898896, 0.244917, 0.36332, -0.125007, 0.045342, -0.876733, 0.478834, -0.002831, 0.43581, -0.413949, -0.799197, -1.3e-05, 0.0, 0.0, 0.0, 1.0],
                [0.929409, 0.058127, 0.364447, -0.125006, -0.025448, -0.975074, 0.220416, -0.002831, 0.368175, -0.21413, -0.904763, -1.2e-05, 0.0, 0.0, 0.0, 1.0],
                [0.984141, -0.136841, 0.112875, -0.125006, -0.173905, -0.869761, 0.461815, -0.00283, 0.034979, -0.47412, -0.879765, -1.1e-05, 0.0, 0.0, 0.0, 1.0],
                [0.945445, -0.200552, 0.256736, -0.125006, -0.298369, -0.84946, 0.435194, -0.00283, 0.130808, -0.488053, -0.862956, -1.3e-05, 0.0, 0.0, 0.0, 1.0],
                [0.945445, -0.200552, 0.256736, -0.125006, -0.298369, -0.84946, 0.435194, -0.00283, 0.130808, -0.488053, -0.862956, -1.3e-05, 0.0, 0.0, 0.0, 1.0]
            ]
        },
        {
            "name": "Leg_L",
            "time": [0.0, 0.1, 0.1333, 0.1667, 0.2667, 0.3333, 0.4333, 0.5, 0.5667, 0.6333, 0.6667, 0.8333, 1.0, 1.1667, 1.3333, 1.5, 1.6667, 1.7667, 1.8333, 2.0, 2.1667, 2.3333, 2.5, 2.6667, 2.8333, 2.9333, 3.0, 3.1667, 3.2667, 3.3333, 3.5, 3.6667, 4.0, 4.1667, 4.3333, 4.6667, 5.2333, 5.6667, 5.8333, 6.0, 6.1667, 6.3333, 6.6667, 7.0, 7.3333, 7.3667],
            "transform": [
                [1.0, 6e-06, 2e-06, -0.0, -6e-06, 0.940233, 0.340533, 0.37472, -0.0, -0.340534, 0.940232, -0.0, 0.0, 0.0, 0.0, 1.0],
                [1.0, 5e-06, 3e-06, 0.0, -6e-06, 0.86097, 0.508656, 0.37472, -0.0, -0.508656, 0.86097, -0.0, 0.0, 0.0, 0.0, 1.0],
                [1.0, 5e-06, 3e-06, 0.0, -6e-06, 0.827409, 0.5616, 0.37472, -0.0, -0.5616, 0.827409, -0.0, 0.0, 0.0, 0.0, 1.0],
                [1.0, 5e-06, 4e-06, 0.0, -6e-06, 0.79052, 0.612436, 0.37472, -0.0, -0.612436, 0.790521, -0.0, 0.0, 0.0, 0.0, 1.0],
                [1.0, 4e-06, 5e-06, -0.0, -6e-06, 0.662156, 0.749366, 0.37472, -0.0, -0.749366, 0.662157, -0.0, 0.0, 0.0, 0.0, 1.0],
                [1.0, 3e-06, 5e-06, -0.0, -6e-06, 0.564646, 0.825334, 0.37472, -0.0, -0.825333, 0.564646, 0.0, 0.0, 0.0, 0.0, 1.0],
