{
    "animation": [
        {
            "name": "Root",
            "time": [0.0, 0.0333, 0.0667, 0.1, 0.1333, 0.1667, 0.2, 0.2333, 0.2667, 0.3, 0.3333, 0.3667, 0.4, 0.4333, 0.4667, 0.5, 0.5333, 0.5667, 0.6, 0.6333, 0.6667, 0.7, 0.7333, 0.7667, 0.8, 0.8333, 0.8667, 0.9, 0.9333, 0.9667, 1.0, 1.0333, 1.0667, 1.1, 1.1333, 1.1667, 1.2, 1.2333, 1.2667, 1.3, 1.3333, 1.3667, 1.4, 1.4333, 1.4667, 1.5, 1.5333, 1.5667, 1.6, 1.6333, 1.6667, 1.7333, 1.8333, 2.0, 2.3333, 2.6667, 2.8333, 3.0, 3.1667, 3.3333, 3.5, 3.6667, 3.8333, 3.8667, 3.9, 3.9333, 3.9667, 4.0, 4.0333, 4.0667, 4.1, 4.1333, 4.1667, 4.2, 4.2333, 4.2667, 4.3, 4.3333, 4.3667, 4.4, 4.4333, 4.4667, 4.5, 4.5333, 4.5667, 4.6, 4.6333, 4.6667, 4.7, 4.7333, 4.7667, 4.8, 4.8333, 4.8667, 4.9, 4.9333, 4.9667, 5.0, 5.0333, 5.0667, 5.1, 5.1333, 5.1667, 5.2, 5.2333, 5.2667, 5.3, 5.3333, 5.3667, 5.4, 5.4333, 5.4667, 5.5, 5.5333, 5.5667, 5.6, 5.6333, 5.6667, 5.7, 5.7333, 5.7667, 5.8, 5.8333],
            "transform": [
                [1.0, 0.0, 0.0, 0.009994, 0.0, 0.0, -1.0, -0.019716, -0.0, 1.0, 0.0, 0.616342, 0.0, 0.0, 0.0, 1.0],
                [1.0, 0.0, 0.0, 0.072008, 0.0, 0.0, -1.0, -0.031464, -0.0, 1.0, 0.0, 0.615557, 0.0, 0.0, 0.0, 1.0],
                [1.0, 0.0, 0.0, 0.134023, 0.0, 0.0, -1.0, -0.043212, -0.0, 1.0, 0.0, 0.613175, 0.0, 0.0, 0.0, 1.0],
                [1.0, 0.0, 0.0, 0.196038, 0.0, 0.0, -1.0, -0.05496, -0.0, 1.0, 0.0, 0.609157, 0.0, 0.0, 0.0, 1.0],
                [1.0, 0.0, 0.0, 0.258052, 0.0, 0.0, -1.0, -0.066709, -0.0, 1.0, 0.0, 0.603464, 0.0, 0.0, 0.0, 1.0],
                [1.0, 0.0, 0.0, 0.320067, 0.0, 0.0, -1.0, -0.078457, -0.0, 1.0, 0.0, 0.596057, 0.0, 0.0, 0.0, 1.0],
                [1.0, 0.0, 0.0, 0.33237, 0.0, 0.0, -1.0, -0.14694, -0.0, 1.0, 0.0, 0.586975, 0.0, 0.0, 0.0, 1.0],
                [1.0, 0.0, 0.0, 0.344673, 0.0, 0.0, -1.0, -0.215423, -0.0, 1.0, 0.0, 0.576572, 0.0, 0.0, 0.0, 1.0],
                [1.0, 0.0, 0.0, 0.333136, 0.0, 0.0, -1.0, -0.283906, -0.0, 1.0, 0.0, 0.565246, 0.0, 0.0, 0.0, 1.0],
                [1.0, 0.0, 0.0, 0.321599, 0.0, 0.0, -1.0, -0.352389, -0.0, 1.0, 0.0, 0.553259, 0.0, 0.0, 0.0, 1.0],
                [1.0, 0.0, 0.0, 0.310062, 0.0, 0.0, -1.0, -0.420872, -0.0, 1.0, 0.0, 0.540843, 0.0, 0.0, 0.0, 1.0],
                [1.0, 0.0, 0.0, 0.300851, 0.0, 0.0, -1.0, -0.478544, -0.0, 1.0, 0.0, 0.528265, 0.0, 0.0, 0.0, 1.0],
                [1.0, 0.0, 0.0, 0.291641, 0.0, 0.0, -1.0, -0.536215, -0.0, 1.0, 0.0, 0.51596, 0.0, 0.0, 0.0, 1.0],
                [1.0, 0.0, 0.0, 0.28243, 0.0, 0.0, -1.0, -0.593886, -0.0, 1.0, 0.0, 0.504401, 0.0, 0.0, 0.0, 1.0],
                [1.0, 0.0, 0.0, 0.27322, 0.0, 0.0, -1.0, -0.594342, -0.0, 1.0, 0.0, 0.494698, 0.0, 0.0, 0.0, 1.0],
                [1.0, 0.0, 0.0, 0.264009, 0.0, 0.0, -1.0, -0.594797, -0.0, 1.0, 0.0, 0.49051, 0.0, 0.0, 0.0, 1.0],
                [1.0, 0.0, 0.0, 0.256013, 0.0, 0.0, -1.0, -0.661416, -0.0, 1.0, 0.0, 0.502349, 0.0, 0.0, 0.0, 1.0],
                [1.0, 0.0, 0.0, 0.248017, 0.0, 0.0, -1.0, -0.728035, -0.0, 1.0, 0.0, 0.534007, 0.0, 0.0, 0.0, 1.0],
                [1.0, 0.0, 0.0, 0.240021, 0.0, 0.0, -1.0, -0.794654, -0.0, 1.0, 0.0, 0.57969, 0.0, 0.0, 0.0, 1.0],
                [1.0, 0.0, 0.0, 0.232025, 0.0, 0.0, -1.0, -0.861273, -0.0, 1.0, 0.0, 0.633605, 0.0, 0.0, 0.0, 1.0],
                [1.0, 0.0, 0.0, 0.224029, 0.0, 0.0, -1.0, -0.927892, -0.0, 1.0, 0.0, 0.689959, 0.0, 0.0, 0.0, 1.0],
                [1.0, 0.0, 0.0, 0.206065, 0.0, 0.0, -1.0, -0.979086, -0.0, 1.0, 0.0, 0.744496, 0.0, 0.0, 0.0, 1.0],
                [1.0, 0.0, 0.0, 0.188102, 0.0, 0.0, -1.0, -1.03028, -0.0, 1.0, 0.0, 0.799106, 0.0, 0.0, 0.0, 1.0],
                [1.0, 0.0, 0.0, 0.170139, 0.0, 0.0, -1.0, -1.081474, -0.0, 1.0, 0.0, 0.857214, 0.0, 0.0, 0.0, 1.0],
                [1.0, 0.0, 0.0, 0.152175, 0.0, 0.0, -1.0, -1.132668, -0.0, 1.0, 0.0, 0.922247, 0.0, 0.0, 0.0, 1.0],
                [1.0, 0.0, 0.0, 0.134212, 0.0, 0.0, -1.0, -1.183863, -0.0, 1.0, 0.0, 0.99763, 0.0, 0.0, 0.0, 1.0],
                [1.0, 0.0, 0.0, 0.129081, 0.0, 0.0, -1.0, -1.270249, -0.0, 1.0, 0.0, 1.085348, 0.0, 0.0, 0.0, 1.0],
                [1.0, 0.0, 0.0, 0.12395, 0.0, 0.0, -1.0, -1.356636, -0.0, 1.0, 0.0, 1.181208, 0.0, 0.0, 0.0, 1.0],
                [1.0, 0.0, 0.0, 0.11882, 0.0, 0.0, -1.0, -1.443023, -0.0, 1.0, 0.0, 1.280082, 0.0, 0.0, 0.0, 1.0],
                [1.0, 0.0, 0.0, 0.113689, 0.0, 0.0, -1.0, -1.52941, -0.0, 1.0, 0.0, 1.378121, 0.0, 0.0, 0.0, 1.0],
                [1.0, 0.0, 0.0, 0.108558, 0.0, 0.0, -1.0, -1.615797, -0.0, 1.0, 0.0, 1.469007, 0.0, 0.0, 0.0, 1.0],
                [1.0, 0.0, 0.0, 0.109115, 0.0, 0.0, -1.0, -1.650115, -0.0, 1.0, 0.0, 1.559052, 0.0, 0.0, 0.0, 1.0],
                [1.0, 0.0, 0.0, 0.109672, 0.0, 0.0, -1.0, -1.684433, -0.0, 1.0, 0.0, 1.661438, 0.0, 0.0, 0.0, 1.0],
                [1.0, 0.0, 0.0, 0.110228, 0.0, 0.0, -1.0, -1.718752, -0.0, 1.0, 0.0, 1.769774, 0.0, 0.0, 0.0, 1.0],
                [1.0, 0.0, 0.0, 0.110785, 0.0, 0.0, -1.0, -1.75307, -0.0, 1.0, 0.0, 1.87355, 0.0, 0.0, 0.0, 1.0],
                [1.0, 0.0, 0.0, 0.111341, 0.0, 0.0, -1.0, -1.787388, -0.0, 1.0, 0.0, 1.966007, 0.0, 0.0, 0.0, 1.0],
                [1.0, 0.0, 0.0, 0.117768, 0.0, 0.0, -1.0, -1.867044, -0.0, 1.0, 0.0, 2.058816, 0.0, 0.0, 0.0, 1.0],
                [1.0, 0.0, 0.0, 0.124195, 0.0, 0.0, -1.0, -1.946701, -0.0, 1.0, 0.0, 2.165178, 0.0, 0.0, 0.0, 1.0],
                [1.0, 0.0, 0.0, 0.130622, 0.0, 0.0, -1.0, -2.026357, -0.0, 1.0, 0.0, 2.27122, 0.0, 0.0, 0.0, 1.0],
                [1.0, 0.0, 0.0, 0.137049, 0.0, 0.0, -1.0, -2.106014, -0.0, 1.0, 0.0, 2.343025, 0.0, 0.0, 0.0, 1.0],
                [1.0, 0.0, 0.0, 0.143476, 0.0, 0.0, -1.0, -2.18567, -0.0, 1.0, 0.0, 2.377274, 0.0, 0.0, 0.0, 1.0],
                [1.0, 0.0, 0.0, 0.151271, 0.0, 0.0, -1.0, -2.209858, -0.0, 1.0, 0.0, 2.352192, 0.0, 0.0, 0.0, 1.0],
                [1.0, 0.0, 0.0, 0.159067, 0.0, 0.0, -1.0, -2.234045, -0.0, 1.0, 0.0, 2.244638, 0.0, 0.0, 0.0, 1.0],
                [1.0, 0.0, 0.0, 0.166862, 0.0, 0.0, -1.0, -2.258233, -0.0, 1.0, 0.0, 2.069958, 0.0, 0.0, 0.0, 1.0],
                [1.0, 0.0, 0.0, 0.174658, 0.0, 0.0, -1.0, -2.28242, -0.0, 1.0, 0.0, 1.843475, 0.0, 0.0, 0.0, 1.0],
                [1.0, 0.0, 0.0, 0.182453, 0.0, 0.0, -1.0, -2.306608, -0.0, 1.0, 0.0, 1.580502, 0.0, 0.0, 0.0, 1.0],
                [1.0, 0.0, 0.0, 0.189522, 0.0, 0.0, -1.0, -2.333006, -0.0, 1.0, 0.0, 1.298195, 0.0, 0.0, 0.0, 1.0],
                [1.0, 0.0, 0.0, 0.196591, 0.0, 0.0, -1.0, -2.359404, -0.0, 1.0, 0.0, 1.021116, 0.0, 0.0, 0.0, 1.0],
                [1.0, 0.0, 0.0, 0.20366, 0.0, 0.0, -1.0, -2.385801, -0.0, 1.0, 0.0, 0.775675, 0.0, 0.0, 0.0, 1.0],
                [1.0, 0.0, 0.0, 0.210729, 0.0, 0.0, -1.0, -2.412199, -0.0, 1.0, 0.0, 0.588284, 0.0, 0.0, 0.0, 1.0],
                [1.0, 0.0, 0.0, 0.217798, 0.0, 0.0, -1.0, -2.438597, -0.0, 1.0, 0.0, 0.485354, 0.0, 0.0, 0.0, 1.0],
                [1.0, 0.0, 0.0, 0.251016, 0.0, 0.0, -1.0, -2.51734, -0.0, 1.0, 0.0, 0.398861, 0.0, 0.0, 0.0, 1.0],
                [1.0, 0.0, 0.0, 0.284235, 0.0, 0.0, -1.0, -2.578106, -0.0, 1.0, 0.0, 0.333843, 0.0, 0.0, 0.0, 1.0],
                [1.0, 0.0, 0.0, 0.281581, 0.0, 0.0, -1.0, -2.614179, -0.0, 1.0, 0.0, 0.275728, 0.0, 0.0, 0.0, 1.0],
                [1.0, 0.0, 0.0, 0.283897, 0.0, 0.0, -1.0, -2.654134, -0.0, 1.0, 0.0, 0.238615, 0.0, 0.0, 0.0, 1.0],
                [1.0, 0.0, 0.0, 0.229732, 0.0, 0.0, -1.0, -2.687226, -0.0, 1.0, 0.0, 0.270972, 0.0, 0.0, 0.0, 1.0],
                [1.0, 0.0, 0.0, 0.169899, 0.0, 0.0, -1.0, -2.695881, -0.0, 1.0, 0.0, 0.320047, 0.0, 0.0, 0.0, 1.0],
                [1.0, 0.0, 0.0, 0.100764, 0.0, 0.0, -1.0, -2.694004, -0.0, 1.0, 0.0, 0.406333, 0.0, 0.0, 0.0, 1.0],
                [1.0, 0.0, 0.0, 0.137728, 0.0, 0.0, -1.0, -2.759096, -0.0, 1.0, 0.0, 0.510954, 0.0, 0.0, 0.0, 1.0],
                [1.0, 0.0, 0.0, 0.217489, 0.0, 0.0, -1.0, -2.820908, -0.0, 1.0, 0.0, 0.645775, 0.0, 0.0, 0.0, 1.0],
                [1.0, 0.0, 0.0, 0.25497, 0.0, 0.0, -1.0, -2.879954, -0.0, 1.0, 0.0, 0.688917, 0.0, 0.0, 0.0, 1.0],
                [1.0, 0.0, 0.0, 0.268577, 0.0, 0.0, -1.0, -2.90207, -0.0, 1.0, 0.0, 0.715882, 0.0, 0.0, 0.0, 1.0],
                [1.0, 0.0, 0.0, 0.278147, 0.0, 0.0, -1.0, -3.057631, -0.0, 1.0, 0.0, 0.715882, 0.0, 0.0, 0.0, 1.0],
                [1.0, 0.0, 0.0, 0.27934, 0.0, 0.0, -1.0, -3.069927, -0.0, 1.0, 0.0, 0.715882, 0.0, 0.0, 0.0, 1.0],
                [1.0, 0.0, 0.0, 0.280533, 0.0, 0.0, -1.0, -3.082223, -0.0, 1.0, 0.0, 0.715882, 0.0, 0.0, 0.0, 1.0],
                [1.0, 0.0, 0.0, 0.281727, 0.0, 0.0, -1.0, -3.09452, -0.0, 1.0, 0.0, 0.715882, 0.0, 0.0, 0.0, 1.0],
                [1.0, 0.0, 0.0, 0.28292, 0.0, 0.0, -1.0, -3.106816, -0.0, 1.0, 0.0, 0.715882, 0.0, 0.0, 0.0, 1.0],
                [1.0, 0.0, 0.0, 0.284114, 0.0, 0.0, -1.0, -3.119112, -0.0, 1.0, 0.0, 0.715882, 0.0, 0.0, 0.0, 1.0],
                [1.0, 0.0, 0.0, 0.281437, 0.0, 0.0, -1.0, -3.128504, -0.0, 1.0, 0.0, 0.715882, 0.0, 0.0, 0.0, 1.0],
                [1.0, 0.0, 0.0, 0.278761, 0.0, 0.0, -1.0, -3.137896, -0.0, 1.0, 0.0, 0.715882, 0.0, 0.0, 0.0, 1.0],
                [1.0, 0.0, 0.0, 0.276084, 0.0, 0.0, -1.0, -3.147288, -0.0, 1.0, 0.0, 0.715882, 0.0, 0.0, 0.0, 1.0],
                [1.0, 0.0, 0.0, 0.273408, 0.0, 0.0, -1.0, -3.156679, -0.0, 1.0, 0.0, 0.715882, 0.0, 0.0, 0.0, 1.0],
                [1.0, 0.0, 0.0, 0.270732, 0.0, 0.0, -1.0, -3.166071, -0.0, 1.0, 0.0, 0.715882, 0.0, 0.0, 0.0, 1.0],
                [1.0, 0.0, 0.0, 0.260234, 0.0, 0.0, -1.0, -3.179405, -0.0, 1.0, 0.0, 0.715882, 0.0, 0.0, 0.0, 1.0],
                [1.0, 0.0, 0.0, 0.249737, 0.0, 0.0, -1.0, -3.192739, -0.0, 1.0, 0.0, 0.715882, 0.0, 0.0, 0.0, 1.0],
                [1.0, 0.0, 0.0, 0.239239, 0.0, 0.0, -1.0, -3.206073, -0.0, 1.0, 0.0, 0.715882, 0.0, 0.0, 0.0, 1.0],
                [1.0, 0.0, 0.0, 0.228742, 0.0, 0.0, -1.0, -3.219407, -0.0, 1.0, 0.0, 0.715882, 0.0, 0.0, 0.0, 1.0],
                [1.0, 0.0, 0.0, 0.218244, 0.0, 0.0, -1.0, -3.232741, -0.0, 1.0, 0.0, 0.715882, 0.0, 0.0, 0.0, 1.0],
                [1.0, 0.0, 0.0, 0.214786, 0.0, 0.0, -1.0, -3.2421, -0.0, 1.0, 0.0, 0.715882, 0.0, 0.0, 0.0, 1.0],
                [1.0, 0.0, 0.0, 0.211327, 0.0, 0.0, -1.0, -3.25146, -0.0, 1.0, 0.0, 0.715882, 0.0, 0.0, 0.0, 1.0],
                [1.0, 0.0, 0.0, 0.207868, 0.0, 0.0, -1.0, -3.260819, -0.0, 1.0, 0.0, 0.715882, 0.0, 0.0, 0.0, 1.0],
                [1.0, 0.0, 0.0, 0.204409, 0.0, 0.0, -1.0, -3.270179, -0.0, 1.0, 0.0, 0.715882, 0.0, 0.0, 0.0, 1.0],
                [1.0, 0.0, 0.0, 0.200951, 0.0, 0.0, -1.0, -3.279539, -0.0, 1.0, 0.0, 0.715882, 0.0, 0.0, 0.0, 1.0],
                [1.0, 0.0, 0.0, 0.202085, 0.0, 0.0, -1.0, -3.290524, -0.0, 1.0, 0.0, 0.715882, 0.0, 0.0, 0.0, 1.0],
                [1.0, 0.0, 0.0, 0.203219, 0.0, 0.0, -1.0, -3.301509, -0.0, 1.0, 0.0, 0.715882, 0.0, 0.0, 0.0, 1.0],
                [1.0, 0.0, 0.0, 0.204353, 0.0, 0.0, -1.0, -3.312495, -0.0, 1.0, 0.0, 0.715882, 0.0, 0.0, 0.0, 1.0],
                [1.0, 0.0, 0.0, 0.205488, 0.0, 0.0, -1.0, -3.32348, -0.0, 1.0, 0.0, 0.715882, 0.0, 0.0, 0.0, 1.0],
                [1.0, 0.0, 0.0, 0.206622, 0.0, 0.0, -1.0, -3.334465, -0.0, 1.0, 0.0, 0.715882, 0.0, 0.0, 0.0, 1.0],
                [1.0, 0.0, 0.0, 0.207756, 0.0, 0.0, -1.0, -3.34545, -0.0, 1.0, 0.0, 0.715882, 0.0, 0.0, 0.0, 1.0],
                [1.0, 0.0, 0.0, 0.20889, 0.0, 0.0, -1.0, -3.356436, -0.0, 1.0, 0.0, 0.715882, 0.0, 0.0, 0.0, 1.0],
                [1.0, 0.0, 0.0, 0.210025, 0.0, 0.0, -1.0, -3.367421, -0.0, 1.0, 0.0, 0.715882, 0.0, 0.0, 0.0, 1.0],
                [1.0, 0.0, 0.0, 0.211159, 0.0, 0.0, -1.0, -3.378406, -0.0, 1.0, 0.0, 0.715882, 0.0, 0.0, 0.0, 1.0],
                [1.0, 0.0, 0.0, 0.212293, 0.0, 0.0, -1.0, -3.389391, -0.0, 1.0, 0.0, 0.715882, 0.0, 0.0, 0.0, 1.0],
                [1.0, 0.0, 0.0, 0.215964, 0.0, 0.0, -1.0, -3.397161, -0.0, 1.0, 0.0, 0.715882, 0.0, 0.0, 0.0, 1.0],
                [1.0, 0.0, 0.0, 0.219634, 0.0, 0.0, -1.0, -3.404931, -0.0, 1.0, 0.0, 0.715882, 0.0, 0.0, 0.0, 1.0],
                [1.0, 0.0, 0.0, 0.223304, 0.0, 0.0, -1.0, -3.412701, -0.0, 1.0, 0.0, 0.715882, 0.0, 0.0, 0.0, 1.0],
                [1.0, 0.0, 0.0, 0.226975, 0.0, 0.0, -1.0, -3.420471, -0.0, 1.0, 0.0, 0.715882, 0.0, 0.0, 0.0, 1.0],
                [1.0, 0.0, 0.0, 0.230645, 0.0, 0.0, -1.0, -3.428241, -0.0, 1.0, 0.0, 0.715882, 0.0, 0.0, 0.0, 1.0],
                [1.0, 0.0, 0.0, 0.234315, 0.0, 0.0, -1.0, -3.436011, -0.0, 1.0, 0.0, 0.715882, 0.0, 0.0, 0.0, 1.0],
                [1.0, 0.0, 0.0, 0.237986, 0.0, 0.0, -1.0, -3.443781, -0.0, 1.0, 0.0, 0.715882, 0.0, 0.0, 0.0, 1.0],
                [1.0, 0.0, 0.0, 0.241656, 0.0, 0.0, -1.0, -3.451551, -0.0, 1.0, 0.0, 0.715882, 0.0, 0.0, 0.0, 1.0],
                [1.0, 0.0, 0.0, 0.245326, 0.0, 0.0, -1.0, -3.459321, -0.0, 1.0, 0.0, 0.715882, 0.0, 0.0, 0.0, 1.0],
                [1.0, 0.0, 0.0, 0.248997, 0.0, 0.0, -1.0, -3.467091, -0.0, 1.0, 0.0, 0.715882, 0.0, 0.0, 0.0, 1.0],
                [1.0, 0.0, 0.0, 0.26303, 0.0, 0.0, -1.0, -3.476271, -0.0, 1.0, 0.0, 0.715882, 0.0, 0.0, 0.0, 1.0],
                [1.0, 0.0, 0.0, 0.277063, 0.0, 0.0, -1.0, -3.485452, -0.0, 1.0, 0.0, 0.715882, 0.0, 0.0, 0.0, 1.0],
                [1.0, 0.0, 0.0, 0.291096, 0.0, 0.0, -1.0, -3.494632, -0.0, 1.0, 0.0, 0.715882, 0.0, 0.0, 0.0, 1.0],
                [1.0, 0.0, 0.0, 0.305129, 0.0, 0.0, -1.0, -3.503813, -0.0, 1.0, 0.0, 0.715882, 0.0, 0.0, 0.0, 1.0],
                [1.0, 0.0, 0.0, 0.319162, 0.0, 0.0, -1.0, -3.512993, -0.0, 1.0, 0.0, 0.715882, 0.0, 0.0, 0.0, 1.0],
                [1.0, 0.0, 0.0, 0.333195, 0.0, 0.0, -1.0, -3.522173, -0.0, 1.0, 0.0, 0.715882, 0.0, 0.0, 0.0, 1.0],
                [1.0, 0.0, 0.0, 0.347228, 0.0, 0.0, -1.0, -3.531354, -0.0, 1.0, 0.0, 0.715882, 0.0, 0.0, 0.0, 1.0],
                [1.0, 0.0, 0.0, 0.361261, 0.0, 0.0, -1.0, -3.540534, -0.0, 1.0, 0.0, 0.715882, 0.0, 0.0, 0.0, 1.0],
                [1.0, 0.0, 0.0, 0.375294, 0.0, 0.0, -1.0, -3.549715, -0.0, 1.0, 0.0, 0.715882, 0.0, 0.0, 0.0, 1.0],
                [1.0, 0.0, 0.0, 0.389327, 0.0, 0.0, -1.0, -3.558895, -0.0, 1.0, 0.0, 0.715882, 0.0, 0.0, 0.0, 1.0],
                [1.0, 0.0, 0.0, 0.393966, 0.0, 0.0, -1.0, -3.565917, -0.0, 1.0, 0.0, 0.715882, 0.0, 0.0, 0.0, 1.0],
                [1.0, 0.0, 0.0, 0.398606, 0.0, 0.0, -1.0, -3.57294, -0.0, 1.0, 0.0, 0.715882, 0.0, 0.0, 0.0, 1.0],
                [1.0, 0.0, 0.0, 0.403245, 0.0, 0.0, -1.0, -3.579963, -0.0, 1.0, 0.0, 0.715882, 0.0, 0.0, 0.0, 1.0],
                [1.0, 0.0, 0.0, 0.407884, 0.0, 0.0, -1.0, -3.586985, -0.0, 1.0, 0.0, 0.715882, 0.0, 0.0, 0.0, 1.0],
                [1.0, 0.0, 0.0, 0.412524, 0.0, 0.0, -1.0, -3.594008, -0.0, 1.0, 0.0, 0.715882, 0.0, 0.0, 0.0, 1.0],
                [1.0, 0.0, 0.0, 0.417163, 0.0, 0.0, -1.0, -3.601031, -0.0, 1.0, 0.0, 0.715882, 0.0, 0.0, 0.0, 1.0],
                [1.0, 0.0, 0.0, 0.421802, 0.0, 0.0, -1.0, -3.608053, -0.0, 1.0, 0.0, 0.715882, 0.0, 0.0, 0.0, 1.0],
                [1.0, 0.0, 0.0, 0.426442, 0.0, 0.0, -1.0, -3.615076, -0.0, 1.0, 0.0, 0.715882, 0.0, 0.0, 0.0, 1.0],
                [1.0, 0.0, 0.0, 0.431081, 0.0, 0.0, -1.0, -3.622098, -0.0, 1.0, 0.0, 0.715882, 0.0, 0.0, 0.0, 1.0],
                [1.0, 0.0, 0.0, 0.43572, 0.0, 0.0, -1.0, -3.629121, -0.0, 1.0, 0.0, 0.715882, 0.0, 0.0, 0.0, 1.0]
            ]
        },
        {
            "name": "Thigh_R",
            "time": [0.0, 0.0333, 0.0667, 0.1, 0.1333, 0.1667, 0.2, 0.2333, 0.2667, 0.3, 0.3333, 0.3667, 0.4, 0.4333, 0.4667, 0.5, 0.5333, 0.5667, 0.6, 0.6333, 0.6667, 0.7, 0.7333, 0.7667, 0.8, 0.8333, 0.8667, 0.9, 0.9333, 0.9667, 1.0, 1.0333, 1.0667, 1.1, 1.1333, 1.1667, 1.2, 1.2333, 1.2667, 1.3, 1.3333, 1.3667, 1.4, 1.4333, 1.4667, 1.5, 1.5333, 1.5667, 1.6, 1.6333, 1.6667, 1.7333, 1.8333, 2.0, 2.3333, 2.6667, 2.8333, 3.0, 3.1667, 3.3333, 3.5, 3.6667, 3.8333, 3.8667, 3.9, 3.9333, 3.9667, 4.0, 4.0333, 4.0667, 4.1, 4.1333, 4.1667, 4.2, 4.2333, 4.2667, 4.3, 4.3333, 4.3667, 4.4, 4.4333, 4.4667, 4.5, 4.5333, 4.5667, 4.6, 4.6333, 4.6667, 4.7, 4.7333, 4.7667, 4.8, 4.8333, 4.8667, 4.9, 4.9333, 4.9667, 5.0, 5.0333, 5.0667, 5.1, 5.1333, 5.1667, 5.2, 5.2333, 5.2667, 5.3, 5.3333, 5.3667, 5.4, 5.4333, 5.4667, 5.5, 5.5333, 5.5667, 5.6, 5.6333, 5.6667, 5.7, 5.7333, 5.7667, 5.8, 5.8333],
            "transform": [
                [-0.641454, 0.633051, 0.433339, 0.124994, 0.260279, -0.351773, 0.899172, -0.002831, 0.721655, 0.689572, 0.060876, -1.2e-05, 0.0, 0.0, 0.0, 1.0],
                [-0.75872, 0.548582, 0.351286, 0.071316, 0.158168, -0.367988, 0.916279, -0.008448, 0.631919, 0.750766, 0.192432, 0.014344, 0.0, 0.0, 0.0, 1.0],
                [-0.855698, 0.454911, 0.246646, 0.017637, 0.054094, -0.395389, 0.916919, -0.014066, 0.514635, 0.797954, 0.313725, 0.0287, 0.0, 0.0, 0.0, 1.0],
                [-0.925981, 0.356655, 0.123905, -0.036042, -0.04636, -0.433091, 0.900157, -0.019684, 0.374706, 0.827791, 0.417568, 0.043056, 0.0, 0.0, 0.0, 1.0],
                [-0.965795, 0.259088, -0.010349, -0.08972, -0.137805, -0.479069, 0.866893, -0.025301, 0.219643, 0.838674, 0.498386, 0.057412, 0.0, 0.0, 0.0, 1.0],
                [-0.974658, 0.167231, -0.148562, -0.143399, -0.215966, -0.530512, 0.819705, -0.030919, 0.058266, 0.831022, 0.553184, 0.071768, 0.0, 0.0, 0.0, 1.0],
                [-0.967742, 0.045112, -0.247862, -0.128916, -0.227677, -0.577805, 0.783776, -0.021993, -0.107858, 0.814932, 0.569437, 0.036048, 0.0, 0.0, 0.0, 1.0],
                [-0.933753, -0.074666, -0.350036, -0.114433, -0.229284, -0.626177, 0.745207, -0.013067, -0.274825, 0.776103, 0.567574, 0.000329, 0.0, 0.0, 0.0, 1.0],
                [-0.873004, -0.186592, -0.450604, -0.09995, -0.220258, -0.673493, 0.705617, -0.004141, -0.435138, 0.715261, 0.546863, -0.03539, 0.0, 0.0, 0.0, 1.0],
                [-0.788195, -0.28569, -0.545094, -0.085467, -0.201, -0.71765, 0.666769, 0.004785, -0.581672, 0.635112, 0.508223, -0.071109, 0.0, 0.0, 0.0, 1.0],
                [-0.684026, -0.368236, -0.62969, -0.070984, -0.172784, -0.756878, 0.630305, 0.013711, -0.708695, 0.539949, 0.454098, -0.106829, 0.0, 0.0, 0.0, 1.0],
                [-0.497759, -0.525918, -0.689671, -0.046927, -0.068572, -0.76883, 0.635769, 0.023078, -0.864597, 0.363754, 0.346629, -0.121692, 0.0, 0.0, 0.0, 1.0],
                [-0.259654, -0.641137, -0.722167, -0.022869, 0.040136, -0.754337, 0.655262, 0.032444, -0.964864, 0.141157, 0.221599, -0.136556, 0.0, 0.0, 0.0, 1.0],
                [0.007082, -0.694247, -0.719704, 0.001188, 0.140355, -0.71191, 0.688104, 0.04181, -0.990073, -0.105889, 0.092399, -0.151419, 0.0, 0.0, 0.0, 1.0],
                [0.270542, -0.678894, -0.682577, 0.022645, 0.220099, -0.646624, 0.730367, 0.032972, -0.937207, -0.347832, -0.025515, -0.111668, 0.0, 0.0, 0.0, 1.0],
                [0.501901, -0.604365, -0.61874, 0.044102, 0.2728, -0.568244, 0.776325, 0.024133, -0.820774, -0.558435, -0.120331, -0.071916, 0.0, 0.0, 0.0, 1.0],
                [0.635968, -0.518701, -0.571396, 0.06028, 0.242536, -0.568565, 0.786073, 0.01874, -0.732608, -0.638506, -0.235785, -0.057536, 0.0, 0.0, 0.0, 1.0],
                [0.755394, -0.418852, -0.503924, 0.076459, 0.210883, -0.572727, 0.792157, 0.013348, -0.620404, -0.704665, -0.344306, -0.043155, 0.0, 0.0, 0.0, 1.0],
                [0.85419, -0.308646, -0.418441, 0.092637, 0.179194, -0.580717, 0.79414, 0.007955, -0.488101, -0.753335, -0.440735, -0.028773, 0.0, 0.0, 0.0, 1.0],
                [0.928007, -0.192933, -0.318709, 0.108816, 0.148864, -0.592181, 0.791936, 0.002562, -0.341522, -0.782372, -0.520826, -0.014393, 0.0, 0.0, 0.0, 1.0],
                [0.974756, -0.076897, -0.209603, 0.124994, 0.121131, -0.606481, 0.785817, -0.002831, -0.187546, -0.791375, -0.581856, -1.2e-05, 0.0, 0.0, 0.0, 1.0],
                [0.985832, -0.037265, -0.163526, 0.124994, 0.103216, -0.633703, 0.766661, -0.002831, -0.132195, -0.772684, -0.620877, -1.2e-05, 0.0, 0.0, 0.0, 1.0],
                [0.993333, 0.000941, -0.115255, 0.124994, 0.087126, -0.660783, 0.745504, -0.002831, -0.075457, -0.750581, -0.656459, -1.2e-05, 0.0, 0.0, 0.0, 1.0],
                [0.997171, 0.037414, -0.065147, 0.124994, 0.072998, -0.687514, 0.722494, -0.002831, -0.017758, -0.725212, -0.688299, -1.2e-05, 0.0, 0.0, 0.0, 1.0],
                [0.997318, 0.071875, -0.013588, 0.124994, 0.060941, -0.713689, 0.697809, -0.002831, 0.040457, -0.696771, -0.716154, -1.2e-05, 0.0, 0.0, 0.0, 1.0],
                [0.993801, 0.104074, 0.039018, 0.124994, 0.051032, -0.739112, 0.671649, -0.002831, 0.098739, -0.665499, -0.739841, -1.2e-05, 0.0, 0.0, 0.0, 1.0],
                [0.977155, 0.184204, 0.105984, 0.124994, 0.070708, -0.752101, 0.655247, -0.002831, 0.200409, -0.632789, -0.747942, -1.2e-05, 0.0, 0.0, 0.0, 1.0],
                [0.949383, 0.261331, 0.17428, 0.124994, 0.092597, -0.76302, 0.63971, -0.002831, 0.300154, -0.591197, -0.748596, -1.2e-05, 0.0, 0.0, 0.0, 1.0],
                [0.910787, 0.334009, 0.242697, 0.124994, 0.116344, -0.771637, 0.625336, -0.002831, 0.396139, -0.541315, -0.741655, -1.2e-05, 0.0, 0.0, 0.0, 1.0],
                [0.862058, 0.400935, 0.310006, 0.124994, 0.141522, -0.777796, 0.61238, -0.002831, 0.486643, -0.484038, -0.727245, -1.2e-05, 0.0, 0.0, 0.0, 1.0],
                [0.804241, 0.461024, 0.375036, 0.124994, 0.167661, -0.781431, 0.601048, -0.002831, 0.570159, -0.420511, -0.705754, -1.2e-05, 0.0, 0.0, 0.0, 1.0],
                [0.758317, 0.444156, 0.477157, 0.124994, 0.225109, -0.865361, 0.447751, -0.002831, 0.611781, -0.232126, -0.756201, -1.2e-05, 0.0, 0.0, 0.0, 1.0],
                [0.711162, 0.402826, 0.576175, 0.124994, 0.293665, -0.914856, 0.277138, -0.002831, 0.638752, -0.027888, -0.768905, -1.2e-05, 0.0, 0.0, 0.0, 1.0],
                [0.66605, 0.338236, 0.664809, 0.124994, 0.369231, -0.923929, 0.100143, -0.002831, 0.648105, 0.178769, -0.74027, -1.2e-05, 0.0, 0.0, 0.0, 1.0],
                [0.626124, 0.254885, 0.736885, 0.124994, 0.446544, -0.89195, -0.070907, -0.002831, 0.639188, 0.373451, -0.672288, -1.2e-05, 0.0, 0.0, 0.0, 1.0],
                [0.593695, 0.15957, 0.788708, 0.124994, 0.520342, -0.82378, -0.225021, -0.002831, 0.613812, 0.543996, -0.572104, -1.2e-05, 0.0, 0.0, 0.0, 1.0],
                [0.57447, 0.156501, 0.803423, 0.124994, 0.546856, -0.803728, -0.23446, -0.002831, 0.609037, 0.574052, -0.547301, -1.2e-05, 0.0, 0.0, 0.0, 1.0],
                [0.555045, 0.152553, 0.817711, 0.124994, 0.573011, -0.782718, -0.242927, -0.002831, 0.602974, 0.603397, -0.521857, -1.2e-05, 0.0, 0.0, 0.0, 1.0],
                [0.535468, 0.147733, 0.831533, 0.124994, 0.598739, -0.760799, -0.250396, -0.002831, 0.595634, 0.631955, -0.495836, -1.2e-05, 0.0, 0.0, 0.0, 1.0],
                [0.515788, 0.142055, 0.844856, 0.124994, 0.623977, -0.738026, -0.25685, -0.002831, 0.587035, 0.659655, -0.469303, -1.2e-05, 0.0, 0.0, 0.0, 1.0],
                [0.496054, 0.135534, 0.857647, 0.124994, 0.648661, -0.714458, -0.262275, -0.002831, 0.577203, 0.68643, -0.442325, -1.2e-05, 0.0, 0.0, 0.0, 1.0],
                [0.512368, 0.185495, 0.838492, 0.124994, 0.668094, -0.699567, -0.253487, -0.002831, 0.539558, 0.690075, -0.482364, -1.2e-05, 0.0, 0.0, 0.0, 1.0],
                [0.526335, 0.235396, 0.817043, 0.124994, 0.687222, -0.683616, -0.245754, -0.002831, 0.500691, 0.690844, -0.52158, -1.2e-05, 0.0, 0.0, 0.0, 1.0],
                [0.53787, 0.28498, 0.793398, 0.124994, 0.705944, -0.666682, -0.239121, -0.002831, 0.460797, 0.688716, -0.559767, -1.2e-05, 0.0, 0.0, 0.0, 1.0],
                [0.546914, 0.333991, 0.767681, 0.124994, 0.724163, -0.648852, -0.233622, -0.002831, 0.420081, 0.683702, -0.596729, -1.2e-05, 0.0, 0.0, 0.0, 1.0],
                [0.553432, 0.382181, 0.740033, 0.124994, 0.741789, -0.630221, -0.229281, -0.002831, 0.378756, 0.675845, -0.632281, -1.2e-05, 0.0, 0.0, 0.0, 1.0],
                [0.58903, 0.478522, 0.651199, 0.124994, 0.744902, -0.633935, -0.207958, -0.002831, 0.313304, 0.607577, -0.729858, -1.2e-05, 0.0, 0.0, 0.0, 1.0],
                [0.615748, 0.565996, 0.548181, 0.124994, 0.749635, -0.635086, -0.186316, -0.002831, 0.242687, 0.525663, -0.815342, -1.2e-05, 0.0, 0.0, 0.0, 1.0],
                [0.632548, 0.641794, 0.433572, 0.124994, 0.755896, -0.633563, -0.164976, -0.002831, 0.168814, 0.432094, -0.885887, -1.2e-05, 0.0, 0.0, 0.0, 1.0],
                [0.638944, 0.703724, 0.310682, 0.124994, 0.763506, -0.629413, -0.144556, -0.002831, 0.093819, 0.329574, -0.939456, -1.2e-05, 0.0, 0.0, 0.0, 1.0],
                [0.635052, 0.750426, 0.18323, 0.124994, 0.77221, -0.622827, -0.125609, -0.002831, 0.01986, 0.221262, -0.975012, -1.2e-05, 0.0, 0.0, 0.0, 1.0],
                [0.683088, 0.678536, 0.27015, 0.124994, 0.682633, -0.72468, 0.094085, -0.002831, 0.259611, 0.120146, -0.95821, -1.2e-05, 0.0, 0.0, 0.0, 1.0],
                [0.700503, 0.610042, 0.370329, 0.124994, 0.534386, -0.79233, 0.29436, -0.002831, 0.472992, -0.008301, -0.881027, -1.2e-05, 0.0, 0.0, 0.0, 1.0],
                [0.664003, 0.661851, 0.347927, 0.124994, 0.571986, -0.749299, 0.333743, -0.002831, 0.481587, -0.022597, -0.876106, -1.2e-05, 0.0, 0.0, 0.0, 1.0],
                [0.555033, 0.769826, 0.315133, 0.124994, 0.622265, -0.635667, 0.456852, -0.002831, 0.552013, -0.057472, -0.831851, -1.2e-05, 0.0, 0.0, 0.0, 1.0],
                [0.435848, 0.858915, 0.268896, 0.124994, 0.607492, -0.501196, 0.616243, -0.002831, 0.664066, -0.105237, -0.740229, -1.2e-05, 0.0, 0.0, 0.0, 1.0],
                [0.304536, 0.930358, 0.204199, 0.124994, 0.592697, -0.352917, 0.723988, -0.00283, 0.745628, -0.099453, -0.658896, -1.2e-05, 0.0, 0.0, 0.0, 1.0],
                [0.092959, 0.981443, 0.167738, 0.124994, 0.409221, -0.191242, 0.892168, -0.043402, 0.907684, -0.014293, -0.419404, 0.074889, 0.0, 0.0, 0.0, 1.0],
                [0.074446, 0.914771, 0.397062, 0.124994, 0.167702, -0.403982, 0.899263, -0.024677, 0.98302, -0.000358, -0.183483, 0.084251, 0.0, 0.0, 0.0, 1.0],
                [0.18517, 0.727782, 0.660339, 0.062577, 0.052916, -0.678372, 0.732812, -0.046523, 0.981278, -0.100753, -0.164125, 0.08113, 0.0, 0.0, 0.0, 1.0],
                [0.298667, 0.556376, 0.7754, 0.046973, -0.020498, -0.80856, 0.58806, -0.021556, 0.954134, -0.19153, -0.230086, 0.071768, 0.0, 0.0, 0.0, 1.0],
                [0.416659, 0.41716, 0.807696, 0.048802, -0.083329, -0.86723, 0.490891, -0.035939, 0.905232, -0.271841, -0.326578, 0.100342, 0.0, 0.0, 0.0, 1.0],
                [0.601462, 0.270527, 0.751702, 0.124994, -0.139698, -0.890814, 0.432366, -0.002831, 0.786589, -0.365066, -0.497998, -1.3e-05, 0.0, 0.0, 0.0, 1.0],
                [0.648444, 0.251421, 0.718544, 0.124994, -0.144322, -0.886171, 0.440315, -0.002831, 0.747453, -0.389224, -0.538346, -1.2e-05, 0.0, 0.0, 0.0, 1.0],
                [0.693114, 0.230812, 0.682873, 0.124994, -0.148384, -0.881375, 0.448514, -0.002831, 0.705385, -0.412202, -0.576645, -1.2e-05, 0.0, 0.0, 0.0, 1.0],
                [0.735207, 0.208808, 0.644877, 0.124994, -0.151857, -0.876453, 0.456918, -0.002831, 0.660609, -0.433862, -0.612665, -1.2e-05, 0.0, 0.0, 0.0, 1.0],
                [0.774483, 0.185534, 0.604772, 0.124995, -0.154722, -0.871433, 0.46548, -0.002831, 0.613377, -0.454081, -0.646203, -1.2e-05, 0.0, 0.0, 0.0, 1.0],
                [0.810735, 0.161129, 0.562798, 0.124995, -0.156966, -0.866342, 0.47415, -0.002831, 0.563971, -0.472754, -0.677082, -1.2e-05, 0.0, 0.0, 0.0, 1.0],
                [0.835368, 0.149916, 0.528848, 0.124995, -0.153955, -0.859779, 0.486912, -0.002831, 0.527685, -0.488174, -0.695151, -1.2e-05, 0.0, 0.0, 0.0, 1.0],
                [0.85845, 0.137977, 0.493985, 0.124995, -0.15031, -0.853171, 0.499511, -0.002831, 0.490372, -0.50306, -0.711664, -1.2e-05, 0.0, 0.0, 0.0, 1.0],
                [0.879906, 0.125347, 0.45831, 0.124994, -0.146041, -0.846538, 0.511908, -0.002831, 0.45214, -0.517367, -0.726568, -1.2e-05, 0.0, 0.0, 0.0, 1.0],
                [0.899673, 0.112062, 0.42193, 0.124994, -0.14116, -0.839901, 0.524065, -0.002831, 0.413105, -0.531052, -0.739817, -1.2e-05, 0.0, 0.0, 0.0, 1.0],
                [0.917697, 0.098166, 0.384955, 0.124994, -0.135684, -0.833279, 0.535948, -0.002831, 0.373385, -0.544075, -0.751377, -1.2e-05, 0.0, 0.0, 0.0, 1.0],
                [0.923465, 0.101558, 0.369992, 0.124994, -0.124809, -0.832372, 0.539986, -0.002831, 0.362809, -0.54484, -0.755989, -1.2e-05, 0.0, 0.0, 0.0, 1.0],
                [0.928984, 0.104932, 0.354927, 0.124994, -0.11387, -0.831425, 0.543847, -0.002831, 0.35216, -0.545645, -0.760431, -1.2e-05, 0.0, 0.0, 0.0, 1.0],
                [0.934252, 0.108284, 0.339767, 0.124994, -0.102873, -0.83044, 0.547531, -0.002831, 0.341443, -0.54649, -0.7647, -1.2e-05, 0.0, 0.0, 0.0, 1.0],
                [0.939268, 0.111615, 0.324518, 0.124994, -0.091822, -0.829417, 0.551036, -0.002831, 0.330663, -0.547373, -0.768795, -1.2e-05, 0.0, 0.0, 0.0, 1.0],
                [0.944029, 0.114923, 0.309186, 0.124994, -0.080722, -0.828355, 0.554361, -0.002831, 0.319823, -0.548295, -0.772714, -1.2e-05, 0.0, 0.0, 0.0, 1.0],
                [0.944404, 0.121386, 0.30555, 0.124994, -0.075905, -0.823747, 0.561857, -0.002831, 0.319896, -0.553818, -0.768735, -1.2e-05, 0.0, 0.0, 0.0, 1.0],
                [0.944743, 0.127818, 0.301857, 0.124994, -0.071086, -0.819054, 0.5693, -0.002831, 0.320002, -0.559305, -0.764708, -1.2e-05, 0.0, 0.0, 0.0, 1.0],
                [0.945047, 0.134218, 0.298106, 0.124994, -0.066266, -0.814276, 0.576688, -0.002831, 0.32014, -0.564755, -0.760633, -1.2e-05, 0.0, 0.0, 0.0, 1.0],
                [0.945314, 0.140587, 0.294298, 0.124994, -0.061444, -0.809414, 0.58402, -0.002831, 0.320312, -0.570169, -0.756511, -1.2e-05, 0.0, 0.0, 0.0, 1.0],
                [0.945546, 0.146922, 0.290433, 0.124994, -0.056622, -0.804468, 0.591295, -0.002831, 0.320516, -0.575546, -0.752342, -1.2e-05, 0.0, 0.0, 0.0, 1.0],
                [0.941131, 0.161876, 0.296755, 0.124994, -0.046008, -0.808378, 0.586867, -0.002831, 0.334887, -0.565977, -0.753341, -1.2e-05, 0.0, 0.0, 0.0, 1.0],
                [0.936425, 0.176708, 0.303112, 0.124994, -0.035282, -0.812112, 0.582438, -0.002831, 0.34908, -0.556109, -0.754246, -1.2e-05, 0.0, 0.0, 0.0, 1.0],
                [0.931416, 0.191441, 0.30953, 0.124994, -0.024467, -0.815622, 0.578072, -0.002831, 0.363124, -0.546003, -0.754998, -1.2e-05, 0.0, 0.0, 0.0, 1.0],
                [0.926112, 0.206056, 0.315996, 0.124994, -0.013563, -0.818921, 0.57375, -0.002831, 0.376998, -0.535647, -0.755616, -1.2e-05, 0.0, 0.0, 0.0, 1.0],
                [0.920514, 0.220545, 0.322506, 0.124994, -0.002576, -0.822007, 0.569475, -0.002831, 0.390694, -0.525045, -0.7561, -1.2e-05, 0.0, 0.0, 0.0, 1.0],
                [0.914625, 0.2349, 0.329056, 0.124994, 0.008488, -0.824879, 0.56525, -0.002831, 0.404206, -0.514203, -0.756448, -1.2e-05, 0.0, 0.0, 0.0, 1.0],
                [0.90845, 0.249113, 0.335644, 0.124994, 0.019623, -0.827535, 0.561076, -0.002831, 0.417526, -0.503127, -0.756661, -1.2e-05, 0.0, 0.0, 0.0, 1.0],
                [0.901991, 0.263177, 0.342265, 0.124994, 0.030822, -0.829973, 0.556955, -0.002831, 0.430646, -0.491823, -0.756739, -1.2e-05, 0.0, 0.0, 0.0, 1.0],
                [0.895253, 0.277083, 0.348915, 0.124994, 0.04208, -0.832193, 0.552891, -0.002831, 0.443559, -0.480299, -0.756682, -1.2e-05, 0.0, 0.0, 0.0, 1.0],
                [0.88824, 0.290826, 0.355592, 0.124994, 0.05339, -0.834194, 0.548885, -0.002831, 0.45626, -0.46856, -0.75649, -1.2e-05, 0.0, 0.0, 0.0, 1.0],
                [0.873266, 0.305356, 0.379684, 0.124994, 0.07383, -0.85319, 0.516353, -0.002831, 0.481612, -0.422885, -0.767605, -1.2e-05, 0.0, 0.0, 0.0, 1.0],
                [0.857403, 0.31849, 0.404251, 0.124994, 0.09545, -0.87029, 0.483207, -0.002831, 0.50571, -0.375721, -0.776589, -1.2e-05, 0.0, 0.0, 0.0, 1.0],
                [0.840709, 0.330148, 0.429193, 0.124994, 0.118172, -0.88539, 0.449584, -0.002831, 0.528429, -0.327253, -0.783368, -1.2e-05, 0.0, 0.0, 0.0, 1.0],
                [0.823247, 0.340262, 0.454404, 0.124994, 0.141909, -0.8984, 0.415627, -0.002831, 0.549655, -0.277682, -0.78789, -1.2e-05, 0.0, 0.0, 0.0, 1.0],
                [0.805089, 0.348778, 0.479774, 0.124995, 0.166562, -0.909249, 0.381482, -0.002831, 0.569283, -0.227217, -0.790118, -1.2e-05, 0.0, 0.0, 0.0, 1.0],
                [0.786313, 0.355654, 0.505192, 0.124995, 0.192026, -0.917886, 0.347301, -0.002831, 0.587223, -0.176079, -0.790039, -1.2e-05, 0.0, 0.0, 0.0, 1.0],
                [0.767005, 0.360863, 0.530546, 0.124995, 0.218185, -0.924276, 0.313233, -0.002831, 0.603401, -0.124495, -0.787658, -1.2e-05, 0.0, 0.0, 0.0, 1.0],
                [0.74725, 0.364395, 0.555725, 0.124995, 0.244922, -0.928407, 0.279427, -0.002831, 0.617757, -0.072693, -0.783, -1.2e-05, 0.0, 0.0, 0.0, 1.0],
                [0.727142, 0.366251, 0.580622, 0.124995, 0.272114, -0.930286, 0.246027, -0.002831, 0.630248, -0.020901, -0.77611, -1.2e-05, 0.0, 0.0, 0.0, 1.0],
                [0.706771, 0.36645, 0.605134, 0.124995, 0.299635, -0.929937, 0.213172, -0.002831, 0.640849, 0.030656, -0.767053, -1.2e-05, 0.0, 0.0, 0.0, 1.0],
                [0.712612, 0.346096, 0.610245, 0.124995, 0.285749, -0.937615, 0.198072, -0.002831, 0.640723, 0.033229, -0.767051, -1.2e-05, 0.0, 0.0, 0.0, 1.0],
                [0.718154, 0.325559, 0.615031, 0.124994, 0.271726, -0.944848, 0.18285, -0.002831, 0.640635, 0.035805, -0.767008, -1.2e-05, 0.0, 0.0, 0.0, 1.0],
                [0.723394, 0.304851, 0.619487, 0.124994, 0.257574, -0.95163, 0.167516, -0.002831, 0.640586, 0.038384, -0.766924, -1.2e-05, 0.0, 0.0, 0.0, 1.0],
                [0.728325, 0.283989, 0.62361, 0.124994, 0.243305, -0.957956, 0.152082, -0.002831, 0.640577, 0.040962, -0.766799, -1.2e-05, 0.0, 0.0, 0.0, 1.0],
                [0.732946, 0.262986, 0.627395, 0.124994, 0.228928, -0.963821, 0.136558, -0.002831, 0.640606, 0.043539, -0.766632, -1.2e-05, 0.0, 0.0, 0.0, 1.0],
                [0.737252, 0.241858, 0.630841, 0.124994, 0.214454, -0.969219, 0.120956, -0.002831, 0.640674, 0.046112, -0.766425, -1.2e-05, 0.0, 0.0, 0.0, 1.0],
                [0.741239, 0.220621, 0.633945, 0.124994, 0.199893, -0.974148, 0.105286, -0.002831, 0.640781, 0.048679, -0.766176, -1.2e-05, 0.0, 0.0, 0.0, 1.0],
                [0.744907, 0.199289, 0.636705, 0.124994, 0.185256, -0.978604, 0.089561, -0.002831, 0.640927, 0.051239, -0.765887, -1.2e-05, 0.0, 0.0, 0.0, 1.0],
                [0.748252, 0.177879, 0.63912, 0.124994, 0.170554, -0.982585, 0.073792, -0.002831, 0.641111, 0.05379, -0.765558, -1.2e-05, 0.0, 0.0, 0.0, 1.0],
                [0.751273, 0.156406, 0.641188, 0.124994, 0.155797, -0.986089, 0.057989, -0.002831, 0.641335, 0.05633, -0.765188, -1.2e-05, 0.0, 0.0, 0.0, 1.0],
                [0.755599, 0.150851, 0.637425, 0.124994, 0.146602, -0.987385, 0.059887, -0.002831, 0.638414, 0.048197, -0.76818, -1.2e-05, 0.0, 0.0, 0.0, 1.0],
                [0.759855, 0.145243, 0.633656, 0.124994, 0.1374, -0.988588, 0.06183, -0.002831, 0.635401, 0.040083, -0.771139, -1.2e-05, 0.0, 0.0, 0.0, 1.0],
                [0.764041, 0.139584, 0.629883, 0.124994, 0.128196, -0.989697, 0.063817, -0.002831, 0.632297, 0.031989, -0.774063, -1.2e-05, 0.0, 0.0, 0.0, 1.0],
                [0.768157, 0.133875, 0.626105, 0.124994, 0.118988, -0.990713, 0.065849, -0.002831, 0.629103, 0.023917, -0.776952, -1.2e-05, 0.0, 0.0, 0.0, 1.0],
                [0.772201, 0.128116, 0.622324, 0.124994, 0.10978, -0.991636, 0.067924, -0.002831, 0.625818, 0.015868, -0.779806, -1.2e-05, 0.0, 0.0, 0.0, 1.0],
                [0.776172, 0.122309, 0.618541, 0.124994, 0.100573, -0.992465, 0.070042, -0.002831, 0.622443, 0.007844, -0.782624, -1.2e-05, 0.0, 0.0, 0.0, 1.0],
                [0.780071, 0.116455, 0.614755, 0.124994, 0.091369, -0.9932, 0.072204, -0.002831, 0.618979, -0.000154, -0.785405, -1.2e-05, 0.0, 0.0, 0.0, 1.0],
                [0.783895, 0.110555, 0.610968, 0.124994, 0.082169, -0.993841, 0.074408, -0.002831, 0.615427, -0.008126, -0.78815, -1.1e-05, 0.0, 0.0, 0.0, 1.0],
                [0.787646, 0.104609, 0.607179, 0.124994, 0.072974, -0.994388, 0.076654, -0.002831, 0.611786, -0.016068, -0.790858, -1.1e-05, 0.0, 0.0, 0.0, 1.0],
                [0.791321, 0.098619, 0.603391, 0.124994, 0.063788, -0.99484, 0.078942, -0.002831, 0.608059, -0.02398, -0.793528, -1.1e-05, 0.0, 0.0, 0.0, 1.0]
            ]
        },
        {
            "name": "Leg_R",
            "time": [0.0, 0.0333, 0.0667, 0.1, 0.1333, 0.1667, 0.2, 0.2333, 0.2667, 0.3, 0.3333, 0.3667, 0.4, 0.4333, 0.4667, 0.5, 0.5333, 0.5667, 0.6, 0.6333, 0.6667, 0.7, 0.7333, 0.7667, 0.8, 0.8333, 0.8667, 0.9, 0.9333, 0.9667, 1.0, 1.0333, 1.0667, 1.1, 1.1333, 1.1667, 1.2, 1.2333, 1.2667, 1.3, 1.3333, 1.3667, 1.4, 1.4333, 1.4667, 1.5, 1.5333, 1.5667, 1.6, 1.6333, 1.6667, 1.7333, 1.8333, 2.0, 2.3333, 2.6667, 2.8333, 3.0, 3.1667, 3.3333, 3.5, 3.6667, 3.8333, 3.8667, 3.9, 3.9333, 3.9667, 4.0, 4.0333, 4.0667, 4.1, 4.1333, 4.1667, 4.2, 4.2333, 4.2667, 4.3, 4.3333, 4.3667, 4.4, 4.4333, 4.4667, 4.5, 4.5333, 4.5667, 4.6, 4.6333, 4.6667, 4.7, 4.7333, 4.7667, 4.8, 4.8333, 4.8667, 4.9, 4.9333, 4.9667, 5.0, 5.0333, 5.0667, 5.1, 5.1333, 5.1667, 5.2, 5.2333, 5.2667, 5.3, 5.3333, 5.3667, 5.4, 5.4333, 5.4667, 5.5, 5.5333, 5.5667, 5.6, 5.6333, 5.6667, 5.7, 5.7333, 5.7667, 5.8, 5.8333],
            "transform": [
                [0.999998, -0.0, 0.0, 0.0, -0.0, 0.362058, 0.932156, 0.37472, -0.0, -0.932158, 0.362057, -0.0, 0.0, 0.0, 0.0, 1.0],
                [0.999998, -0.0, 0.0, -0.0, -0.0, 0.356996, 0.934106, 0.37472, -0.0, -0.934108, 0.356995, 0.0, 0.0, 0.0, 0.0, 1.0],
                [0.999999, -0.0, 0.0, -0.0, -0.0, 0.351924, 0.93603, 0.37472, -0.0, -0.936031, 0.351923, -0.0, 0.0, 0.0, 0.0, 1.0],
                [0.999998, -0.0, 0.0, 0.0, -0.0, 0.346841, 0.937925, 0.37472, -0.0, -0.937926, 0.34684, 0.0, 0.0, 0.0, 0.0, 1.0],
                [0.999999, -0.0, 0.0, 0.0, -0.0, 0.341748, 0.939792, 0.37472, -0.0, -0.939794, 0.341748, -0.0, 0.0, 0.0, 0.0, 1.0],
                [0.999999, -0.0, 0.0, -0.0, -0.0, 0.336645, 0.941632, 0.37472, -0.0, -0.941634, 0.336645, 0.0, 0.0, 0.0, 0.0, 1.0],
                [0.999998, -0.0, 0.0, 0.0, -0.0, 0.291647, 0.956527, 0.37472, -0.0, -0.956528, 0.291647, 0.0, 0.0, 0.0, 0.0, 1.0],
                [0.999998, -0.0, 0.0, -0.0, -0.0, 0.245916, 0.969291, 0.37472, -0.0, -0.969294, 0.245916, 0.0, 0.0, 0.0, 0.0, 1.0],
                [0.999998, -0.0, 0.0, 0.0, -0.0, 0.199604, 0.979877, 0.37472, -0.0, -0.979879, 0.199604, -0.0, 0.0, 0.0, 0.0, 1.0],
                [0.999998, -0.0, 0.0, -0.0, -0.0, 0.152869, 0.988247, 0.37472, -0.0, -0.988249, 0.152868, 0.0, 0.0, 0.0, 0.0, 1.0],
                [0.999998, -0.0, 0.0, 0.0, -0.0, 0.105868, 0.994381, 0.37472, -0.0, -0.994383, 0.105868, -0.0, 0.0, 0.0, 0.0, 1.0],
                [0.999998, -0.0, 0.0, -0.0, -0.0, 0.081698, 0.996657, 0.37472, -0.0, -0.99666, 0.081697, 0.0, 0.0, 0.0, 0.0, 1.0],
                [0.999998, -0.0, 0.0, -0.0, -0.0, 0.057469, 0.998348, 0.37472, -0.0, -0.99835, 0.057469, -0.0, 0.0, 0.0, 0.0, 1.0],
                [0.999998, -0.0, 0.0, 0.0, -0.0, 0.033202, 0.999449, 0.37472, -0.0, -0.999451, 0.033202, 0.0, 0.0, 0.0, 0.0, 1.0],
                [0.999998, -0.0, 0.0, 0.0, -0.0, 0.00892, 0.99996, 0.37472, -0.0, -0.999963, 0.00892, -0.0, 0.0, 0.0, 0.0, 1.0],
                [0.999998, -0.0, 0.0, -0.0, -0.0, -0.015357, 0.999882, 0.37472, -0.0, -0.999885, -0.015357, -0.0, 0.0, 0.0, 0.0, 1.0],
                [0.999998, -0.0, 0.0, 0.0, -0.0, 0.126516, 0.991965, 0.37472, -0.0, -0.991967, 0.126516, 0.0, 0.0, 0.0, 0.0, 1.0],
                [0.999999, -0.0, 0.0, -0.0, -0.0, 0.267989, 0.963423, 0.37472, -0.0, -0.963425, 0.267988, -0.0, 0.0, 0.0, 0.0, 1.0],
                [0.999999, -0.0, 0.0, -0.0, -0.0, 0.404575, 0.914506, 0.37472, -0.0, -0.914507, 0.404574, 0.0, 0.0, 0.0, 0.0, 1.0],
                [0.999999, -0.0, 0.0, -0.0, -0.0, 0.532001, 0.846746, 0.37472, -0.0, -0.846746, 0.532001, -0.0, 0.0, 0.0, 0.0, 1.0],
                [0.999999, 0.0, 0.0, -0.0, -0.0, 0.646644, 0.762795, 0.37472, -0.0, -0.762795, 0.646644, 0.0, 0.0, 0.0, 0.0, 1.0],
                [0.999999, -0.0, 0.0, -0.0, -0.0, 0.606465, 0.795112, 0.37472, -0.0, -0.795113, 0.606465, -0.0, 0.0, 0.0, 0.0, 1.0],
