{
    "animation": [
        {
            "name": "Root",
            "time": [0.0, 0.1667, 0.3333, 0.5, 0.6667, 0.8333, 1.0, 1.3333, 1.6667, 2.0, 2.3333, 2.6667, 2.8333, 3.0, 3.3333, 3.6667, 4.0, 4.2],
            "transform": [
                [1.0, 0.0, 0.0, 0.0, 0.0, 0.0, -1.0, 0.0, -0.0, 1.0, 0.0, 0.470588, 0.0, 0.0, 0.0, 1.0],
                [1.0, 0.0, 0.0, -0.00697, 0.0, 0.0, -1.0, 0.173783, -0.0, 1.0, 0.0, 0.559987, 0.0, 0.0, 0.0, 1.0],
                [1.0, 0.0, 0.0, -0.01394, 0.0, 0.0, -1.0, 0.336729, -0.0, 1.0, 0.0, 0.598817, 0.0, 0.0, 0.0, 1.0],
                [1.0, 0.0, 0.0, -0.097308, 0.0, 0.0, -1.0, 0.757748, -0.0, 1.0, 0.0, 0.545488, 0.0, 0.0, 0.0, 1.0],
                [1.0, 0.0, 0.0, -0.281913, 0.0, 0.0, -1.0, 1.010995, -0.0, 1.0, 0.0, 0.302061, 0.0, 0.0, 0.0, 1.0],
                [1.0, 0.0, 0.0, -0.329513, 0.0, 0.0, -1.0, 0.963488, -0.0, 1.0, 0.0, 0.317041, 0.0, 0.0, 0.0, 1.0],
                [1.0, 0.0, 0.0, -0.324796, 0.0, 0.0, -1.0, 0.900176, -0.0, 1.0, 0.0, 0.320786, 0.0, 0.0, 0.0, 1.0],
                [1.0, 0.0, 0.0, -0.31253, 0.0, 0.0, -1.0, 0.954392, -0.0, 1.0, 0.0, 0.315543, 0.0, 0.0, 0.0, 1.0],
                [1.0, 0.0, 0.0, -0.333892, 0.0, 0.0, -1.0, 0.888893, -0.0, 1.0, 0.0, 0.395687, 0.0, 0.0, 0.0, 1.0],
                [1.0, 0.0, 0.0, -0.38301, 0.0, 0.0, -1.0, 0.672116, -0.0, 1.0, 0.0, 0.575448, 0.0, 0.0, 0.0, 1.0],
                [1.0, 0.0, 0.0, -0.196645, 0.0, 0.0, -1.0, 0.579601, -0.0, 1.0, 0.0, 0.612899, 0.0, 0.0, 0.0, 1.0],
                [1.0, 0.0, 0.0, -0.119225, 0.0, 0.0, -1.0, 0.501553, -0.0, 1.0, 0.0, 0.657839, 0.0, 0.0, 0.0, 1.0],
                [1.0, 0.0, 0.0, -0.119225, 0.0, 0.0, -1.0, 0.486573, -0.0, 1.0, 0.0, 0.680309, 0.0, 0.0, 0.0, 1.0],
                [1.0, 0.0, 0.0, -0.119225, 0.0, 0.0, -1.0, 0.486573, -0.0, 1.0, 0.0, 0.680309, 0.0, 0.0, 0.0, 1.0],
                [1.0, 0.0, 0.0, -0.119225, 0.0, 0.0, -1.0, 0.486573, -0.0, 1.0, 0.0, 0.680309, 0.0, 0.0, 0.0, 1.0],
                [1.0, 0.0, 0.0, -0.119225, 0.0, 0.0, -1.0, 0.486573, -0.0, 1.0, 0.0, 0.680309, 0.0, 0.0, 0.0, 1.0],
                [1.0, 0.0, 0.0, -0.119225, 0.0, 0.0, -1.0, 0.486573, -0.0, 1.0, 0.0, 0.680309, 0.0, 0.0, 0.0, 1.0],
                [1.0, 0.0, 0.0, -0.119225, 0.0, 0.0, -1.0, 0.486573, -0.0, 1.0, 0.0, 0.680309, 0.0, 0.0, 0.0, 1.0]
            ]
        },
        {
            "name": "Thigh_R",
            "time": [0.0, 0.1667, 0.3333, 0.5, 0.6667, 0.8333, 1.0, 1.3333, 1.6667, 2.0, 2.3333, 2.6667, 2.8333, 3.0, 3.3333, 3.6667, 4.0, 4.2],
            "transform": [
                [0.441279, -0.273241, -0.854758, -0.024058, 0.564976, -0.655439, 0.5012, -0.002831, -0.697186, -0.704093, -0.134857, -0.028099, 0.0, 0.0, 0.0, 1.0],
                [0.767708, -0.104255, -0.63226, 0.001704, 0.304856, -0.808444, 0.503473, -0.008249, -0.563632, -0.579273, -0.588865, -0.066828, 0.0, 0.0, 0.0, 1.0],
                [0.965542, -0.026205, -0.258913, 0.027467, 0.070692, -0.931097, 0.357865, -0.013667, -0.25045, -0.36384, -0.89716, -0.105557, 0.0, 0.0, 0.0, 1.0],
                [0.860285, 0.20908, 0.464964, 0.090321, 0.247712, -0.968569, -0.022791, 0.012437, 0.445581, 0.134785, -0.885036, 0.092198, 0.0, 0.0, 0.0, 1.0],
                [-0.019562, 0.375087, 0.926783, -0.099708, 0.804494, -0.544479, 0.23734, 0.081433, 0.593633, 0.75024, -0.291104, 0.140427, 0.0, 0.0, 0.0, 1.0],
                [0.018372, 0.278675, 0.96021, 0.124994, 0.746281, -0.64294, 0.172316, 0.128245, 0.665372, 0.713426, -0.219782, 0.12732, 0.0, 0.0, 0.0, 1.0],
                [0.110761, 0.372679, 0.921327, 0.124994, 0.703622, -0.684107, 0.192131, 0.128245, 0.701885, 0.62699, -0.337997, 0.10485, 0.0, 0.0, 0.0, 1.0],
                [0.113456, 0.238827, 0.964412, -0.024808, 0.756317, -0.650226, 0.072045, 0.08653, 0.644287, 0.721232, -0.254401, 0.101417, 0.0, 0.0, 0.0, 1.0],
                [0.079292, 0.314178, 0.946047, 0.124994, 0.694959, -0.697806, 0.173488, 0.060835, 0.714659, 0.643713, -0.273671, 0.097359, 0.0, 0.0, 0.0, 1.0],
                [-0.004311, 0.457471, 0.889215, 0.124994, 0.353484, -0.831119, 0.429294, 0.004659, 0.935427, 0.316177, -0.158126, 0.11983, 0.0, 0.0, 0.0, 1.0],
                [0.240005, 0.523393, 0.817593, 0.124994, 0.272904, -0.844626, 0.460582, 0.000914, 0.931619, 0.112583, -0.34555, 0.089869, 0.0, 0.0, 0.0, 1.0],
                [0.326521, 0.367255, 0.870923, 0.124994, 0.237545, -0.923742, 0.300465, -0.002831, 0.91485, 0.108776, -0.38886, 0.026204, 0.0, 0.0, 0.0, 1.0],
                [0.373573, 0.280058, 0.884313, 0.124994, 0.229898, -0.951548, 0.204229, -0.002831, 0.898657, 0.127008, -0.419857, -1.1e-05, 0.0, 0.0, 0.0, 1.0],
                [0.407134, 0.252156, 0.877871, 0.124994, 0.222474, -0.959571, 0.172442, -0.002831, 0.885856, 0.125098, -0.446771, -1.1e-05, 0.0, 0.0, 0.0, 1.0],
                [0.335869, 0.226916, 0.914166, 0.124994, 0.212942, -0.963716, 0.160976, -0.002831, 0.917519, 0.140599, -0.372002, -1.1e-05, 0.0, 0.0, 0.0, 1.0],
                [0.391631, 0.254703, 0.884166, 0.124994, 0.256034, -0.953142, 0.161163, -0.002831, 0.883779, 0.163262, -0.438493, -1.1e-05, 0.0, 0.0, 0.0, 1.0],
                [0.54135, 0.239772, 0.805883, 0.124994, 0.269437, -0.957405, 0.103856, -0.002831, 0.796453, 0.160914, -0.582894, -1.1e-05, 0.0, 0.0, 0.0, 1.0],
                [0.560041, 0.253115, 0.78885, 0.124994, 0.27693, -0.954612, 0.109693, -0.002831, 0.780805, 0.157025, -0.604716, -1.1e-05, 0.0, 0.0, 0.0, 1.0]
            ]
        },
        {
            "name": "Leg_R",
            "time": [0.0, 0.1667, 0.3333, 0.5, 0.6667, 0.8333, 1.0, 1.3333, 1.6667, 2.0, 2.3333, 2.6667, 2.8333, 3.0, 3.3333, 3.6667, 4.0, 4.2],
            "transform": [
                [0.999998, -0.0, -0.0, -0.0, 0.0, 0.256535, 0.966536, 0.37472, -0.0, -0.966537, 0.256535, -0.0, 0.0, 0.0, 0.0, 1.0],
                [0.999998, -0.0, -0.0, 0.0, 0.0, 0.322001, 0.946741, 0.37472, -0.0, -0.946742, 0.322001, 0.0, 0.0, 0.0, 0.0, 1.0],
                [0.999998, -0.0, 0.0, -0.0, 0.0, 0.385961, 0.922517, 0.37472, -0.0, -0.922517, 0.38596, 0.0, 0.0, 0.0, 0.0, 1.0],
                [0.999998, -0.0, 0.0, 0.0, 0.0, 0.59143, 0.806358, 0.37472, -0.0, -0.806358, 0.59143, -0.0, 0.0, 0.0, 0.0, 1.0],
                [0.999998, -0.0, 0.0, -0.0, -0.0, 0.652164, 0.75808, 0.37472, -0.0, -0.758079, 0.652164, 0.0, 0.0, 0.0, 0.0, 1.0],
                [0.999998, -0.0, 0.0, -0.0, -0.0, 0.75851, 0.651663, 0.37472, -0.0, -0.651662, 0.758512, -0.0, 0.0, 0.0, 0.0, 1.0],
                [0.999998, -0.0, 0.0, 0.0, 0.0, 0.587392, 0.809304, 0.37472, -0.0, -0.809304, 0.587392, 0.0, 0.0, 0.0, 0.0, 1.0],
                [0.999998, -0.0, 0.0, -0.0, 0.0, 0.753565, 0.657376, 0.37472, -0.0, -0.657374, 0.753566, 0.0, 0.0, 0.0, 0.0, 1.0],
                [0.999998, -0.0, 0.0, -0.0, -0.0, 0.658448, 0.752629, 0.37472, -0.0, -0.752628, 0.658449, 0.0, 0.0, 0.0, 0.0, 1.0],
                [0.999998, -0.0, 0.0, -0.0, 0.0, 0.476195, 0.879342, 0.37472, -0.0, -0.879342, 0.476194, 0.0, 0.0, 0.0, 0.0, 1.0],
                [0.999998, -0.0, 0.0, 0.0, 0.0, 0.573584, 0.819149, 0.37472, -0.0, -0.819149, 0.573583, 0.0, 0.0, 0.0, 0.0, 1.0],
                [0.999998, -0.0, 0.0, 0.0, 0.0, 0.776447, 0.630185, 0.37472, -0.0, -0.630184, 0.776448, 0.0, 0.0, 0.0, 0.0, 1.0],
                [0.999998, -0.0, 0.0, -0.0, 0.0, 0.857936, 0.513758, 0.37472, -0.0, -0.513757, 0.857938, 0.0, 0.0, 0.0, 0.0, 1.0],
                [0.999998, -0.0, 0.0, 0.0, 0.0, 0.878356, 0.478007, 0.37472, -0.0, -0.478005, 0.87836, 0.0, 0.0, 0.0, 0.0, 1.0],
                [0.999998, -0.0, 0.0, -0.0, 0.0, 0.931795, 0.362984, 0.37472, -0.0, -0.362983, 0.931799, 0.0, 0.0, 0.0, 0.0, 1.0],
                [0.999998, -0.0, 0.0, 0.0, 0.0, 0.918587, 0.395219, 0.37472, -0.0, -0.395217, 0.918591, 0.0, 0.0, 0.0, 0.0, 1.0],
                [0.999998, -0.0, 0.0, 0.0, 0.0, 0.926652, 0.37592, 0.37472, -0.0, -0.375919, 0.926656, -0.0, 0.0, 0.0, 0.0, 1.0],
                [0.999998, -0.0, 0.0, 0.0, 0.0, 0.927329, 0.374248, 0.37472, -0.0, -0.374246, 0.927333, -0.0, 0.0, 0.0, 0.0, 1.0]
            ]
        },
        {
            "name": "Knee_R",
            "time": [0.0, 0.1667, 0.3333, 0.5, 0.6667, 0.8333, 1.0, 1.3333, 1.6667, 2.0, 2.3333, 2.6667, 2.8333, 3.0, 3.3333, 3.6667, 4.0, 4.2],
            "transform": [
                [1.0, -0.0, -0.0, 0.0, -0.0, 0.0, -1.0, 0.37472, 0.0, 1.0, 0.0, -0.0, 0.0, 0.0, 0.0, 1.0],
                [1.0, -0.0, -0.0, 0.0, -1e-06, 0.0, -1.0, 0.37472, 0.0, 1.0, 0.0, 0.0, 0.0, 0.0, 0.0, 1.0],
                [1.0, -0.0, -0.0, 0.0, -0.0, 0.0, -1.0, 0.37472, 0.0, 1.0, 0.0, 0.0, 0.0, 0.0, 0.0, 1.0],
                [1.0, -0.0, -0.0, 0.0, -1e-06, 0.0, -1.0, 0.37472, 0.0, 1.0, 0.0, -0.0, 0.0, 0.0, 0.0, 1.0],
                [1.0, -0.0, -1e-06, 0.0, -0.0, 0.0, -1.0, 0.37472, 0.0, 1.0, 0.0, 0.0, 0.0, 0.0, 0.0, 1.0],
                [1.0, -0.0, -0.0, 0.0, -0.0, 0.0, -1.0, 0.37472, 0.0, 1.0, 0.0, -0.0, 0.0, 0.0, 0.0, 1.0],
                [1.0, -0.0, -1e-06, 0.0, -0.0, 0.0, -1.0, 0.37472, 0.0, 1.0, 0.0, 0.0, 0.0, 0.0, 0.0, 1.0],
                [1.0, -0.0, -1e-06, 0.0, -1e-06, 0.0, -1.0, 0.37472, 0.0, 1.0, 0.0, 0.0, 0.0, 0.0, 0.0, 1.0],
                [1.0, -0.0, -1e-06, 0.0, -0.0, 0.0, -1.0, 0.37472, 0.0, 1.0, 0.0, 0.0, 0.0, 0.0, 0.0, 1.0],
                [1.0, -0.0, -0.0, 0.0, -0.0, 0.0, -1.0, 0.37472, 0.0, 1.0, 0.0, 0.0, 0.0, 0.0, 0.0, 1.0],
                [1.0, -0.0, -0.0, 0.0, -0.0, 0.0, -1.0, 0.37472, 0.0, 1.0, 0.0, 0.0, 0.0, 0.0, 0.0, 1.0],
                [1.0, -0.0, -1e-06, 0.0, -1e-06, 0.0, -1.0, 0.37472, 0.0, 1.0, 0.0, 0.0, 0.0, 0.0, 0.0, 1.0],
                [1.0, -0.0, -0.0, 0.0, -0.0, 0.0, -1.0, 0.37472, 0.0, 1.0, 0.0, -0.0, 0.0, 0.0, 0.0, 1.0],
                [1.0, -0.0, -0.0, 0.0, -0.0, 0.0, -1.0, 0.37472, 0.0, 1.0, 0.0, 0.0, 0.0, 0.0, 0.0, 1.0],
                [1.0, -0.0, -0.0, 0.0, -0.0, 0.0, -1.0, 0.37472, 0.0, 1.0, 0.0, 0.0, 0.0, 0.0, 0.0, 1.0],
                [1.0, -0.0, -0.0, 0.0, -0.0, 0.0, -1.0, 0.37472, 0.0, 1.0, 0.0, 0.0, 0.0, 0.0, 0.0, 1.0],
                [1.0, -0.0, -0.0, 0.0, -0.0, 0.0, -1.0, 0.37472, 0.0, 1.0, 0.0, -0.0, 0.0, 0.0, 0.0, 1.0],
                [1.0, -0.0, -0.0, 0.0, -0.0, 0.0, -1.0, 0.37472, 0.0, 1.0, 0.0, -0.0, 0.0, 0.0, 0.0, 1.0]
            ]
        },
        {
            "name": "Thigh_L",
            "time": [0.0, 0.1667, 0.3333, 0.5, 0.6667, 0.8333, 1.0, 1.3333, 1.6667, 2.0, 2.3333, 2.6667, 2.8333, 3.0, 3.3333, 3.6667, 4.0, 4.2],
            "transform": [
                [-0.062184, -0.413931, -0.908182, -0.00631, -0.649381, -0.674218, 0.351758, 0.004622, -0.757917, 0.611631, -0.226874, 0.078485, 0.0, 0.0, 0.0, 1.0],
                [0.236054, -0.350863, -0.906187, -0.058577, -0.663316, -0.739667, 0.1136, 0.020401, -0.710134, 0.574273, -0.407334, 0.047298, 0.0, 0.0, 0.0, 1.0],
                [0.514737, -0.268292, -0.814289, -0.110845, -0.602807, -0.788626, -0.121217, 0.03618, -0.609647, 0.553254, -0.567663, 0.016111, 0.0, 0.0, 0.0, 1.0],
                [0.970825, 0.192188, 0.143399, -0.11111, 0.060503, -0.774996, 0.629064, -0.001674, 0.232032, -0.602035, -0.764013, -0.03256, 0.0, 0.0, 0.0, 1.0],
                [0.04439, 0.952577, 0.301045, -0.099935, -0.555489, -0.226927, 0.79996, 0.000877, 0.830338, -0.202738, 0.519072, -0.07194, 0.0, 0.0, 0.0, 1.0],
                [0.192708, 0.958884, 0.208343, -0.099935, -0.417811, -0.111931, 0.901613, 0.000877, 0.887861, -0.260796, 0.379062, -0.026376, 0.0, 0.0, 0.0, 1.0],
                [0.323723, 0.915794, 0.237753, -0.099935, -0.464776, -0.064957, 0.883042, 0.000877, 0.824128, -0.396363, 0.404611, -0.026376, 0.0, 0.0, 0.0, 1.0],
                [0.449771, 0.881425, 0.144213, -0.099935, -0.329406, 0.013622, 0.94409, 0.000877, 0.830179, -0.47213, 0.296473, -0.026376, 0.0, 0.0, 0.0, 1.0],
                [0.455915, 0.835953, 0.305495, -0.099935, -0.369401, -0.134553, 0.919477, 0.000877, 0.809743, -0.532054, 0.247457, -0.026376, 0.0, 0.0, 0.0, 1.0],
                [0.484866, 0.593775, 0.642135, -0.099935, -0.240481, -0.615399, 0.750635, 0.000877, 0.840877, -0.518379, -0.155594, -0.026376, 0.0, 0.0, 0.0, 1.0],
                [0.862644, 0.166309, 0.477689, -0.099935, -0.198935, -0.75674, 0.622712, 0.000877, 0.465049, -0.632208, -0.619712, -0.026376, 0.0, 0.0, 0.0, 1.0],
                [0.918146, 0.00621, 0.396194, -0.099935, -0.228359, -0.808837, 0.541882, 0.000877, 0.323821, -0.588001, -0.741212, -0.026376, 0.0, 0.0, 0.0, 1.0],
                [0.941421, -0.035702, 0.335339, -0.099935, -0.214552, -0.83059, 0.513896, 0.000877, 0.260182, -0.55574, -0.789594, -0.026376, 0.0, 0.0, 0.0, 1.0],
                [0.949632, -0.03839, 0.311008, -0.099935, -0.207995, -0.819547, 0.53393, 0.000877, 0.234388, -0.571725, -0.786253, -0.026376, 0.0, 0.0, 0.0, 1.0],
                [0.856995, 0.057492, 0.512108, -0.099935, -0.242095, -0.83235, 0.498582, 0.000877, 0.454917, -0.551262, -0.699401, -0.026376, 0.0, 0.0, 0.0, 1.0],
                [0.851389, -0.020015, 0.524153, -0.099935, -0.242867, -0.900748, 0.360097, 0.000877, 0.464922, -0.433882, -0.771748, -0.026376, 0.0, 0.0, 0.0, 1.0],
                [0.893224, -0.063493, 0.445107, -0.099935, -0.218331, -0.926675, 0.305952, 0.000877, 0.393043, -0.370464, -0.84159, -0.026376, 0.0, 0.0, 0.0, 1.0],
                [0.903802, -0.029833, 0.426911, -0.099935, -0.193844, -0.917902, 0.346239, 0.000877, 0.381533, -0.395686, -0.835384, -0.026376, 0.0, 0.0, 0.0, 1.0]
            ]
        },
        {
            "name": "Leg_L",
            "time": [0.0, 0.1667, 0.3333, 0.5, 0.6667, 0.8333, 1.0, 1.3333, 1.6667, 2.0, 2.3333, 2.6667, 2.8333, 3.0, 3.3333, 3.6667, 4.0, 4.2],
            "transform": [
                [0.999999, -0.0, -0.0, -0.0, 0.0, 0.521582, 0.853202, 0.37472, -0.0, -0.853202, 0.521582, -0.0, 0.0, 0.0, 0.0, 1.0],
                [0.999999, -0.0, 0.0, 0.0, 0.0, 0.760169, 0.649726, 0.37472, -0.0, -0.649727, 0.760169, 0.0, 0.0, 0.0, 0.0, 1.0],
                [0.999999, -0.0, 0.0, -0.0, 0.0, 0.924012, 0.382366, 0.37472, -0.0, -0.382366, 0.924011, 0.0, 0.0, 0.0, 0.0, 1.0],
                [0.999999, -0.0, -0.0, 0.0, 0.0, -0.298465, 0.954421, 0.37472, -0.0, -0.954422, -0.298465, -0.0, 0.0, 0.0, 0.0, 1.0],
                [0.999999, -0.0, 0.0, -0.0, -0.0, -0.541616, 0.840626, 0.37472, 0.0, -0.840628, -0.541615, -0.0, 0.0, 0.0, 0.0, 1.0],
                [0.999998, -0.0, -0.0, -0.0, 0.0, -0.452798, 0.891613, 0.37472, -0.0, -0.891614, -0.452798, -0.0, 0.0, 0.0, 0.0, 1.0],
                [0.999999, -0.0, -0.0, 0.0, 0.0, -0.372678, 0.927961, 0.37472, -0.0, -0.927962, -0.372678, 0.0, 0.0, 0.0, 0.0, 1.0],
                [0.999998, -0.0, 0.0, -0.0, -0.0, -0.466251, 0.884653, 0.37472, 0.0, -0.884654, -0.46625, -0.0, 0.0, 0.0, 0.0, 1.0],
                [0.999999, -0.0, -0.0, -0.0, 0.0, -0.206134, 0.978523, 0.37472, -0.0, -0.978525, -0.206134, -0.0, 0.0, 0.0, 0.0, 1.0],
                [0.999999, -0.0, 0.0, 0.0, 0.0, 0.2484, 0.968658, 0.37472, -0.0, -0.968659, 0.248399, 0.0, 0.0, 0.0, 0.0, 1.0],
                [0.999999, -0.0, 0.0, -0.0, 0.0, 0.502286, 0.864702, 0.37472, -0.0, -0.864703, 0.502285, 0.0, 0.0, 0.0, 0.0, 1.0],
                [0.999999, -0.0, 0.0, 0.0, 0.0, 0.717129, 0.696941, 0.37472, -0.0, -0.696941, 0.717129, -0.0, 0.0, 0.0, 0.0, 1.0],
                [0.999999, -0.0, 0.0, -0.0, 0.0, 0.796388, 0.604787, 0.37472, -0.0, -0.604787, 0.796388, 0.0, 0.0, 0.0, 0.0, 1.0],
                [0.999999, -0.0, 0.0, -0.0, 0.0, 0.794592, 0.607145, 0.37472, -0.0, -0.607145, 0.794592, -0.0, 0.0, 0.0, 0.0, 1.0],
                [0.999999, -0.0, 0.0, -0.0, -0.0, 0.725649, 0.688066, 0.37472, -0.0, -0.688066, 0.725649, -0.0, 0.0, 0.0, 0.0, 1.0],
                [0.999999, -0.0, 0.0, -0.0, 0.0, 0.806806, 0.590816, 0.37472, -0.0, -0.590816, 0.806807, 0.0, 0.0, 0.0, 0.0, 1.0],
                [0.999999, -0.0, 0.0, -0.0, 0.0, 0.882358, 0.47058, 0.37472, -0.0, -0.47058, 0.882358, 0.0, 0.0, 0.0, 0.0, 1.0],
                [0.999999, -0.0, 0.0, -0.0, 0.0, 0.860592, 0.509296, 0.37472, -0.0, -0.509296, 0.860592, -0.0, 0.0, 0.0, 0.0, 1.0]
            ]
        },
        {
            "name": "Knee_L",
            "time": [0.0, 0.1667, 0.3333, 0.5, 0.6667, 0.8333, 1.0, 1.3333, 1.6667, 2.0, 2.3333, 2.6667, 2.8333, 3.0, 3.3333, 3.6667, 4.0, 4.2],
            "transform": [
                [1.0, -0.0, -0.0, -0.0, -0.0, 0.0, -1.0, 0.37472, 0.0, 1.0, 0.0, -0.0, 0.0, 0.0, 0.0, 1.0],
                [1.0, -0.0, -0.0, 0.0, -0.0, 0.0, -1.0, 0.37472, 0.0, 1.0, 0.0, 0.0, 0.0, 0.0, 0.0, 1.0],
                [1.0, -0.0, -0.0, -0.0, -0.0, 0.0, -1.0, 0.37472, 0.0, 1.0, 0.0, 0.0, 0.0, 0.0, 0.0, 1.0],
                [1.0, -0.0, -0.0, 0.0, -0.0, 0.0, -1.0, 0.37472, 0.0, 1.0, 0.0, -0.0, 0.0, 0.0, 0.0, 1.0],
                [1.0, -0.0, -0.0, -0.0, -0.0, 0.0, -1.0, 0.37472, 0.0, 1.0, 0.0, -0.0, 0.0, 0.0, 0.0, 1.0],
                [1.0, -0.0, -0.0, -0.0, -0.0, 0.0, -1.0, 0.37472, 0.0, 1.0, 0.0, -0.0, 0.0, 0.0, 0.0, 1.0],
                [1.0, -0.0, -0.0, 0.0, -0.0, 0.0, -1.0, 0.37472, 0.0, 1.0, 0.0, 0.0, 0.0, 0.0, 0.0, 1.0],
                [1.0, -0.0, -0.0, -0.0, -0.0, 0.0, -1.0, 0.37472, 0.0, 1.0, 0.0, -0.0, 0.0, 0.0, 0.0, 1.0],
                [1.0, -0.0, -0.0, -0.0, -0.0, 0.0, -1.0, 0.37472, 0.0, 1.0, 0.0, -0.0, 0.0, 0.0, 0.0, 1.0],
                [1.0, -0.0, -1e-06, 0.0, -1e-06, 0.0, -1.0, 0.37472, 0.0, 1.0, 0.0, 0.0, 0.0, 0.0, 0.0, 1.0],
                [1.0, -0.0, -0.0, -0.0, -0.0, 0.0, -1.0, 0.37472, 0.0, 1.0, 0.0, 0.0, 0.0, 0.0, 0.0, 1.0],
                [1.0, -0.0, -0.0, 0.0, -0.0, 0.0, -1.0, 0.37472, 0.0, 1.0, 0.0, -0.0, 0.0, 0.0, 0.0, 1.0],
                [1.0, -0.0, -0.0, -0.0, -0.0, 0.0, -1.0, 0.37472, 0.0, 1.0, 0.0, 0.0, 0.0, 0.0, 0.0, 1.0],
                [1.0, -0.0, -0.0, -0.0, -0.0, 0.0, -1.0, 0.37472, 0.0, 1.0, 0.0, -0.0, 0.0, 0.0, 0.0, 1.0],
                [1.0, -0.0, -0.0, -0.0, -0.0, 0.0, -1.0, 0.37472, 0.0, 1.0, 0.0, -0.0, 0.0, 0.0, 0.0, 1.0],
                [1.0, -0.0, -0.0, -0.0, -0.0, 0.0, -1.0, 0.37472, 0.0, 1.0, 0.0, 0.0, 0.0, 0.0, 0.0, 1.0],
                [1.0, -0.0, -0.0, -0.0, -0.0, 0.0, -1.0, 0.37472, 0.0, 1.0, 0.0, 0.0, 0.0, 0.0, 0.0, 1.0],
                [1.0, -0.0, -0.0, -0.0, -0.0, 0.0, -1.0, 0.37472, 0.0, 1.0, 0.0, -0.0, 0.0, 0.0, 0.0, 1.0]
            ]
        },
        {
            "name": "Torso",
            "time": [0.0, 0.1667, 0.3333, 0.5, 0.6667, 0.8333, 1.0, 1.3333, 1.6667, 2.0, 2.3333, 2.6667, 2.8333, 3.0, 3.3333, 3.6667, 4.0, 4.2],
            "transform": [
                [0.03683, 0.383498, 0.922807, -0.0, -0.16354, 0.913295, -0.37302, 0.05, -0.98585, -0.137177, 0.096354, 0.0, 0.0, 0.0, 0.0, 1.0],
                [0.448142, 0.433941, 0.781578, -0.0, -0.161068, 0.89917, -0.406877, 0.05, -0.879333, 0.056451, 0.47285, -0.0, 0.0, 0.0, 0.0, 1.0],
                [0.774736, 0.396615, 0.492424, -0.0, -0.17404, 0.88248, -0.436962, 0.05, -0.607862, 0.252828, 0.752717, -0.0, 0.0, 0.0, 0.0, 1.0],
                [0.892536, 0.089606, -0.441986, -0.0, 0.050072, 0.95431, 0.294587, 0.05, 0.44819, -0.28506, 0.84727, 0.0, 0.0, 0.0, 0.0, 1.0],
                [-0.386919, -0.029543, -0.92164, 0.0, 0.658796, 0.690479, -0.298706, 0.05, 0.6452, -0.722746, -0.247697, -0.0, 0.0, 0.0, 0.0, 1.0],
                [-0.21453, -0.037976, -0.975979, -0.0, 0.702346, 0.688395, -0.181168, 0.05, 0.67874, -0.724339, -0.121009, 0.0, 0.0, 0.0, 0.0, 1.0],
                [-0.075874, -0.097965, -0.992293, -0.0, 0.681822, 0.721048, -0.12332, 0.05, 0.727574, -0.685922, 0.012086, 0.0, 0.0, 0.0, 0.0, 1.0],
                [-0.019425, -0.159038, -0.987081, -0.0, 0.630206, 0.764498, -0.135578, 0.05, 0.776186, -0.624697, 0.085376, 0.0, 0.0, 0.0, 0.0, 1.0],
                [0.027463, -0.147476, -0.988685, -0.0, 0.394835, 0.910234, -0.124807, 0.05, 0.918342, -0.386939, 0.083227, 0.0, 0.0, 0.0, 0.0, 1.0],
                [0.130258, -0.101971, -0.986223, -0.0, 0.167132, 0.98272, -0.079535, 0.05, 0.977293, -0.154469, 0.145049, 0.0, 0.0, 0.0, 0.0, 1.0],
                [0.620879, -0.287896, -0.729126, -0.0, 0.14208, 0.956041, -0.256507, 0.05, 0.770924, 0.055665, 0.63449, 0.0, 0.0, 0.0, 0.0, 1.0],
                [0.825005, -0.079154, -0.559556, -0.0, 0.039365, 0.995785, -0.082822, 0.05, 0.563755, 0.046302, 0.824643, 0.0, 0.0, 0.0, 0.0, 1.0],
                [0.876515, -0.080501, -0.474598, -0.0, 0.034061, 0.993816, -0.105666, 0.05, 0.48017, 0.076453, 0.873837, -0.0, 0.0, 0.0, 0.0, 1.0],
                [0.898881, -0.100156, -0.426596, -0.0, 0.055097, 0.991633, -0.116721, 0.05, 0.434719, 0.081414, 0.896879, -0.0, 0.0, 0.0, 0.0, 1.0],
                [0.742791, -0.206153, -0.636996, -0.0, 0.213761, 0.974641, -0.066165, 0.05, 0.634484, -0.087018, 0.768022, -0.0, 0.0, 0.0, 0.0, 1.0],
                [0.646416, -0.163627, -0.745234, -0.0, 0.103085, 0.986506, -0.127187, 0.05, 0.755991, 0.005394, 0.654561, -0.0, 0.0, 0.0, 0.0, 1.0],
                [0.699233, -0.052718, -0.712948, -0.0, -0.017654, 0.995698, -0.090941, 0.05, 0.714677, 0.076175, 0.695295, -0.0, 0.0, 0.0, 0.0, 1.0],
                [0.719401, -0.029306, -0.693977, -0.0, -0.017881, 0.997995, -0.06068, 0.05, 0.694366, 0.056062, 0.717435, -0.0, 0.0, 0.0, 0.0, 1.0]
            ]
        },
        {
            "name": "Chest",
            "time": [0.0, 0.1667, 0.3333, 0.5, 0.6667, 0.8333, 1.0, 1.3333, 1.6667, 2.0, 2.3333, 2.6667, 2.8333, 3.0, 3.3333, 3.6667, 4.0, 4.2],
            "transform": [
                [0.876782, 0.036627, 0.479491, -0.0, -0.111422, 0.985434, 0.128468, 0.3, -0.467801, -0.166064, 0.868093, 0.0, 0.0, 0.0, 0.0, 1.0],
                [0.953843, -0.032684, 0.298521, 0.0, 0.012808, 0.997582, 0.068296, 0.3, -0.300032, -0.06132, 0.951957, -0.0, 0.0, 0.0, 0.0, 1.0],
                [0.986315, -0.12073, 0.112279, -0.0, 0.123199, 0.992263, -0.015293, 0.3, -0.109564, 0.028916, 0.993559, 0.0, 0.0, 0.0, 0.0, 1.0],
                [0.941644, 0.203678, 0.268, -0.0, -0.158255, 0.970559, -0.181576, 0.3, -0.297093, 0.128568, 0.946153, -0.0, 0.0, 0.0, 0.0, 1.0],
                [0.942228, 0.170378, -0.288406, 0.0, -0.019612, 0.887564, 0.460265, 0.3, 0.334398, -0.428018, 0.83963, 0.0, 0.0, 0.0, 0.0, 1.0],
                [0.743261, 0.233722, -0.626849, 0.0, 0.391428, 0.607941, 0.690791, 0.3, 0.542541, -0.758801, 0.360374, -0.0, 0.0, 0.0, 0.0, 1.0],
                [0.764892, 0.219705, -0.605534, 0.0, 0.38399, 0.599242, 0.702467, 0.3, 0.517198, -0.769828, 0.373991, 0.0, 0.0, 0.0, 0.0, 1.0],
                [0.844077, 0.114708, -0.523811, 0.0, 0.344684, 0.632235, 0.693882, 0.3, 0.410766, -0.766237, 0.494117, 0.0, 0.0, 0.0, 0.0, 1.0],
                [0.933124, 0.002157, -0.359549, 0.0, 0.239848, 0.74125, 0.626914, 0.3, 0.267868, -0.671224, 0.691162, 0.0, 0.0, 0.0, 0.0, 1.0],
                [0.989943, -0.063582, -0.126378, -0.0, 0.115061, 0.881606, 0.457745, 0.3, 0.082311, -0.467682, 0.880056, -0.0, 0.0, 0.0, 0.0, 1.0],
                [0.998698, 0.043546, -0.026611, -0.0, -0.030644, 0.928683, 0.369606, 0.3, 0.040808, -0.368309, 0.928807, 0.0, 0.0, 0.0, 0.0, 1.0],
                [0.999077, 0.03108, -0.029659, 0.0, -0.026099, 0.98747, 0.155632, 0.3, 0.034125, -0.154714, 0.98737, 0.0, 0.0, 0.0, 0.0, 1.0],
                [0.991627, -0.002168, -0.129123, 0.0, 0.023819, 0.985775, 0.166366, 0.3, 0.126926, -0.168048, 0.977573, 0.0, 0.0, 0.0, 0.0, 1.0],
                [0.980791, -0.004404, -0.195018, 0.0, 0.038132, 0.984785, 0.169537, 0.3, 0.191304, -0.173717, 0.966036, -0.0, 0.0, 0.0, 0.0, 1.0],
                [0.972841, 0.151871, -0.17469, 0.0, -0.133176, 0.984486, 0.114239, 0.3, 0.18933, -0.087872, 0.977974, 0.0, 0.0, 0.0, 0.0, 1.0],
                [0.954301, 0.003476, -0.298831, 0.0, 0.011224, 0.998809, 0.047462, 0.3, 0.298641, -0.048647, 0.953124, -0.0, 0.0, 0.0, 0.0, 1.0],
                [0.976464, -0.088277, -0.196791, -0.0, 0.088525, 0.996045, -0.007553, 0.3, 0.19668, -0.010045, 0.980416, 0.0, 0.0, 0.0, 0.0, 1.0],
                [0.969648, -0.076451, -0.232249, -0.0, 0.082277, 0.996488, 0.015489, 0.3, 0.230249, -0.034128, 0.972533, 0.0, 0.0, 0.0, 0.0, 1.0]
            ]
        },
        {
            "name": "Head",
            "time": [0.0, 0.1667, 0.3333, 0.5, 0.6667, 0.8333, 1.0, 1.3333, 1.6667, 2.0, 2.3333, 2.6667, 2.8333, 3.0, 3.3333, 3.6667, 4.0, 4.2],
            "transform": [
                [0.206187, -0.019533, -0.978319, 0.0, -0.158754, 0.985886, -0.053143, 0.4, 0.965548, 0.166269, 0.200177, -0.0, 0.0, 0.0, 0.0, 1.0],
                [0.589497, 0.082897, -0.803506, -0.0, -0.026634, 0.996173, 0.083234, 0.4, 0.80733, -0.027666, 0.589451, 0.0, 0.0, 0.0, 0.0, 1.0],
                [0.874067, 0.094151, -0.476594, -0.0, 0.037548, 0.965012, 0.2595, 0.4, 0.484351, -0.244716, 0.839952, 0.0, 0.0, 0.0, 0.0, 1.0],
                [0.986774, 0.062385, 0.149605, 0.0, -0.064275, 0.997901, 0.007822, 0.4, -0.148802, -0.017335, 0.988717, -0.0, 0.0, 0.0, 0.0, 1.0],
                [0.792516, 0.216584, 0.570096, 0.0, -0.224555, 0.972768, -0.057398, 0.4, -0.567002, -0.082529, 0.819572, -0.0, 0.0, 0.0, 0.0, 1.0],
                [0.618992, 0.388304, 0.682693, 0.0, 0.045773, 0.849917, -0.524923, 0.4, -0.784062, 0.356171, 0.50832, 0.0, 0.0, 0.0, 0.0, 1.0],
                [0.678349, 0.392823, 0.620913, -0.0, 0.039787, 0.824196, -0.564903, 0.4, -0.733662, 0.407904, 0.543466, 0.0, 0.0, 0.0, 0.0, 1.0],
                [0.906192, 0.350111, 0.237143, -0.0, -0.188325, 0.836256, -0.514984, 0.4, -0.378613, 0.422013, 0.823747, 0.0, 0.0, 0.0, 0.0, 1.0],
                [0.888338, 0.279537, 0.364299, 0.0, -0.109955, 0.899765, -0.422293, 0.4, -0.445829, 0.335082, 0.830035, 0.0, 0.0, 0.0, 0.0, 1.0],
                [0.441118, 0.236412, 0.865751, -0.0, 0.043143, 0.957976, -0.28358, 0.4, -0.896412, 0.162443, 0.412382, 0.0, 0.0, 0.0, 0.0, 1.0],
                [0.653352, 0.191792, 0.732358, -0.0, -0.094381, 0.980464, -0.172569, 0.4, -0.751148, 0.043627, 0.658691, -0.0, 0.0, 0.0, 0.0, 1.0],
                [0.795523, 0.295572, 0.528942, 0.0, -0.180151, 0.948852, -0.259274, 0.4, -0.578523, 0.110968, 0.808083, -0.0, 0.0, 0.0, 0.0, 1.0],
                [0.726859, 0.380257, 0.571909, -0.0, -0.244454, 0.921439, -0.301975, 0.4, -0.641808, 0.079687, 0.762715, 0.0, 0.0, 0.0, 0.0, 1.0],
                [0.668304, 0.425853, 0.609933, 0.0, -0.297485, 0.904504, -0.30557, 0.4, -0.681816, 0.022768, 0.731171, -0.0, 0.0, 0.0, 0.0, 1.0],
                [0.722292, 0.344091, 0.599913, 0.0, -0.332997, 0.933301, -0.134388, 0.4, -0.606141, -0.102702, 0.7887, 0.0, 0.0, 0.0, 0.0, 1.0],
                [0.626743, 0.226265, 0.745653, -0.0, -0.291194, 0.955593, -0.045214, 0.4, -0.722772, -0.188792, 0.6648, -0.0, 0.0, 0.0, 0.0, 1.0],
                [0.639128, 0.050252, 0.767457, -0.0, -0.13477, 0.98974, 0.047428, 0.4, -0.7572, -0.133742, 0.639344, -0.0, 0.0, 0.0, 0.0, 1.0],
                [0.576548, 0.025274, 0.816672, 0.0, -0.120736, 0.991183, 0.054561, 0.4, -0.808093, -0.130059, 0.574518, -0.0, 0.0, 0.0, 0.0, 1.0]
            ]
        },
        {
            "name": "Shoulder_R",
            "time": [0.0, 0.1667, 0.3333, 0.5, 0.6667, 0.8333, 1.0, 1.3333, 1.6667, 2.0, 2.3333, 2.6667, 2.8333, 3.0, 3.3333, 3.6667, 4.0, 4.2],
            "transform": [
                [0.033433, 0.190093, -0.981201, 0.0, 0.740993, -0.663514, -0.103295, 0.4, -0.670658, -0.723624, -0.163043, -0.0, 0.0, 0.0, 0.0, 1.0],
                [-0.085042, -0.001407, -0.99638, -0.0, 0.781378, -0.620569, -0.065818, 0.4, -0.618214, -0.784162, 0.053874, 0.0, 0.0, 0.0, 0.0, 1.0],
                [-0.187287, -0.199624, -0.961811, -0.0, 0.821523, -0.568619, -0.04196, 0.4, -0.538513, -0.798023, 0.270493, 0.0, 0.0, 0.0, 0.0, 1.0],
                [-0.386078, -0.311982, -0.86811, 0.0, 0.860154, -0.461731, -0.216618, 0.4, -0.333243, -0.830356, 0.44662, -0.0, 0.0, 0.0, 0.0, 1.0],
                [0.199088, 0.678283, -0.707324, 0.0, 0.841928, -0.487752, -0.230739, 0.4, -0.501491, -0.549588, -0.668178, -0.0, 0.0, 0.0, 0.0, 1.0],
                [0.573747, 0.810235, 0.11973, 0.0, 0.804329, -0.529861, -0.268864, 0.4, -0.154398, 0.250567, -0.955714, 0.0, 0.0, 0.0, 0.0, 1.0],
                [0.600815, 0.779622, 0.176669, -0.0, 0.797446, -0.569235, -0.200097, 0.4, -0.055433, 0.26111, -0.963721, 0.0, 0.0, 0.0, 0.0, 1.0],
                [0.565208, 0.73907, 0.366493, -0.0, 0.822023, -0.467322, -0.325382, 0.4, -0.069208, 0.485183, -0.871676, 0.0, 0.0, 0.0, 0.0, 1.0],
                [0.536559, 0.812323, 0.228559, 0.0, 0.805323, -0.412032, -0.426229, 0.4, -0.252055, 0.412768, -0.875271, 0.0, 0.0, 0.0, 0.0, 1.0],
                [0.109785, 0.875697, -0.47023, -0.0, 0.754878, -0.381221, -0.533685, 0.4, -0.64659, -0.296381, -0.702905, 0.0, 0.0, 0.0, 0.0, 1.0],
                [-0.10649, 0.787538, -0.607006, -0.0, 0.730687, -0.352044, -0.584936, 0.4, -0.674335, -0.505831, -0.537961, -0.0, 0.0, 0.0, 0.0, 1.0],
                [-0.265132, 0.795207, -0.545309, 0.0, 0.777711, -0.157933, -0.60845, 0.4, -0.569951, -0.585422, -0.576574, -0.0, 0.0, 0.0, 0.0, 1.0],
                [-0.030618, 0.85574, -0.516514, -0.0, 0.837697, -0.259929, -0.480298, 0.4, -0.545252, -0.447395, -0.7089, 0.0, 0.0, 0.0, 0.0, 1.0],
                [0.132705, 0.84427, -0.519242, 0.0, 0.850469, -0.366024, -0.377772, 0.4, -0.508982, -0.391474, -0.766608, -0.0, 0.0, 0.0, 0.0, 1.0],
                [-0.139937, 0.545582, -0.826298, 0.0, 0.759744, -0.475994, -0.442954, 0.4, -0.634963, -0.689774, -0.347897, 0.0, 0.0, 0.0, 0.0, 1.0],
                [0.212791, 0.835037, -0.507391, -0.0, 0.729181, -0.481368, -0.486386, 0.4, -0.650373, -0.266486, -0.711332, -0.0, 0.0, 0.0, 0.0, 1.0],
                [0.290504, 0.899237, -0.327096, -0.0, 0.741028, -0.427694, -0.517635, 0.4, -0.605355, -0.092014, -0.790617, -0.0, 0.0, 0.0, 0.0, 1.0],
                [0.279414, 0.895218, -0.347166, 0.0, 0.739161, -0.431323, -0.517291, 0.4, -0.612811, -0.112075, -0.782239, -0.0, 0.0, 0.0, 0.0, 1.0]
            ]
        },
        {
            "name": "Arm_R",
            "time": [0.0, 0.1667, 0.3333, 0.5, 0.6667, 0.8333, 1.0, 1.3333, 1.6667, 2.0, 2.3333, 2.6667, 2.8333, 3.0, 3.3333, 3.6667, 4.0, 4.2],
            "transform": [
                [0.605222, -0.389328, 0.693345, 0.0, 0.300584, 0.921687, 0.251915, 0.393861, -0.737152, 0.056182, 0.671976, -0.0, 0.0, 0.0, 0.0, 1.0],
                [0.834422, -0.156198, 0.527524, -0.0, 0.197339, 0.982153, -0.022454, 0.39386, -0.514622, 0.123358, 0.846732, -0.0, 0.0, 0.0, 0.0, 1.0],
                [0.963767, 0.057861, 0.259933, 0.0, 0.011736, 0.968232, -0.257031, 0.39386, -0.266557, 0.251831, 0.928499, -0.0, 0.0, 0.0, 0.0, 1.0],
                [0.965899, 0.099048, 0.238875, 0.0, -0.161643, 0.954268, 0.258467, 0.393861, -0.202358, -0.289488, 0.933742, -0.0, 0.0, 0.0, 0.0, 1.0],
                [0.692875, -0.664125, 0.283548, 0.0, 0.24566, 0.5887, 0.769429, 0.39386, -0.677936, -0.465436, 0.568611, -0.0, 0.0, 0.0, 0.0, 1.0],
                [0.664367, -0.730486, 0.164819, 0.0, 0.67646, 0.681851, 0.281292, 0.39386, -0.317869, -0.075709, 0.943104, 0.0, 0.0, 0.0, 0.0, 1.0],
                [0.752979, -0.65861, -0.033225, -0.0, 0.606519, 0.674905, 0.421683, 0.393861, -0.255307, -0.339108, 0.903778, -0.0, 0.0, 0.0, 0.0, 1.0],
                [0.675298, -0.716877, 0.1792, 0.0, 0.718181, 0.694682, 0.060628, 0.39386, -0.167953, 0.08813, 0.979769, -0.0, 0.0, 0.0, 0.0, 1.0],
                [0.508889, -0.829827, 0.234763, 0.0, 0.81947, 0.550866, 0.161871, 0.393861, -0.263651, 0.110476, 0.956253, -0.0, 0.0, 0.0, 0.0, 1.0],
                [-0.139794, -0.811735, 0.568301, 0.0, 0.649889, 0.359653, 0.668532, 0.39386, -0.747064, 0.464766, 0.47523, -0.0, 0.0, 0.0, 0.0, 1.0],
                [0.769628, 0.439416, 0.463142, 0.0, -0.562961, 0.8107, 0.168846, 0.393861, -0.301282, -0.392339, 0.867604, 0.0, 0.0, 0.0, 0.0, 1.0],
                [0.855721, -0.432649, 0.284645, 0.0, 0.051396, 0.620762, 0.781684, 0.39386, -0.514906, -0.657057, 0.551076, -0.0, 0.0, 0.0, 0.0, 1.0],
                [0.645048, -0.612706, 0.457396, 0.0, -0.29209, 0.357782, 0.885363, 0.39386, -0.706126, -0.707704, 0.051601, -0.0, 0.0, 0.0, 0.0, 1.0],
                [0.367504, -0.665528, 0.649687, -0.0, -0.487139, 0.459865, 0.741466, 0.39386, -0.79224, -0.59149, -0.154542, 0.0, 0.0, 0.0, 0.0, 1.0],
                [0.329368, -0.737393, 0.590415, 0.0, -0.139998, 0.582896, 0.799591, 0.393861, -0.933769, -0.347493, 0.088376, -0.0, 0.0, 0.0, 0.0, 1.0],
                [0.149861, -0.858326, 0.492862, 0.0, 0.537284, 0.490952, 0.685063, 0.39386, -0.829983, 0.162836, 0.532462, 0.0, 0.0, 0.0, 0.0, 1.0],
                [0.357889, -0.836552, 0.417526, 0.0, 0.732409, 0.53004, 0.427845, 0.39386, -0.579224, 0.153331, 0.798975, 0.0, 0.0, 0.0, 0.0, 1.0],
                [0.346857, -0.827523, 0.443809, -0.0, 0.721915, 0.538927, 0.434542, 0.393861, -0.598779, 0.170394, 0.780992, -0.0, 0.0, 0.0, 0.0, 1.0]
            ]
        },
        {
            "name": "Hand_R",
            "time": [0.0, 0.1667, 0.3333, 0.5, 0.6667, 0.8333, 1.0, 1.3333, 1.6667, 2.0, 2.3333, 2.6667, 2.8333, 3.0, 3.3333, 3.6667, 4.0, 4.2],
            "transform": [
                [1.000888, -0.0, 1e-06, 0.0, 1e-06, 0.394229, -0.91397, 0.3, -0.0, 0.925283, 0.389408, 0.0, 0.0, 0.0, 0.0, 1.0],
                [1.000888, 0.0, 2e-06, 0.0, 2e-06, 0.171943, -0.978843, 0.3, -0.0, 0.99096, 0.16984, 0.0, 0.0, 0.0, 0.0, 1.0],
                [1.000888, 0.0, 2e-06, 0.0, 2e-06, -0.059476, -0.99173, 0.3, -0.0, 1.004006, -0.058749, 0.0, 0.0, 0.0, 0.0, 1.0],
                [1.000888, -0.0, 2e-06, 0.0, 2e-06, 0.397957, -0.912878, 0.3, -1e-06, 0.922975, 0.393604, -0.0, 0.0, 0.0, 0.0, 1.0],
                [1.000889, -1e-06, 1e-06, -0.0, 1e-06, 0.860525, -0.511454, 0.3, -0.0, 0.514565, 0.855322, -0.0, 0.0, 0.0, 0.0, 1.0],
                [1.000891, -1e-06, 0.0, 0.0, 1e-06, 0.98683, -0.170886, 0.3, -0.0, 0.171584, 0.982817, 0.0, 0.0, 0.0, 0.0, 1.0],
                [1.000891, -1e-06, 0.0, -0.0, 1e-06, 0.98016, -0.205711, 0.3, -0.0, 0.206573, 0.976066, -0.0, 0.0, 0.0, 0.0, 1.0],
                [1.000891, -1e-06, 0.0, 0.0, 1e-06, 0.993236, -0.128516, 0.3, -0.0, 0.129027, 0.989304, 0.0, 0.0, 0.0, 0.0, 1.0],
                [1.00089, -0.0, 1e-06, -0.0, 1e-06, 0.83431, -0.552833, 0.3, -1e-06, 0.556409, 0.828949, -0.0, 0.0, 0.0, 0.0, 1.0],
                [1.000889, -1e-06, 2e-06, 0.0, 2e-06, 0.412748, -0.906465, 0.3, -0.0, 0.916403, 0.408271, -0.0, 0.0, 0.0, 0.0, 1.0],
                [1.000889, 0.0, 2e-06, -0.0, 2e-06, 0.047927, -0.992333, 0.3, -0.0, 1.00463, 0.047341, 0.0, 0.0, 0.0, 0.0, 1.0],
                [1.000887, 1e-06, 2e-06, -0.0, 2e-06, -0.520211, -0.850869, 0.3, 1e-06, 0.859465, -0.515008, 0.0, 0.0, 0.0, 0.0, 1.0],
                [1.000888, 1e-06, 2e-06, 0.0, 3e-06, -0.716709, -0.69694, 0.3, 1e-06, 0.702534, -0.711002, -0.0, 0.0, 0.0, 0.0, 1.0],
                [1.00089, 1e-06, 2e-06, 0.0, 2e-06, -0.499813, -0.862715, 0.3, 1e-06, 0.871587, -0.494726, -0.0, 0.0, 0.0, 0.0, 1.0],
                [1.000889, -1e-06, 2e-06, 0.0, 2e-06, 0.398765, -0.912534, 0.3, -0.0, 0.922625, 0.394404, 0.0, 0.0, 0.0, 0.0, 1.0],
                [1.000891, -1e-06, 1e-06, 0.0, 1e-06, 0.937268, -0.352708, 0.3, -1e-06, 0.354437, 0.932695, -0.0, 0.0, 0.0, 0.0, 1.0],
                [1.00089, -1e-06, 1e-06, -0.0, 1e-06, 0.850609, -0.527648, 0.3, -1e-06, 0.530936, 0.84534, -0.0, 0.0, 0.0, 0.0, 1.0],
                [1.00089, -1e-06, 1e-06, -0.0, 2e-06, 0.816611, -0.578403, 0.3, -1e-06, 0.582289, 0.811162, 0.0, 0.0, 0.0, 0.0, 1.0]
            ]
        },
        {
            "name": "Tool_R",
            "time": [0.0, 0.1667, 0.3333, 0.5, 0.6667, 0.8333, 1.0, 1.3333, 1.6667, 2.0, 2.3333, 2.6667, 2.8333, 3.0, 3.3333, 3.6667, 4.0, 4.2],
            "transform": [
                [0.156957, 0.282481, -0.941153, 0.0, -0.828875, -0.488981, -0.279994, 0.272858, -0.542367, 0.829035, 0.155538, 1e-06, 0.0, 0.0, 0.0, 1.0],
                [0.500731, -0.487277, -0.713268, 0.0, -0.850285, -0.103458, -0.517126, 0.272858, 0.179205, 0.870663, -0.460638, 1e-06, 0.0, 0.0, 0.0, 1.0],
                [0.14793, -0.987469, -0.095113, 0.0, -0.545181, 0.000123, -0.834445, 0.272858, 0.828689, 0.176354, -0.531989, 1e-06, 0.0, 0.0, 0.0, 1.0],
                [-0.699228, -0.719252, -0.018454, 0.0, -0.330674, 0.346078, -0.873292, 0.272858, 0.636859, -0.609996, -0.473699, 1e-06, 0.0, 0.0, 0.0, 1.0],
                [-0.016004, -0.987945, -0.16962, 0.0, -0.012182, 0.171691, -0.977186, 0.272858, 1.005213, -0.013648, -0.014543, 1e-06, 0.0, 0.0, 0.0, 1.0],
                [-0.240234, -0.954507, -0.191511, 0.0, -0.103924, 0.223285, -0.961764, 0.272858, 0.970346, -0.212399, -0.150418, 1e-06, 0.0, 0.0, 0.0, 1.0],
                [-0.307432, -0.946832, -0.124905, 0.0, -0.047063, 0.147509, -0.980057, 0.272858, 0.955563, -0.297358, -0.088454, 1e-06, 0.0, 0.0, 0.0, 1.0],
                [-0.429796, -0.903423, -0.083195, -0.0, 0.01922, 0.084088, -0.988178, 0.272858, 0.90764, -0.429579, -0.01847, 1e-06, 0.0, 0.0, 0.0, 1.0],
                [-0.137796, -0.986763, -0.114015, 0.0, -0.154715, 0.136168, -0.970974, 0.272858, 0.983545, -0.116827, -0.168711, 1e-06, 0.0, 0.0, 0.0, 1.0],
                [0.350696, -0.931905, -0.123816, 0.0, -0.488234, -0.066721, -0.865464, 0.272858, 0.802709, 0.366559, -0.472309, 1e-06, 0.0, 0.0, 0.0, 1.0],
                [-0.167548, -0.981495, 0.1208, 0.0, -0.270378, -0.073829, -0.952969, 0.272858, 0.953003, -0.193503, -0.24913, 1e-06, 0.0, 0.0, 0.0, 1.0],
                [-0.304874, 0.889617, 0.344514, 0.0, -0.508711, -0.459547, 0.726034, 0.272858, 0.808673, 0.046303, 0.586609, 1e-06, 0.0, 0.0, 0.0, 1.0],
                [0.097906, 0.334905, -0.932851, 0.0, -0.684942, 0.709561, 0.179404, 0.272858, 0.724187, 0.625831, 0.295797, 1e-06, 0.0, 0.0, 0.0, 1.0],
                [0.394469, -0.87732, -0.283949, 0.0, -0.647811, -0.043267, -0.757274, 0.272858, 0.653555, 0.486641, -0.579234, 1e-06, 0.0, 0.0, 0.0, 1.0],
                [0.54923, -0.837746, 0.02867, 0.0, -0.651835, -0.450634, -0.609258, 0.272858, 0.523631, 0.317736, -0.788498, 0.0, 0.0, 0.0, 0.0, 1.0],
                [0.82955, -0.533412, -0.175189, 0.0, -0.410211, -0.365195, -0.831708, 0.272858, 0.379895, 0.770437, -0.51553, 1e-06, 0.0, 0.0, 0.0, 1.0],
                [0.963756, 0.011745, -0.263993, 0.0, -0.264293, -0.082101, -0.953362, 0.272858, -0.032859, 1.004822, -0.07481, 1e-06, 0.0, 0.0, 0.0, 1.0],
                [0.967093, 0.044978, -0.248241, 0.0, -0.24328, -0.123311, -0.954595, 0.272858, -0.073528, 0.99958, -0.106592, 1e-06, 0.0, 0.0, 0.0, 1.0]
            ]
        },
        {
            "name": "Elbow_R",
            "time": [0.0, 0.1667, 0.3333, 0.5, 0.6667, 0.8333, 1.0, 1.3333, 1.6667, 2.0, 2.3333, 2.6667, 2.8333, 3.0, 3.3333, 3.6667, 4.0, 4.2],
            "transform": [
                [-1.0, 0.0, -0.0, 0.0, 0.0, 0.0, -1.0, 0.3, -0.0, -1.0, -0.0, 0.0, 0.0, 0.0, 0.0, 1.0],
                [-1.0, 0.0, -0.0, -0.0, 0.0, 0.0, -1.0, 0.3, -0.0, -1.0, 0.0, 0.0, 0.0, 0.0, 0.0, 1.0],
                [-1.0, 0.0, -0.0, 0.0, 0.0, -0.0, -1.0, 0.3, -0.0, -1.0, -0.0, 0.0, 0.0, 0.0, 0.0, 1.0],
                [-1.0, 0.0, 0.0, 0.0, 0.0, -0.0, -1.0, 0.3, -0.0, -1.0, -0.0, 0.0, 0.0, 0.0, 0.0, 1.0],
                [-1.0, 0.0, -0.0, 0.0, 0.0, -0.0, -1.0, 0.3, -0.0, -1.0, -0.0, 0.0, 0.0, 0.0, 0.0, 1.0],
                [-1.0, 0.0, -0.0, 0.0, -0.0, -0.0, -1.0, 0.300001, -0.0, -1.0, 0.0, 0.0, 0.0, 0.0, 0.0, 1.0],
                [-1.0, 0.0, -0.0, -0.0, 0.0, -0.0, -1.0, 0.3, -0.0, -1.0, 0.0, 0.0, 0.0, 0.0, 0.0, 1.0],
                [-1.0, 0.0, 0.0, 0.0, -0.0, -0.0, -1.0, 0.3, -0.0, -1.0, -0.0, 0.0, 0.0, 0.0, 0.0, 1.0],
                [-1.0, 0.0, -0.0, -0.0, 0.0, -0.0, -1.0, 0.3, -0.0, -1.0, -0.0, 0.0, 0.0, 0.0, 0.0, 1.0],
                [-1.0, 0.0, 0.0, 0.0, 0.0, -0.0, -1.0, 0.3, -0.0, -1.0, -0.0, 0.0, 0.0, 0.0, 0.0, 1.0],
                [-1.0, 0.0, -0.0, 0.0, 0.0, 0.0, -1.0, 0.3, -0.0, -1.0, -0.0, 0.0, 0.0, 0.0, 0.0, 1.0],
                [-1.0, 0.0, -0.0, -0.0, 0.0, 0.0, -1.0, 0.3, -0.0, -1.0, 0.0, 0.0, 0.0, 0.0, 0.0, 1.0],
                [-1.0, 0.0, -0.0, 0.0, 0.0, 0.0, -1.0, 0.3, -0.0, -1.0, 0.0, 0.0, 0.0, 0.0, 0.0, 1.0],
                [-1.0, 0.0, -0.0, 0.0, 0.0, 0.0, -1.0, 0.3, -0.0, -1.0, 0.0, 0.0, 0.0, 0.0, 0.0, 1.0],
