{
    "animation": [
        {
            "name": "Root",
            "time": [0.0, 0.1667, 0.3333, 0.5, 0.6667, 0.8333, 1.0, 1.1, 1.5, 1.6333, 1.7667, 1.9, 2.0333, 2.1, 2.1667, 2.2333, 2.3, 2.6333, 2.8667, 3.1333, 3.2333, 3.3333, 3.4667, 3.6333, 3.8, 3.9667, 4.1333, 4.4667, 4.8, 5.0667],
            "transform": [
                [1.0, 0.0, 0.0, 0.0, 0.0, 0.0, -1.0, 0.0, -0.0, 1.0, 0.0, 0.470588, 0.0, 0.0, 0.0, 1.0],
                [1.0, 0.0, 0.0, -0.00697, 0.0, 0.0, -1.0, 0.173783, -0.0, 1.0, 0.0, 0.559987, 0.0, 0.0, 0.0, 1.0],
                [1.0, 0.0, 0.0, 0.042236, 0.0, 0.0, -1.0, 0.336729, -0.0, 1.0, 0.0, 0.602562, 0.0, 0.0, 0.0, 1.0],
                [1.0, 0.0, 0.0, 0.067473, 0.0, 0.0, -1.0, 0.757748, -0.0, 1.0, 0.0, 0.530508, 0.0, 0.0, 0.0, 1.0],
                [1.0, 0.0, 0.0, 0.268607, 0.0, 0.0, -1.0, 1.010995, -0.0, 1.0, 0.0, 0.298316, 0.0, 0.0, 0.0, 1.0],
                [1.0, 0.0, 0.0, 0.247222, 0.0, 0.0, -1.0, 0.963488, -0.0, 1.0, 0.0, 0.332022, 0.0, 0.0, 0.0, 1.0],
                [1.0, 0.0, 0.0, 0.214488, 0.0, 0.0, -1.0, 0.900176, -0.0, 1.0, 0.0, 0.332022, 0.0, 0.0, 0.0, 1.0],
                [1.0, 0.0, 0.0, 0.000864, 0.0, 0.0, -1.0, 0.743888, -0.0, 1.0, 0.0, 0.403364, 0.0, 0.0, 0.0, 1.0],
                [1.0, 0.0, 0.0, -0.05996, 0.0, 0.0, -1.0, 0.57315, -0.0, 1.0, 0.0, 0.408908, 0.0, 0.0, 0.0, 1.0],
                [1.0, 0.0, 0.0, -0.078084, 0.0, 0.0, -1.0, 0.570633, -0.0, 1.0, 0.0, 0.430991, 0.0, 0.0, 0.0, 1.0],
                [1.0, 0.0, 0.0, -0.058044, 0.0, 0.0, -1.0, 0.584084, -0.0, 1.0, 0.0, 0.452941, 0.0, 0.0, 0.0, 1.0],
                [1.0, 0.0, 0.0, -0.064656, 0.0, 0.0, -1.0, 0.66181, -0.0, 1.0, 0.0, 0.498817, 0.0, 0.0, 0.0, 1.0],
                [1.0, 0.0, 0.0, -0.040295, 0.0, 0.0, -1.0, 0.919148, -0.0, 1.0, 0.0, 0.491334, 0.0, 0.0, 0.0, 1.0],
                [1.0, 0.0, 0.0, -0.049047, 0.0, 0.0, -1.0, 0.979728, -0.0, 1.0, 0.0, 0.523834, 0.0, 0.0, 0.0, 1.0],
                [1.0, 0.0, 0.0, -0.057799, 0.0, 0.0, -1.0, 1.170344, -0.0, 1.0, 0.0, 0.525993, 0.0, 0.0, 0.0, 1.0],
                [1.0, 0.0, 0.0, -0.066551, 0.0, 0.0, -1.0, 1.438809, -0.0, 1.0, 0.0, 0.509713, 0.0, 0.0, 0.0, 1.0],
                [1.0, 0.0, 0.0, -0.075303, 0.0, 0.0, -1.0, 1.611913, -0.0, 1.0, 0.0, 0.476094, 0.0, 0.0, 0.0, 1.0],
                [1.0, 0.0, 0.0, -0.128277, 0.0, 0.0, -1.0, 1.679416, -0.0, 1.0, 0.0, 0.486329, 0.0, 0.0, 0.0, 1.0],
                [1.0, 0.0, 0.0, -0.068202, 0.0, 0.0, -1.0, 1.662321, -0.0, 1.0, 0.0, 0.468277, 0.0, 0.0, 0.0, 1.0],
                [1.0, 0.0, 0.0, -0.075115, 0.0, 0.0, -1.0, 1.532948, -0.0, 1.0, 0.0, 0.523039, 0.0, 0.0, 0.0, 1.0],
                [1.0, 0.0, 0.0, -0.074395, 0.0, 0.0, -1.0, 1.64845, -0.0, 1.0, 0.0, 0.551524, 0.0, 0.0, 0.0, 1.0],
                [1.0, 0.0, 0.0, -0.046705, 0.0, 0.0, -1.0, 1.75902, -0.0, 1.0, 0.0, 0.571346, 0.0, 0.0, 0.0, 1.0],
                [1.0, 0.0, 0.0, -0.053992, 0.0, 0.0, -1.0, 1.930846, -0.0, 1.0, 0.0, 0.59633, 0.0, 0.0, 0.0, 1.0],
                [1.0, 0.0, 0.0, -0.062711, 0.0, 0.0, -1.0, 2.023705, -0.0, 1.0, 0.0, 0.607065, 0.0, 0.0, 0.0, 1.0],
                [1.0, 0.0, 0.0, -0.067891, 0.0, 0.0, -1.0, 2.11416, -0.0, 1.0, 0.0, 0.624938, 0.0, 0.0, 0.0, 1.0],
                [1.0, 0.0, 0.0, -0.063844, 0.0, 0.0, -1.0, 2.201908, -0.0, 1.0, 0.0, 0.64645, 0.0, 0.0, 0.0, 1.0],
                [1.0, 0.0, 0.0, -0.077501, 0.0, 0.0, -1.0, 2.249476, -0.0, 1.0, 0.0, 0.668336, 0.0, 0.0, 0.0, 1.0],
                [1.0, 0.0, 0.0, -0.050109, 0.0, 0.0, -1.0, 2.176275, -0.0, 1.0, 0.0, 0.69164, 0.0, 0.0, 0.0, 1.0],
                [1.0, 0.0, 0.0, -0.039573, 0.0, 0.0, -1.0, 2.222656, -0.0, 1.0, 0.0, 0.691683, 0.0, 0.0, 0.0, 1.0],
                [1.0, 0.0, 0.0, -0.035058, 0.0, 0.0, -1.0, 2.228635, -0.0, 1.0, 0.0, 0.703681, 0.0, 0.0, 0.0, 1.0]
            ]
        },
        {
            "name": "Thigh_R",
            "time": [0.0, 0.1667, 0.3333, 0.5, 0.6667, 0.8333, 1.0, 1.1, 1.5, 1.6333, 1.7667, 1.9, 2.0333, 2.1, 2.1667, 2.2333, 2.3, 2.6333, 2.8667, 3.1333, 3.2333, 3.3333, 3.4667, 3.6333, 3.8, 3.9667, 4.1333, 4.4667, 4.8, 5.0667],
            "transform": [
                [0.441281, -0.27324, -0.854758, -0.024058, 0.564978, -0.655437, 0.501201, -0.002831, -0.697188, -0.70409, -0.134857, -0.028099, 0.0, 0.0, 0.0, 1.0],
                [0.76771, -0.104255, -0.63226, 0.001704, 0.304857, -0.808441, 0.503473, -0.008249, -0.563634, -0.57927, -0.588865, -0.066828, 0.0, 0.0, 0.0, 1.0],
                [0.965545, -0.026205, -0.258913, 0.027467, 0.070693, -0.931093, 0.357866, -0.013667, -0.25045, -0.363839, -0.89716, -0.105557, 0.0, 0.0, 0.0, 1.0],
                [0.860287, 0.20908, 0.464964, 0.090321, 0.247713, -0.968565, -0.022791, 0.012437, 0.445583, 0.134785, -0.885036, 0.092198, 0.0, 0.0, 0.0, 1.0],
                [-0.019562, 0.375086, 0.926784, -0.099708, 0.804496, -0.544477, 0.23734, 0.081433, 0.593635, 0.750237, -0.291104, 0.140427, 0.0, 0.0, 0.0, 1.0],
                [0.018372, 0.278674, 0.96021, -0.048388, 0.746283, -0.642937, 0.172316, 0.100071, 0.665374, 0.713423, -0.219782, 0.12732, 0.0, 0.0, 0.0, 1.0],
                [0.110761, 0.372677, 0.921327, -0.01522, 0.703624, -0.684104, 0.192131, 0.101281, 0.701887, 0.626987, -0.337997, 0.10485, 0.0, 0.0, 0.0, 1.0],
                [-0.133811, 0.686346, 0.714859, 0.077314, 0.527088, -0.561563, 0.637828, 0.065958, 0.83921, 0.462142, -0.286622, 0.101105, 0.0, 0.0, 0.0, 1.0],
                [-0.265543, 0.900649, 0.343975, 0.029634, 0.238194, -0.284435, 0.928633, 0.003671, 0.934211, 0.328525, -0.138999, 0.09736, 0.0, 0.0, 0.0, 1.0],
                [-0.504391, 0.827956, 0.245112, 0.042638, 0.062102, -0.248347, 0.966678, -0.012298, 0.86124, 0.502805, 0.073846, 0.11983, 0.0, 0.0, 0.0, 1.0],
                [-0.581848, 0.779191, 0.233054, 0.036136, 0.054123, -0.248822, 0.967036, -0.029046, 0.811495, 0.575282, 0.102605, 0.11983, 0.0, 0.0, 0.0, 1.0],
                [-0.297026, 0.850853, 0.433388, 0.057809, 0.299795, -0.347824, 0.888336, -0.055851, 0.906586, 0.393786, -0.151769, 0.138555, 0.0, 0.0, 0.0, 1.0],
                [0.658364, 0.290339, 0.694449, 0.124994, 0.593958, -0.767117, -0.242374, -0.002831, 0.462353, 0.572044, -0.677492, -1.1e-05, 0.0, 0.0, 0.0, 1.0],
                [0.886151, 0.390984, 0.248733, 0.092485, 0.432857, -0.890037, -0.143072, -0.001609, 0.165442, 0.234449, -0.957947, -0.034653, 0.0, 0.0, 0.0, 1.0],
                [0.896973, 0.254649, -0.361376, 0.059976, 0.307701, -0.946552, 0.096744, -0.000386, -0.317426, -0.197972, -0.927388, -0.069294, 0.0, 0.0, 0.0, 1.0],
                [0.611339, -0.106774, -0.784133, 0.027467, 0.313856, -0.876885, 0.364098, 0.000836, -0.72647, -0.468692, -0.502562, -0.103936, 0.0, 0.0, 0.0, 1.0],
                [0.246088, -0.456402, -0.855066, -0.005042, 0.415433, -0.747386, 0.518488, 0.002058, -0.875703, -0.482816, 0.005682, -0.138577, 0.0, 0.0, 0.0, 1.0],
                [0.068901, -0.421041, -0.904421, -0.03417, 0.455068, -0.793499, 0.40407, 0.004659, -0.887787, -0.439414, 0.136929, -0.149812, 0.0, 0.0, 0.0, 1.0],
                [0.192738, -0.451761, -0.871071, 0.009522, 0.523154, -0.703716, 0.480722, 0.001538, -0.830158, -0.548358, 0.100707, -0.127342, 0.0, 0.0, 0.0, 1.0],
                [0.860223, -0.046436, -0.507799, 0.124994, 0.430689, -0.466971, 0.772299, -0.029046, -0.27299, -0.883053, -0.381699, -0.033716, 0.0, 0.0, 0.0, 1.0],
                [0.971398, 0.049605, -0.232218, 0.124994, 0.227419, -0.475673, 0.849715, -0.013317, -0.06831, -0.878222, -0.473349, -0.013493, 0.0, 0.0, 0.0, 1.0],
                [0.987253, 0.158267, 0.016851, 0.124994, 0.071614, -0.536265, 0.841006, -0.002831, 0.14214, -0.829078, -0.540764, -1.1e-05, 0.0, 0.0, 0.0, 1.0],
                [0.917684, 0.316533, 0.24013, 0.124994, 0.054237, -0.698534, 0.713518, -0.002831, 0.393591, -0.641761, -0.658202, -1.1e-05, 0.0, 0.0, 0.0, 1.0],
                [0.876164, 0.376218, 0.301325, 0.124994, 0.118209, -0.773757, 0.622355, -0.002831, 0.467294, -0.509666, -0.722411, -1.1e-05, 0.0, 0.0, 0.0, 1.0],
                [0.796153, 0.429537, 0.426191, 0.124994, 0.188748, -0.845485, 0.499529, -0.002831, 0.574904, -0.317259, -0.75421, -1.1e-05, 0.0, 0.0, 0.0, 1.0],
                [0.639331, 0.429212, 0.637992, 0.124994, 0.275088, -0.902469, 0.331474, -0.002831, 0.718041, -0.036417, -0.695047, -1.1e-05, 0.0, 0.0, 0.0, 1.0],
                [0.531707, 0.399724, 0.746665, 0.124994, 0.32876, -0.909895, 0.252995, -0.002831, 0.780515, 0.110954, -0.615211, -1.1e-05, 0.0, 0.0, 0.0, 1.0],
                [0.584549, 0.340386, 0.736505, 0.124994, 0.226189, -0.940122, 0.254969, -0.002831, 0.779192, 0.017547, -0.626539, -1.1e-05, 0.0, 0.0, 0.0, 1.0],
                [0.58775, 0.282018, 0.758298, 0.124994, 0.250406, -0.954666, 0.160962, -0.002831, 0.769316, 0.095277, -0.631725, -1.1e-05, 0.0, 0.0, 0.0, 1.0],
                [0.589239, 0.231011, 0.77423, 0.124994, 0.263977, -0.96071, 0.085748, -0.002831, 0.763619, 0.153852, -0.627069, -1.1e-05, 0.0, 0.0, 0.0, 1.0]
            ]
        },
        {
            "name": "Leg_R",
            "time": [0.0, 0.1667, 0.3333, 0.5, 0.6667, 0.8333, 1.0, 1.1, 1.5, 1.6333, 1.7667, 1.9, 2.0333, 2.1, 2.1667, 2.2333, 2.3, 2.6333, 2.8667, 3.1333, 3.2333, 3.3333, 3.4667, 3.6333, 3.8, 3.9667, 4.1333, 4.4667, 4.8, 5.0667],
            "transform": [
                [1.0, -0.0, -0.0, 0.0, 0.0, 0.256535, 0.966535, 0.37472, -0.0, -0.966535, 0.256535, -0.0, 0.0, 0.0, 0.0, 1.0],
                [1.0, -0.0, 0.0, 0.0, 0.0, 0.322, 0.94674, 0.37472, -0.0, -0.94674, 0.322, -0.0, 0.0, 0.0, 0.0, 1.0],
                [1.0, -0.0, 0.0, 0.0, 0.0, 0.38596, 0.922516, 0.37472, -0.0, -0.922516, 0.38596, -0.0, 0.0, 0.0, 0.0, 1.0],
                [1.0, -0.0, 0.0, 0.0, 0.0, 0.591429, 0.806357, 0.37472, -0.0, -0.806357, 0.591429, 0.0, 0.0, 0.0, 0.0, 1.0],
                [1.0, -0.0, 0.0, -0.0, -0.0, 0.652163, 0.758079, 0.37472, -0.0, -0.758079, 0.652163, -0.0, 0.0, 0.0, 0.0, 1.0],
                [1.0, -0.0, 0.0, 0.0, -0.0, 0.75851, 0.651661, 0.37472, -0.0, -0.651661, 0.75851, 0.0, 0.0, 0.0, 0.0, 1.0],
                [1.0, -0.0, 0.0, -0.0, 0.0, 0.587392, 0.809303, 0.37472, -0.0, -0.809303, 0.587392, 0.0, 0.0, 0.0, 0.0, 1.0],
                [1.0, -0.0, 0.0, 0.0, -0.0, 0.24639, 0.969171, 0.37472, -0.0, -0.969171, 0.24639, -0.0, 0.0, 0.0, 0.0, 1.0],
                [1.0, 0.0, 0.0, -0.0, -0.0, -0.12956, 0.991572, 0.37472, 0.0, -0.991572, -0.12956, 0.0, 0.0, 0.0, 0.0, 1.0],
                [1.0, 0.0, 0.0, 0.0, -0.0, -0.177301, 0.984157, 0.37472, 0.0, -0.984157, -0.177301, 0.0, 0.0, 0.0, 0.0, 1.0],
                [1.0, 0.0, 0.0, -0.0, -0.0, -0.157249, 0.987559, 0.37472, 0.0, -0.987559, -0.157249, -0.0, 0.0, 0.0, 0.0, 1.0],
                [1.0, 0.0, 0.0, -0.0, -0.0, 0.008506, 0.999964, 0.37472, 0.0, -0.999964, 0.008506, 0.0, 0.0, 0.0, 0.0, 1.0],
                [1.0, 0.0, -0.0, 0.0, -0.0, 0.9147, 0.404134, 0.37472, 0.0, -0.404134, 0.9147, 0.0, 0.0, 0.0, 0.0, 1.0],
                [1.0, 0.0, 0.0, 0.0, -0.0, 0.762115, 0.647441, 0.37472, 0.0, -0.647441, 0.762115, -0.0, 0.0, 0.0, 0.0, 1.0],
                [1.0, 0.0, 0.0, -0.0, -0.0, 0.535669, 0.844428, 0.37472, 0.0, -0.844428, 0.535669, 0.0, 0.0, 0.0, 0.0, 1.0],
                [1.0, 0.0, 0.0, -0.0, -0.0, 0.26097, 0.965347, 0.37472, 0.0, -0.965347, 0.26097, 0.0, 0.0, 0.0, 0.0, 1.0],
                [1.0, 0.0, 0.0, -0.0, -0.0, -0.024162, 0.999708, 0.37472, 0.0, -0.999708, -0.024161, 0.0, 0.0, 0.0, 0.0, 1.0],
                [1.0, 0.0, 0.0, -0.0, -0.0, 0.008334, 0.999965, 0.37472, 0.0, -0.999965, 0.008334, -0.0, 0.0, 0.0, 0.0, 1.0],
                [1.0, 0.0, 0.0, 0.0, -0.0, -0.001143, 0.999999, 0.37472, 0.0, -0.999999, -0.001143, -0.0, 0.0, 0.0, 0.0, 1.0],
                [1.0, 0.0, 0.0, -0.0, -0.0, 0.712472, 0.701701, 0.37472, 0.0, -0.701701, 0.712472, 0.0, 0.0, 0.0, 0.0, 1.0],
                [1.0, 0.0, 0.0, 0.0, -0.0, 0.570577, 0.821244, 0.37472, 0.0, -0.821244, 0.570577, -0.0, 0.0, 0.0, 0.0, 1.0],
                [1.0, 0.0, 0.0, 0.0, -0.0, 0.445, 0.89553, 0.37472, 0.0, -0.89553, 0.445, -0.0, 0.0, 0.0, 0.0, 1.0],
                [1.0, 0.0, 0.0, -0.0, -0.0, 0.363572, 0.931566, 0.37472, 0.0, -0.931566, 0.363572, 0.0, 0.0, 0.0, 0.0, 1.0],
                [1.0, 0.0, 0.0, -0.0, -0.0, 0.352889, 0.935665, 0.37472, 0.0, -0.935665, 0.352889, 0.0, 0.0, 0.0, 0.0, 1.0],
                [1.0, 0.0, -0.0, 0.0, -0.0, 0.446868, 0.8946, 0.37472, 0.0, -0.8946, 0.446868, -0.0, 0.0, 0.0, 0.0, 1.0],
                [1.0, 0.0, 0.0, 0.0, -0.0, 0.674793, 0.738008, 0.37472, 0.0, -0.738007, 0.674793, 0.0, 0.0, 0.0, 0.0, 1.0],
                [1.0, 0.0, -0.0, 0.0, -0.0, 0.807942, 0.589262, 0.37472, 0.0, -0.589262, 0.807942, 0.0, 0.0, 0.0, 0.0, 1.0],
                [1.0, 0.0, 0.0, -0.0, -0.0, 0.827325, 0.561724, 0.37472, 0.0, -0.561724, 0.827325, 0.0, 0.0, 0.0, 0.0, 1.0],
                [1.0, 0.0, -0.0, -0.0, -0.0, 0.888637, 0.458611, 0.37472, 0.0, -0.458611, 0.888637, -0.0, 0.0, 0.0, 0.0, 1.0],
                [1.0, 0.0, -0.0, -0.0, -0.0, 0.932201, 0.361941, 0.37472, 0.0, -0.361941, 0.932201, -0.0, 0.0, 0.0, 0.0, 1.0]
            ]
        },
        {
            "name": "Knee_R",
            "time": [0.0, 0.1667, 0.3333, 0.5, 0.6667, 0.8333, 1.0, 1.1, 1.5, 1.6333, 1.7667, 1.9, 2.0333, 2.1, 2.1667, 2.2333, 2.3, 2.6333, 2.8667, 3.1333, 3.2333, 3.3333, 3.4667, 3.6333, 3.8, 3.9667, 4.1333, 4.4667, 4.8, 5.0667],
            "transform": [
                [1.0, -0.0, -1e-06, 0.0, -0.0, 0.0, -1.0, 0.37472, 0.0, 1.0, 0.0, -0.0, 0.0, 0.0, 0.0, 1.0],
                [1.0, -0.0, -0.0, 0.0, -1e-06, 0.0, -1.0, 0.37472, 0.0, 1.0, 0.0, -0.0, 0.0, 0.0, 0.0, 1.0],
                [1.0, -0.0, -0.0, 0.0, -0.0, 0.0, -1.0, 0.37472, 0.0, 1.0, 0.0, -0.0, 0.0, 0.0, 0.0, 1.0],
                [1.0, -0.0, -1e-06, 0.0, -0.0, 0.0, -1.0, 0.37472, 0.0, 1.0, 0.0, 0.0, 0.0, 0.0, 0.0, 1.0],
                [1.0, -0.0, -0.0, 0.0, -1e-06, 0.0, -1.0, 0.37472, 0.0, 1.0, 0.0, 0.0, 0.0, 0.0, 0.0, 1.0],
                [1.0, -0.0, -0.0, 0.0, -0.0, 0.0, -1.0, 0.37472, 0.0, 1.0, 0.0, 0.0, 0.0, 0.0, 0.0, 1.0],
                [1.0, -0.0, -0.0, 0.0, -0.0, 0.0, -1.0, 0.37472, 0.0, 1.0, 0.0, 0.0, 0.0, 0.0, 0.0, 1.0],
                [1.0, -0.0, -0.0, 0.0, -0.0, 0.0, -1.0, 0.37472, 0.0, 1.0, 0.0, -0.0, 0.0, 0.0, 0.0, 1.0],
                [1.0, -0.0, -1e-06, -0.0, -0.0, 0.0, -1.0, 0.37472, 0.0, 1.0, 0.0, 0.0, 0.0, 0.0, 0.0, 1.0],
                [1.0, -0.0, -0.0, 0.0, -0.0, 0.0, -1.0, 0.37472, 0.0, 1.0, 0.0, 0.0, 0.0, 0.0, 0.0, 1.0],
                [1.0, -0.0, -0.0, -0.0, -0.0, 0.0, -1.0, 0.37472, 0.0, 1.0, 0.0, -0.0, 0.0, 0.0, 0.0, 1.0],
                [1.0, -0.0, -1e-06, -0.0, -1e-06, 0.0, -1.0, 0.37472, 0.0, 1.0, 0.0, 0.0, 0.0, 0.0, 0.0, 1.0],
                [1.0, -0.0, -1e-06, 0.0, -0.0, 0.0, -1.0, 0.37472, 0.0, 1.0, 0.0, 0.0, 0.0, 0.0, 0.0, 1.0],
                [1.0, -0.0, -0.0, 0.0, -0.0, 0.0, -1.0, 0.37472, 0.0, 1.0, 0.0, -0.0, 0.0, 0.0, 0.0, 1.0],
                [1.0, -0.0, -0.0, -0.0, -0.0, 0.0, -1.0, 0.37472, 0.0, 1.0, 0.0, 0.0, 0.0, 0.0, 0.0, 1.0],
                [1.0, -0.0, -0.0, -0.0, -0.0, 0.0, -1.0, 0.37472, 0.0, 1.0, 0.0, 0.0, 0.0, 0.0, 0.0, 1.0],
                [1.0, -0.0, -0.0, -0.0, -0.0, 0.0, -1.0, 0.37472, 0.0, 1.0, 0.0, 0.0, 0.0, 0.0, 0.0, 1.0],
                [1.0, -0.0, -0.0, -0.0, -0.0, 0.0, -1.0, 0.37472, 0.0, 1.0, 0.0, -0.0, 0.0, 0.0, 0.0, 1.0],
                [1.0, -0.0, -1e-06, 0.0, -0.0, 0.0, -1.0, 0.37472, 0.0, 1.0, 0.0, -0.0, 0.0, 0.0, 0.0, 1.0],
                [1.0, -0.0, -0.0, -0.0, -0.0, 0.0, -1.0, 0.37472, 0.0, 1.0, 0.0, 0.0, 0.0, 0.0, 0.0, 1.0],
                [1.0, -0.0, -0.0, 0.0, -0.0, 0.0, -1.0, 0.37472, 0.0, 1.0, 0.0, -0.0, 0.0, 0.0, 0.0, 1.0],
                [1.0, -0.0, -0.0, 0.0, -0.0, 0.0, -1.0, 0.37472, 0.0, 1.0, 0.0, -0.0, 0.0, 0.0, 0.0, 1.0],
                [1.0, -0.0, -0.0, -0.0, -0.0, 0.0, -1.0, 0.37472, 0.0, 1.0, 0.0, 0.0, 0.0, 0.0, 0.0, 1.0],
                [1.0, -0.0, -0.0, -0.0, -0.0, 0.0, -1.0, 0.37472, 0.0, 1.0, 0.0, 0.0, 0.0, 0.0, 0.0, 1.0],
                [1.0, -0.0, -0.0, 0.0, -0.0, 0.0, -1.0, 0.37472, 0.0, 1.0, 0.0, -0.0, 0.0, 0.0, 0.0, 1.0],
                [1.0, -0.0, -0.0, 0.0, -0.0, 0.0, -1.0, 0.37472, 0.0, 1.0, 0.0, 0.0, 0.0, 0.0, 0.0, 1.0],
                [1.0, -0.0, -0.0, 0.0, -0.0, 0.0, -1.0, 0.37472, 0.0, 1.0, 0.0, 0.0, 0.0, 0.0, 0.0, 1.0],
                [1.0, -0.0, -0.0, -0.0, -1e-06, 0.0, -1.0, 0.37472, 0.0, 1.0, 0.0, 0.0, 0.0, 0.0, 0.0, 1.0],
                [1.0, -0.0, -0.0, -0.0, -0.0, 0.0, -1.0, 0.37472, 0.0, 1.0, 0.0, -0.0, 0.0, 0.0, 0.0, 1.0],
                [1.0, -0.0, -0.0, -0.0, -0.0, 0.0, -1.0, 0.37472, 0.0, 1.0, 0.0, -0.0, 0.0, 0.0, 0.0, 1.0]
            ]
        },
        {
            "name": "Thigh_L",
            "time": [0.0, 0.1667, 0.3333, 0.5, 0.6667, 0.8333, 1.0, 1.1, 1.5, 1.6333, 1.7667, 1.9, 2.0333, 2.1, 2.1667, 2.2333, 2.3, 2.6333, 2.8667, 3.1333, 3.2333, 3.3333, 3.4667, 3.6333, 3.8, 3.9667, 4.1333, 4.4667, 4.8, 5.0667],
            "transform": [
                [-0.062184, -0.413931, -0.908182, -0.00631, -0.649381, -0.674218, 0.351758, 0.004622, -0.757916, 0.61163, -0.226874, 0.078485, 0.0, 0.0, 0.0, 1.0],
                [0.236054, -0.350862, -0.906186, -0.058577, -0.663316, -0.739666, 0.1136, 0.020401, -0.710134, 0.574273, -0.407334, 0.047298, 0.0, 0.0, 0.0, 1.0],
                [0.514737, -0.268292, -0.814289, -0.110845, -0.602807, -0.788625, -0.121217, 0.03618, -0.609647, 0.553254, -0.567663, 0.016111, 0.0, 0.0, 0.0, 1.0],
                [0.970825, 0.192188, 0.143399, -0.11111, 0.060503, -0.774996, 0.629063, -0.001674, 0.232032, -0.602034, -0.764013, -0.03256, 0.0, 0.0, 0.0, 1.0],
                [0.04439, 0.952576, 0.301045, -0.099935, -0.555489, -0.226927, 0.79996, 0.000877, 0.830338, -0.202738, 0.519072, -0.07194, 0.0, 0.0, 0.0, 1.0],
                [0.192708, 0.958883, 0.208343, -0.099935, -0.417811, -0.111931, 0.901613, 0.000877, 0.887861, -0.260796, 0.379062, -0.026376, 0.0, 0.0, 0.0, 1.0],
                [0.323723, 0.915793, 0.237752, -0.099935, -0.464776, -0.064957, 0.883042, 0.000877, 0.824128, -0.396363, 0.404611, -0.026376, 0.0, 0.0, 0.0, 1.0],
                [0.503808, 0.561794, 0.656175, -0.062008, -0.588076, -0.333343, 0.736919, -0.002374, 0.632728, -0.757146, 0.162436, -0.026376, 0.0, 0.0, 0.0, 1.0],
                [0.528187, 0.018584, 0.848925, -0.024081, -0.751983, -0.45411, 0.477812, -0.005625, 0.394385, -0.890752, -0.22588, -0.026376, 0.0, 0.0, 0.0, 1.0],
                [0.289459, -0.074323, 0.954301, 0.043104, -0.809571, -0.550933, 0.202652, -0.027297, 0.510694, -0.831233, -0.219643, -0.026376, 0.0, 0.0, 0.0, 1.0],
                [0.115287, -0.119799, 0.986082, 0.037469, -0.79534, -0.605854, 0.019381, -0.022963, 0.595099, -0.786505, -0.165128, -0.026376, 0.0, 0.0, 0.0, 1.0],
                [0.366151, 0.059946, 0.928623, 0.014496, -0.741159, -0.584636, 0.329975, -0.042468, 0.562687, -0.809078, -0.169635, -0.026376, 0.0, 0.0, 0.0, 1.0],
                [0.94167, -0.095379, 0.32274, -0.099935, -0.329693, -0.453888, 0.827821, 0.000877, 0.067531, -0.88594, -0.458858, -0.026376, 0.0, 0.0, 0.0, 1.0],
                [0.830065, -0.55585, 0.044971, -0.091093, -0.357843, -0.469051, 0.807428, -0.006145, -0.427715, -0.68631, -0.58825, -0.026376, 0.0, 0.0, 0.0, 1.0],
                [0.361571, -0.87332, -0.326463, -0.08225, -0.401052, -0.461787, 0.791145, -0.013167, -0.841679, -0.155127, -0.517216, -0.026376, 0.0, 0.0, 0.0, 1.0],
                [-0.263898, -0.779694, -0.567833, -0.073408, -0.434727, -0.429374, 0.791612, -0.020189, -0.861028, 0.455758, -0.225644, -0.026376, 0.0, 0.0, 0.0, 1.0],
                [-0.685499, -0.428326, -0.588751, -0.064565, -0.444051, -0.394872, 0.804297, -0.027211, -0.576983, 0.812781, 0.080485, -0.026376, 0.0, 0.0, 0.0, 1.0],
                [-0.709852, -0.426219, -0.560756, 0.009295, -0.397508, -0.41481, 0.818486, -0.020345, -0.581461, 0.80391, 0.125028, 0.05227, 0.0, 0.0, 0.0, 1.0],
                [-0.660507, -0.457379, -0.595429, -0.062485, -0.434086, -0.414439, 0.799881, -0.005989, -0.612617, 0.786794, 0.075198, 0.048525, 0.0, 0.0, 0.0, 1.0],
                [0.494083, -0.643039, -0.585135, -0.099935, -0.605568, -0.73745, 0.29909, -0.044063, -0.623834, 0.206564, -0.753765, 0.056015, 0.0, 0.0, 0.0, 1.0],
                [0.820495, -0.424132, -0.383274, -0.099935, -0.438959, -0.89695, 0.052865, -0.017099, -0.3662, 0.124866, -0.92212, 0.006581, 0.0, 0.0, 0.0, 1.0],
                [0.969198, -0.198633, -0.145606, -0.099935, -0.215449, -0.970242, -0.110505, 0.000877, -0.119323, 0.138472, -0.983152, -0.026376, 0.0, 0.0, 0.0, 1.0],
                [0.999151, -0.010535, 0.039833, -0.099935, -0.00087, -0.971937, -0.235238, 0.000877, 0.041194, 0.235004, -0.971121, -0.026376, 0.0, 0.0, 0.0, 1.0],
                [0.990554, -0.021299, 0.13546, -0.099935, -0.021746, -0.999762, 0.001821, 0.000877, 0.135389, -0.004749, -0.990781, -0.026376, 0.0, 0.0, 0.0, 1.0],
                [0.958829, 0.036102, 0.281681, -0.099935, -0.081432, -0.915281, 0.394498, 0.000877, 0.272059, -0.401194, -0.874658, -0.026376, 0.0, 0.0, 0.0, 1.0],
                [0.849479, 0.134499, 0.510192, -0.099935, -0.245707, -0.754872, 0.608108, 0.000877, 0.46692, -0.641933, -0.6082, -0.026376, 0.0, 0.0, 0.0, 1.0],
                [0.781457, 0.026018, 0.623417, -0.099935, -0.325075, -0.835846, 0.442366, 0.000877, 0.53259, -0.548347, -0.64472, -0.026376, 0.0, 0.0, 0.0, 1.0],
                [0.870352, -0.040178, 0.490789, -0.099935, -0.256991, -0.887233, 0.383108, 0.000877, 0.420052, -0.459567, -0.782531, -0.026376, 0.0, 0.0, 0.0, 1.0],
                [0.887587, -0.049897, 0.45793, -0.099935, -0.230213, -0.909113, 0.347154, 0.000877, 0.398988, -0.413551, -0.818404, -0.026376, 0.0, 0.0, 0.0, 1.0],
                [0.89331, -0.046855, 0.446992, -0.099935, -0.213769, -0.919145, 0.330869, 0.000877, 0.395348, -0.391121, -0.831098, -0.026376, 0.0, 0.0, 0.0, 1.0]
            ]
        },
        {
            "name": "Leg_L",
            "time": [0.0, 0.1667, 0.3333, 0.5, 0.6667, 0.8333, 1.0, 1.1, 1.5, 1.6333, 1.7667, 1.9, 2.0333, 2.1, 2.1667, 2.2333, 2.3, 2.6333, 2.8667, 3.1333, 3.2333, 3.3333, 3.4667, 3.6333, 3.8, 3.9667, 4.1333, 4.4667, 4.8, 5.0667],
            "transform": [
                [1.0, -0.0, -0.0, 0.0, 0.0, 0.521582, 0.853201, 0.37472, -0.0, -0.853201, 0.521582, 0.0, 0.0, 0.0, 0.0, 1.0],
                [1.0, -0.0, 0.0, -0.0, 0.0, 0.760168, 0.649726, 0.37472, -0.0, -0.649726, 0.760168, -0.0, 0.0, 0.0, 0.0, 1.0],
                [1.0, -0.0, 0.0, 0.0, 0.0, 0.924011, 0.382366, 0.37472, -0.0, -0.382366, 0.924011, -0.0, 0.0, 0.0, 0.0, 1.0],
                [1.0, -0.0, -0.0, -0.0, 0.0, -0.298465, 0.954421, 0.37472, -0.0, -0.954421, -0.298465, -0.0, 0.0, 0.0, 0.0, 1.0],
                [1.0, -0.0, 0.0, -0.0, -0.0, -0.541615, 0.840627, 0.37472, 0.0, -0.840627, -0.541615, -0.0, 0.0, 0.0, 0.0, 1.0],
                [1.0, -0.0, -0.0, 0.0, 0.0, -0.452798, 0.891613, 0.37472, -0.0, -0.891613, -0.452798, 0.0, 0.0, 0.0, 0.0, 1.0],
                [1.0, -0.0, -0.0, -0.0, 0.0, -0.372678, 0.927961, 0.37472, -0.0, -0.927961, -0.372678, -0.0, 0.0, 0.0, 0.0, 1.0],
                [1.0, -0.0, -0.0, 0.0, 0.0, 0.166049, 0.986117, 0.37472, -0.0, -0.986117, 0.166049, -0.0, 0.0, 0.0, 0.0, 1.0],
                [1.0, -0.0, 0.0, -0.0, -0.0, 0.656021, 0.754742, 0.37472, -0.0, -0.754742, 0.656022, 0.0, 0.0, 0.0, 0.0, 1.0],
                [1.0, 0.0, 0.0, 0.0, -0.0, 0.801765, 0.597639, 0.37472, -0.0, -0.597639, 0.801765, -0.0, 0.0, 0.0, 0.0, 1.0],
                [1.0, 0.0, 0.0, 0.0, -0.0, 0.852385, 0.522915, 0.37472, -0.0, -0.522915, 0.852385, 0.0, 0.0, 0.0, 0.0, 1.0],
                [1.0, 0.0, 0.0, 0.0, -0.0, 0.578304, 0.815821, 0.37472, -0.0, -0.815821, 0.578304, -0.0, 0.0, 0.0, 0.0, 1.0],
                [1.0, 0.0, 0.0, -0.0, -0.0, 0.031323, 0.999509, 0.37472, 0.0, -0.999509, 0.031323, -0.0, 0.0, 0.0, 0.0, 1.0],
                [1.0, -0.0, 0.0, 0.0, -0.0, 0.25398, 0.967209, 0.37472, -0.0, -0.967209, 0.25398, -0.0, 0.0, 0.0, 0.0, 1.0],
                [1.0, -0.0, 0.0, 0.0, -0.0, 0.469126, 0.883131, 0.37472, -0.0, -0.883131, 0.469126, -0.0, 0.0, 0.0, 0.0, 1.0],
                [1.0, -0.0, 0.0, 0.0, -0.0, 0.65924, 0.751932, 0.37472, -0.0, -0.751932, 0.65924, 0.0, 0.0, 0.0, 0.0, 1.0],
                [1.0, -0.0, 0.0, -0.0, -0.0, 0.810657, 0.585522, 0.37472, -0.0, -0.585522, 0.810657, 0.0, 0.0, 0.0, 0.0, 1.0],
                [1.0, 0.0, 0.0, 0.0, -0.0, 0.821283, 0.570521, 0.37472, -0.0, -0.570521, 0.821283, -0.0, 0.0, 0.0, 0.0, 1.0],
                [1.0, -0.0, 0.0, -0.0, -0.0, 0.780145, 0.625599, 0.37472, -0.0, -0.625599, 0.780145, 0.0, 0.0, 0.0, 0.0, 1.0],
                [1.0, 0.0, 0.0, -0.0, -0.0, 0.337698, 0.941254, 0.37472, -0.0, -0.941254, 0.337698, -0.0, 0.0, 0.0, 0.0, 1.0],
                [1.0, 0.0, 0.0, -0.0, -0.0, 0.468322, 0.883558, 0.37472, -0.0, -0.883558, 0.468322, -0.0, 0.0, 0.0, 0.0, 1.0],
                [1.0, 0.0, 0.0, -0.0, -0.0, 0.563617, 0.826036, 0.37472, -0.0, -0.826036, 0.563617, -0.0, 0.0, 0.0, 0.0, 1.0],
                [1.0, 0.0, 0.0, -0.0, -0.0, 0.615721, 0.787964, 0.37472, -0.0, -0.787964, 0.615721, -0.0, 0.0, 0.0, 0.0, 1.0],
                [1.0, -0.0, 0.0, 0.0, -0.0, 0.267139, 0.963658, 0.37472, -0.0, -0.963658, 0.267139, 0.0, 0.0, 0.0, 0.0, 1.0],
                [1.0, -0.0, 0.0, -0.0, -0.0, 0.032428, 0.999474, 0.37472, -0.0, -0.999474, 0.032428, 0.0, 0.0, 0.0, 0.0, 1.0],
                [1.0, -0.0, 0.0, -0.0, -0.0, 0.294299, 0.955713, 0.37472, 0.0, -0.955713, 0.294299, -0.0, 0.0, 0.0, 0.0, 1.0],
                [1.0, 0.0, 0.0, -0.0, -0.0, 0.797399, 0.603452, 0.37472, -0.0, -0.603453, 0.797399, -0.0, 0.0, 0.0, 0.0, 1.0],
                [1.0, 0.0, 0.0, 0.0, -0.0, 0.845847, 0.533426, 0.37472, -0.0, -0.533426, 0.845847, 0.0, 0.0, 0.0, 0.0, 1.0],
                [1.0, 0.0, 0.0, 0.0, -0.0, 0.860444, 0.509546, 0.37472, -0.0, -0.509546, 0.860443, -0.0, 0.0, 0.0, 0.0, 1.0],
                [1.0, 0.0, 0.0, -0.0, -0.0, 0.862423, 0.506189, 0.37472, -0.0, -0.506189, 0.862423, -0.0, 0.0, 0.0, 0.0, 1.0]
            ]
        },
        {
            "name": "Knee_L",
            "time": [0.0, 0.1667, 0.3333, 0.5, 0.6667, 0.8333, 1.0, 1.1, 1.5, 1.6333, 1.7667, 1.9, 2.0333, 2.1, 2.1667, 2.2333, 2.3, 2.6333, 2.8667, 3.1333, 3.2333, 3.3333, 3.4667, 3.6333, 3.8, 3.9667, 4.1333, 4.4667, 4.8, 5.0667],
            "transform": [
                [1.0, -0.0, -1e-06, 0.0, -0.0, 0.0, -1.0, 0.37472, 0.0, 1.0, 0.0, 0.0, 0.0, 0.0, 0.0, 1.0],
                [1.0, -0.0, -1e-06, -0.0, -1e-06, 0.0, -1.0, 0.37472, 0.0, 1.0, 0.0, -0.0, 0.0, 0.0, 0.0, 1.0],
                [1.0, -0.0, -0.0, 0.0, -0.0, 0.0, -1.0, 0.37472, 0.0, 1.0, 0.0, -0.0, 0.0, 0.0, 0.0, 1.0],
                [1.0, -0.0, -0.0, -0.0, -0.0, 0.0, -1.0, 0.37472, 0.0, 1.0, 0.0, -0.0, 0.0, 0.0, 0.0, 1.0],
                [1.0, -0.0, -0.0, -0.0, -0.0, 0.0, -1.0, 0.37472, 0.0, 1.0, 0.0, -0.0, 0.0, 0.0, 0.0, 1.0],
                [1.0, -0.0, -0.0, 0.0, -0.0, 0.0, -1.0, 0.37472, 0.0, 1.0, 0.0, 0.0, 0.0, 0.0, 0.0, 1.0],
                [1.0, -0.0, -0.0, -0.0, -0.0, 0.0, -1.0, 0.37472, 0.0, 1.0, 0.0, -0.0, 0.0, 0.0, 0.0, 1.0],
                [1.0, -0.0, -0.0, 0.0, -0.0, 0.0, -1.0, 0.37472, 0.0, 1.0, 0.0, -0.0, 0.0, 0.0, 0.0, 1.0],
                [1.0, -0.0, -0.0, -0.0, -0.0, 0.0, -1.0, 0.37472, 0.0, 1.0, 0.0, 0.0, 0.0, 0.0, 0.0, 1.0],
                [1.0, -0.0, -0.0, 0.0, -0.0, 0.0, -1.0, 0.37472, 0.0, 1.0, 0.0, -0.0, 0.0, 0.0, 0.0, 1.0],
                [1.0, -0.0, -0.0, 0.0, -0.0, 0.0, -1.0, 0.37472, 0.0, 1.0, 0.0, 0.0, 0.0, 0.0, 0.0, 1.0],
                [1.0, -0.0, -1e-06, 0.0, -0.0, 0.0, -1.0, 0.37472, 0.0, 1.0, 0.0, -0.0, 0.0, 0.0, 0.0, 1.0],
                [1.0, -0.0, -0.0, -0.0, -0.0, 0.0, -1.0, 0.37472, 0.0, 1.0, 0.0, -0.0, 0.0, 0.0, 0.0, 1.0],
                [1.0, -0.0, -1e-06, 0.0, -0.0, 0.0, -1.0, 0.37472, 0.0, 1.0, 0.0, -0.0, 0.0, 0.0, 0.0, 1.0],
                [1.0, -0.0, -0.0, 0.0, -0.0, 0.0, -1.0, 0.37472, 0.0, 1.0, 0.0, -0.0, 0.0, 0.0, 0.0, 1.0],
                [1.0, -0.0, -0.0, 0.0, -1e-06, 0.0, -1.0, 0.37472, 0.0, 1.0, 0.0, 0.0, 0.0, 0.0, 0.0, 1.0],
                [1.0, -0.0, -0.0, -0.0, -0.0, 0.0, -1.0, 0.37472, 0.0, 1.0, 0.0, 0.0, 0.0, 0.0, 0.0, 1.0],
                [1.0, -0.0, -0.0, 0.0, -0.0, 0.0, -1.0, 0.37472, 0.0, 1.0, 0.0, -0.0, 0.0, 0.0, 0.0, 1.0],
                [1.0, -0.0, -1e-06, -0.0, -0.0, 0.0, -1.0, 0.37472, 0.0, 1.0, 0.0, 0.0, 0.0, 0.0, 0.0, 1.0],
                [1.0, -0.0, -1e-06, -0.0, -0.0, 0.0, -1.0, 0.37472, 0.0, 1.0, 0.0, -0.0, 0.0, 0.0, 0.0, 1.0],
                [1.0, -0.0, -0.0, -0.0, -0.0, 0.0, -1.0, 0.37472, 0.0, 1.0, 0.0, -0.0, 0.0, 0.0, 0.0, 1.0],
                [1.0, -0.0, -0.0, -0.0, -0.0, 0.0, -1.0, 0.37472, 0.0, 1.0, 0.0, -0.0, 0.0, 0.0, 0.0, 1.0],
                [1.0, -0.0, -0.0, -0.0, -0.0, 0.0, -1.0, 0.37472, 0.0, 1.0, 0.0, -0.0, 0.0, 0.0, 0.0, 1.0],
                [1.0, -0.0, -0.0, 0.0, -0.0, 0.0, -1.0, 0.37472, 0.0, 1.0, 0.0, 0.0, 0.0, 0.0, 0.0, 1.0],
                [1.0, -0.0, -0.0, -0.0, -0.0, 0.0, -1.0, 0.37472, 0.0, 1.0, 0.0, 0.0, 0.0, 0.0, 0.0, 1.0],
                [1.0, -0.0, -0.0, -0.0, -0.0, 0.0, -1.0, 0.37472, 0.0, 1.0, 0.0, -0.0, 0.0, 0.0, 0.0, 1.0],
                [1.0, -0.0, -0.0, -0.0, -0.0, 0.0, -1.0, 0.37472, 0.0, 1.0, 0.0, -0.0, 0.0, 0.0, 0.0, 1.0],
                [1.0, -0.0, -0.0, 0.0, -0.0, 0.0, -1.0, 0.37472, 0.0, 1.0, 0.0, 0.0, 0.0, 0.0, 0.0, 1.0],
                [1.0, -0.0, -0.0, 0.0, -0.0, 0.0, -1.0, 0.37472, 0.0, 1.0, 0.0, -0.0, 0.0, 0.0, 0.0, 1.0],
                [1.0, -0.0, -0.0, -0.0, -0.0, 0.0, -1.0, 0.37472, 0.0, 1.0, 0.0, -0.0, 0.0, 0.0, 0.0, 1.0]
            ]
        },
        {
            "name": "Torso",
            "time": [0.0, 0.1667, 0.3333, 0.5, 0.6667, 0.8333, 1.0, 1.1, 1.5, 1.6333, 1.7667, 1.9, 2.0333, 2.1, 2.1667, 2.2333, 2.3, 2.6333, 2.8667, 3.1333, 3.2333, 3.3333, 3.4667, 3.6333, 3.8, 3.9667, 4.1333, 4.4667, 4.8, 5.0667],
            "transform": [
                [0.03683, 0.383499, 0.922807, -0.0, -0.16354, 0.913297, -0.37302, 0.05, -0.985849, -0.137178, 0.096354, 0.0, 0.0, 0.0, 0.0, 1.0],
                [0.448142, 0.433941, 0.781578, 0.0, -0.161068, 0.899171, -0.406877, 0.05, -0.879333, 0.056451, 0.47285, -0.0, 0.0, 0.0, 0.0, 1.0],
                [0.774735, 0.396616, 0.492424, -0.0, -0.17404, 0.882482, -0.436962, 0.05, -0.607861, 0.252829, 0.752717, 0.0, 0.0, 0.0, 0.0, 1.0],
                [0.892535, 0.089606, -0.441986, 0.0, 0.050072, 0.954312, 0.294587, 0.05, 0.44819, -0.28506, 0.84727, 0.0, 0.0, 0.0, 0.0, 1.0],
                [-0.386919, -0.029543, -0.921641, 0.0, 0.658795, 0.690481, -0.298706, 0.05, 0.6452, -0.722747, -0.247697, 0.0, 0.0, 0.0, 0.0, 1.0],
                [-0.21453, -0.037976, -0.975979, 0.0, 0.702345, 0.688396, -0.181168, 0.05, 0.67874, -0.72434, -0.121009, 0.0, 0.0, 0.0, 0.0, 1.0],
                [-0.075874, -0.097965, -0.992293, 0.0, 0.681821, 0.721049, -0.123321, 0.05, 0.727573, -0.685924, 0.012086, 0.0, 0.0, 0.0, 0.0, 1.0],
                [0.08729, 0.071688, -0.9936, 0.0, 0.454584, 0.88464, 0.103763, 0.05, 0.886417, -0.460732, 0.044632, 0.0, 0.0, 0.0, 0.0, 1.0],
                [0.19319, 0.275403, -0.941717, 0.0, 0.161894, 0.937695, 0.307439, 0.05, 0.967713, -0.211853, 0.136568, 0.0, 0.0, 0.0, 0.0, 1.0],
                [-0.047294, 0.208259, -0.97693, -0.0, 0.18074, 0.963665, 0.196681, 0.05, 0.982393, -0.167268, -0.083216, 0.0, 0.0, 0.0, 0.0, 1.0],
                [-0.153032, 0.113051, -0.981734, -0.0, 0.184283, 0.979274, 0.084042, 0.05, 0.970887, -0.168056, -0.170693, 0.0, 0.0, 0.0, 0.0, 1.0],
                [0.113504, 0.058773, -0.991798, -0.0, 0.238252, 0.967512, 0.0846, 0.05, 0.964548, -0.2459, 0.095814, 0.0, 0.0, 0.0, 0.0, 1.0],
                [0.845426, -0.018827, -0.53376, -0.0, 0.196902, 0.939971, 0.27872, 0.05, 0.496471, -0.340736, 0.798383, 0.0, 0.0, 0.0, 0.0, 1.0],
                [0.994529, -0.087026, -0.057787, 0.0, 0.098185, 0.967606, 0.232591, 0.05, 0.035673, -0.236992, 0.970856, 0.0, 0.0, 0.0, 0.0, 1.0],
                [0.849672, -0.088499, 0.519832, 0.0, 0.028795, 0.992132, 0.121839, 0.05, -0.526524, -0.088555, 0.845535, 0.0, 0.0, 0.0, 0.0, 1.0],
                [0.409702, -0.004273, 0.91221, -0.0, 0.034506, 0.999346, -0.010817, 0.05, -0.911567, 0.035909, 0.409581, 0.0, 0.0, 0.0, 0.0, 1.0],
                [-0.073901, 0.111259, 0.99104, -0.0, 0.096801, 0.989865, -0.103909, 0.05, -0.992556, 0.088255, -0.083922, 0.0, 0.0, 0.0, 0.0, 1.0],
                [-0.188475, 0.074978, 0.979212, 0.0, -0.1217, 0.987613, -0.099046, 0.05, -0.974508, -0.137837, -0.177015, 0.0, 0.0, 0.0, 0.0, 1.0],
                [-0.101194, 0.079817, 0.99166, -0.0, -0.142826, 0.985286, -0.093879, 0.05, -0.984561, -0.151135, -0.088305, 0.0, 0.0, 0.0, 0.0, 1.0],
                [0.810102, 0.107984, 0.576259, -0.0, 0.072411, 0.956939, -0.281114, 0.05, -0.581801, 0.269458, 0.767398, 0.0, 0.0, 0.0, 0.0, 1.0],
                [0.980866, -0.011051, 0.194372, 0.0, 0.040971, 0.987746, -0.150594, 0.05, -0.190326, 0.155676, 0.969299, 0.0, 0.0, 0.0, 0.0, 1.0],
                [0.98306, -0.061101, -0.172802, 0.0, 0.05946, 0.998123, -0.014663, 0.05, 0.173373, 0.00414, 0.984847, 0.0, 0.0, 0.0, 0.0, 1.0],
                [0.875614, -0.031265, -0.481998, -0.0, 0.121377, 0.980124, 0.156922, 0.05, 0.467511, -0.195907, 0.862006, 0.0, 0.0, 0.0, 0.0, 1.0],
                [0.842761, -0.010683, -0.538181, 0.0, 0.126307, 0.975814, 0.178418, 0.05, 0.523259, -0.21834, 0.823728, 0.0, 0.0, 0.0, 0.0, 1.0],
                [0.781142, -0.00231, -0.624349, 0.0, 0.120852, 0.981641, 0.147569, 0.05, 0.612546, -0.190726, 0.76708, 0.0, 0.0, 0.0, 0.0, 1.0],
                [0.646136, -0.013202, -0.763108, 0.0, 0.099691, 0.992744, 0.067236, 0.05, 0.756684, -0.119518, 0.642764, 0.0, 0.0, 0.0, 0.0, 1.0],
                [0.565315, -0.036259, -0.824078, 0.0, 0.072036, 0.997387, 0.005532, 0.05, 0.821724, -0.06249, 0.56645, 0.0, 0.0, 0.0, 0.0, 1.0],
                [0.684169, -0.064469, -0.726469, -0.0, 0.059539, 0.997698, -0.032466, 0.05, 0.72689, -0.02104, 0.686432, 0.0, 0.0, 0.0, 0.0, 1.0],
                [0.699898, -0.067945, -0.711004, -0.0, 0.031868, 0.997444, -0.063947, 0.05, 0.713532, 0.022098, 0.700274, 0.0, 0.0, 0.0, 0.0, 1.0],
                [0.701234, -0.067462, -0.709732, 0.0, 0.007342, 0.996143, -0.087433, 0.05, 0.712894, 0.0561, 0.699025, 0.0, 0.0, 0.0, 0.0, 1.0]
            ]
        },
        {
            "name": "Chest",
            "time": [0.0, 0.1667, 0.3333, 0.5, 0.6667, 0.8333, 1.0, 1.1, 1.5, 1.6333, 1.7667, 1.9, 2.0333, 2.1, 2.1667, 2.2333, 2.3, 2.6333, 2.8667, 3.1333, 3.2333, 3.3333, 3.4667, 3.6333, 3.8, 3.9667, 4.1333, 4.4667, 4.8, 5.0667],
            "transform": [
                [0.876782, 0.036627, 0.479491, -0.0, -0.111422, 0.985434, 0.128468, 0.3, -0.467801, -0.166065, 0.868092, 0.0, 0.0, 0.0, 0.0, 1.0],
                [0.953843, -0.032684, 0.298521, 0.0, 0.012808, 0.997583, 0.068296, 0.3, -0.300031, -0.06132, 0.951956, 0.0, 0.0, 0.0, 0.0, 1.0],
                [0.986315, -0.12073, 0.112279, -0.0, 0.123199, 0.992264, -0.015293, 0.3, -0.109564, 0.028916, 0.993559, 0.0, 0.0, 0.0, 0.0, 1.0],
                [0.941643, 0.203678, 0.268, 0.0, -0.158255, 0.970559, -0.181576, 0.3, -0.297093, 0.128568, 0.946154, -0.0, 0.0, 0.0, 0.0, 1.0],
                [0.942228, 0.170379, -0.288406, 0.0, -0.019612, 0.887565, 0.460265, 0.3, 0.334398, -0.428018, 0.83963, -0.0, 0.0, 0.0, 0.0, 1.0],
                [0.74326, 0.233722, -0.626849, -0.0, 0.391427, 0.607942, 0.690791, 0.3, 0.54254, -0.758802, 0.360373, 0.0, 0.0, 0.0, 0.0, 1.0],
                [0.764891, 0.219706, -0.605533, 0.0, 0.383989, 0.599243, 0.702467, 0.3, 0.517198, -0.769829, 0.373991, 0.0, 0.0, 0.0, 0.0, 1.0],
                [0.831082, 0.222243, -0.509814, 0.0, 0.147737, 0.795529, 0.587629, 0.3, 0.536168, -0.563686, 0.628316, 0.0, 0.0, 0.0, 0.0, 1.0],
                [0.875867, 0.257282, -0.408244, -0.0, -0.086317, 0.915897, 0.392024, 0.3, 0.47477, -0.308122, 0.824412, 0.0, 0.0, 0.0, 0.0, 1.0],
                [0.809643, 0.284943, -0.513114, 0.0, -0.047982, 0.903452, 0.425995, 0.3, 0.584958, -0.320284, 0.745146, -0.0, 0.0, 0.0, 0.0, 1.0],
                [0.77195, 0.293766, -0.563732, -0.0, -0.026865, 0.901098, 0.432783, 0.3, 0.635115, -0.318942, 0.703495, 0.0, 0.0, 0.0, 0.0, 1.0],
                [0.876995, 0.235581, -0.418785, 0.0, -0.083606, 0.933083, 0.349808, 0.3, 0.473169, -0.271767, 0.838006, -0.0, 0.0, 0.0, 0.0, 1.0],
                [0.990115, 0.138704, 0.020812, 0.0, -0.14017, 0.983769, 0.112035, 0.3, -0.004935, -0.113844, 0.993486, -0.0, 0.0, 0.0, 0.0, 1.0],
                [0.99484, 0.085809, 0.054139, -0.0, -0.091323, 0.989804, 0.109308, 0.3, -0.044208, -0.113688, 0.992532, 0.0, 0.0, 0.0, 0.0, 1.0],
                [0.995625, 0.032623, 0.087564, 0.0, -0.042063, 0.993236, 0.108225, 0.3, -0.083441, -0.111435, 0.990263, -0.0, 0.0, 0.0, 0.0, 1.0],
                [0.992454, -0.020538, 0.120886, -0.0, 0.007319, 0.994037, 0.108798, 0.3, -0.1224, -0.107092, 0.986686, 0.0, 0.0, 0.0, 0.0, 1.0],
                [0.985358, -0.073359, 0.153909, 0.0, 0.056529, 0.992209, 0.111017, 0.3, -0.160854, -0.100692, 0.981828, 0.0, 0.0, 0.0, 0.0, 1.0],
                [0.997496, 0.003649, 0.070627, 0.0, -0.011993, 0.99293, 0.118094, 0.3, -0.069696, -0.118646, 0.990488, 0.0, 0.0, 0.0, 0.0, 1.0],
                [0.996337, 0.022135, -0.082594, -0.0, -0.010964, 0.991012, 0.133324, 0.3, 0.084803, -0.13193, 0.987625, 0.0, 0.0, 0.0, 0.0, 1.0],
                [0.954857, 0.055101, -0.29191, 0.0, -0.015907, 0.990721, 0.134976, 0.3, 0.296639, -0.124239, 0.946874, 0.0, 0.0, 0.0, 0.0, 1.0],
                [0.902371, 0.085787, -0.422335, -0.0, -0.015677, 0.985873, 0.16676, 0.3, 0.430674, -0.143858, 0.890968, -0.0, 0.0, 0.0, 0.0, 1.0],
                [0.841588, 0.114137, -0.527922, 0.0, -0.010632, 0.980729, 0.195085, 0.3, 0.540015, -0.158568, 0.826583, 0.0, 0.0, 0.0, 0.0, 1.0],
                [0.773001, 0.141342, -0.618459, -0.0, 0.000843, 0.974636, 0.223796, 0.3, 0.634404, -0.173516, 0.753276, -0.0, 0.0, 0.0, 0.0, 1.0],
                [0.777453, 0.128728, -0.615627, 0.0, 0.011647, 0.975715, 0.218733, 0.3, 0.628833, -0.177225, 0.757073, 0.0, 0.0, 0.0, 0.0, 1.0],
                [0.829305, 0.109521, -0.547959, 0.0, 0.006786, 0.978559, 0.205855, 0.3, 0.558755, -0.174435, 0.810781, 0.0, 0.0, 0.0, 0.0, 1.0],
                [0.910902, 0.087642, -0.403208, 0.0, -0.014094, 0.983221, 0.181873, 0.3, 0.412382, -0.159985, 0.896853, -0.0, 0.0, 0.0, 0.0, 1.0],
                [0.969074, 0.053377, -0.24093, 0.0, -0.01577, 0.987727, 0.155394, 0.3, 0.246267, -0.146789, 0.958022, 0.0, 0.0, 0.0, 0.0, 1.0],
                [0.996873, -0.058806, 0.052783, -0.0, 0.052025, 0.991197, 0.121741, 0.3, -0.059477, -0.118614, 0.991157, -0.0, 0.0, 0.0, 0.0, 1.0],
                [0.993156, -0.076008, -0.088683, -0.0, 0.081746, 0.994662, 0.062973, 0.3, 0.083423, -0.069792, 0.994067, 0.0, 0.0, 0.0, 0.0, 1.0],
                [0.961219, -0.076486, -0.264967, 0.0, 0.082772, 0.996489, 0.012625, 0.3, 0.263071, -0.034067, 0.964175, 0.0, 0.0, 0.0, 0.0, 1.0]
            ]
        },
        {
            "name": "Head",
            "time": [0.0, 0.1667, 0.3333, 0.5, 0.6667, 0.8333, 1.0, 1.1, 1.5, 1.6333, 1.7667, 1.9, 2.0333, 2.1, 2.1667, 2.2333, 2.3, 2.6333, 2.8667, 3.1333, 3.2333, 3.3333, 3.4667, 3.6333, 3.8, 3.9667, 4.1333, 4.4667, 4.8, 5.0667],
            "transform": [
                [0.206188, -0.019533, -0.978318, 0.0, -0.158754, 0.985887, -0.053142, 0.4, 0.965548, 0.166269, 0.200177, 0.0, 0.0, 0.0, 0.0, 1.0],
                [0.589498, 0.082897, -0.803505, 0.0, -0.026634, 0.996174, 0.083234, 0.4, 0.807331, -0.027666, 0.58945, 0.0, 0.0, 0.0, 0.0, 1.0],
                [0.874068, 0.094151, -0.476594, 0.0, 0.037548, 0.965013, 0.2595, 0.4, 0.484351, -0.244716, 0.839951, 0.0, 0.0, 0.0, 0.0, 1.0],
                [0.986776, 0.062385, 0.149604, 0.0, -0.064275, 0.997901, 0.007822, 0.4, -0.148802, -0.017335, 0.988715, 0.0, 0.0, 0.0, 0.0, 1.0],
                [0.792517, 0.216584, 0.570095, -0.0, -0.224556, 0.972769, -0.057398, 0.4, -0.567002, -0.082529, 0.819571, -0.0, 0.0, 0.0, 0.0, 1.0],
